16 0 0 3 0 7030.0 56235.0 18353.188 508 510 19919.600 4 5 1 .000 [] 0
17 0 0 5 0 7199.0 50981.0 18919.472 510 510 13814.857 0 5 1 .000 [] 16973
20 0 0 6 0 7199.0 49896.0 19908.882 510 512 6683.750 0 6 2 .000 [] 27359
22 0 0 9 0 7199.0 49896.0 19868.974 510 514 12821.455 0 6 2 .000 [] 38959
25 0 0 13 1 7393.0 50981.0 20486.175 504 514 13204.400 0 7 2 8.000 [25:15] 22826
27 0 0 19 1 7393.0 50981.0 20364.634 504 516 13294.238 0 8 2 8.000 [] 29125
29 0 0 22 1 7393.0 50981.0 20331.606 504 518 6142.625 0 8 2 8.000 [] 35752
31 0 0 24 1 7377.0 50537.0 20230.458 504 518 3999.000 0 9 2 8.000 [] 44488
31 0 0 26 3 7377.0 50537.0 20191.343 498 519 3475.750 0 9 2 9.000 [25:25-6:28] 12395
31 0 0 28 3 7377.0 50537.0 20116.238 498 519 3237.067 0 8 2 9.000 [] 20847
32 0 0 28 3 7377.0 50537.0 20116.238 498 520 151.967 0 9 2 9.000 [] 32703
33 0 0 29 3 7360.0 50092.0 20027.088 498 521 1726.871 0 9 2 9.000 [] 41908
36 0 0 30 3 7360.0 50092.0 20000.459 493 523 1669.656 0 10 2 9.000 [] 48877
40 0 0 32 3 7360.0 50092.0 19944.336 493 523 3005.735 0 10 2 9.000 [] 59481
44 0 0 32 3 7360.0 50092.0 19971.600 493 523 148.353 0 10 2 9.000 [] 66825
46 0 0 33 3 7580.0 50092.0 20702.389 493 522 1395.514 0 10 2 9.000 [] 77509
45 0 0 34 3 7177.0 49078.0 19301.005 493 518 1374.056 0 9 2 9.000 [] 83024
43 0 0 38 3 7173.0 48938.0 19220.578 491 517 4530.800 0 10 2 9.000 [] 89804
46 0 0 40 7 7169.0 48787.0 19158.400 490 517 1972.595 0 10 2 8.857 [33:24-6:22-31:37-3:21] 5484
44 0 0 42 7 7165.0 48658.0 19106.257 488 516 1977.705 0 9 2 8.857 [] 10848
44 0 0 43 7 7166.0 48691.0 19102.902 488 518 1225.578 0 9 2 8.857 [] 17519
49 0 0 43 7 7165.0 48637.0 19642.616 488 518 155.156 0 9 2 8.857 [] 24428
50 0 0 43 8 7161.0 48518.0 19619.219 488 516 154.822 0 10 2 8.625 [9:24] 7387
49 0 0 45 8 7156.0 48336.0 19545.702 483 516 1960.383 0 10 2 8.625 [] 12620
52 0 0 48 8 7155.0 48293.0 19490.715 483 514 2576.400 0 10 2 8.625 [] 24390
57 0 0 51 9 7154.0 48260.0 19456.691 483 514 2456.906 0 10 3 8.444 [32:23] 6723
64 0 0 52 9 7155.0 48271.0 19449.334 483 514 912.981 0 10 3 8.444 [] 16678
63 0 0 53 9 7325.0 48228.0 20015.073 478 515 905.109 0 10 3 8.444 [] 22080
68 0 0 56 9 7320.0 47600.0 19943.843 478 515 2505.000 0 10 3 8.444 [] 30557
71 0 0 57 9 7320.0 47600.0 19933.749 478 515 841.373 0 11 3 8.444 [] 37086
74 0 0 58 10 7316.0 47457.0 19886.573 478 514 916.167 0 11 3 8.500 [24:18] 23609
76 0 0 58 11 7311.0 47313.0 19856.225 473 513 122.467 0 11 3 9.091 [14:40] 18195
79 0 0 59 11 7312.0 47357.0 20370.998 473 511 819.230 0 11 3 9.091 [] 27565
76 0 0 59 11 7312.0 47357.0 20365.067 473 511 128.410 0 13 3 9.091 [] 35158
77 0 0 59 12 7309.0 47249.0 20332.519 473 512 128.197 0 13 3 9.167 [23:16] 21926
82 0 0 59 12 7302.0 47034.0 20266.169 468 512 127.852 0 13 3 9.167 [] 27936
85 0 0 61 12 7299.0 46926.0 20213.212 468 511 1526.222 0 13 3 9.167 [] 34796
89 0 0 61 13 7299.0 46926.0 20212.211 468 512 123.825 0 12 3 9.077 [33:25] 21112
93 0 0 61 13 7295.0 46819.0 20179.200 468 513 123.524 0 12 4 9.077 [] 33064
97 0 0 61 14 7288.0 46603.0 20113.623 463 513 123.381 0 12 4 9.143 [23:15] 22065
100 0 0 61 15 7285.0 46496.0 20081.444 463 513 123.222 0 11 4 9.600 [15:41] 12421
103 0 0 62 15 7726.0 53481.0 21507.054 463 513 855.047 0 11 4 9.600 [] 18764
107 0 0 64 16 7726.0 53481.0 21469.420 463 511 1362.439 0 12 4 9.875 [2:27] 2749
107 0 0 64 16 7726.0 53481.0 21426.977 458 511 124.364 0 11 4 9.875 [] 12237
114 0 0 65 16 7707.0 53050.0 21343.458 460 510 729.418 0 12 4 9.875 [] 21554
120 0 0 66 16 7273.0 46108.0 19906.050 460 511 723.368 0 11 4 9.875 [] 30366
130 0 0 66 16 7271.0 46057.0 19890.383 458 511 127.456 0 11 5 9.875 [] 36544
138 0 0 68 16 7270.0 46005.0 19857.349 458 513 1280.457 0 12 5 9.875 [] 43074
141 0 0 68 18 7457.0 47203.0 20449.879 458 513 130.500 0 12 5 9.556 [35:23-30:26] 5109
144 0 0 69 18 7457.0 47203.0 20453.848 458 513 769.690 0 12 5 9.556 [] 14808
146 0 0 70 19 7451.0 47080.0 20415.794 453 514 629.917 0 12 5 9.421 [33:23] 539
144 0 0 70 19 7265.0 45879.0 19775.166 453 514 146.361 0 12 5 9.421 [] 7028
153 0 0 72 19 7265.0 45850.0 19750.674 453 514 1187.014 0 12 5 9.421 [] 15046
149 0 0 72 19 7265.0 45879.0 19759.480 453 514 142.176 0 11 5 9.421 [] 25981
160 0 0 72 19 7264.0 45836.0 19746.337 448 514 141.811 0 11 5 9.421 [] 34596
163 0 0 74 19 7260.0 45692.0 19687.557 448 510 1135.079 0 12 6 9.421 [] 46182
169 0 0 74 19 7260.0 45721.0 19696.246 448 511 137.737 0 12 6 9.421 [] 55630
164 0 0 75 19 7255.0 45563.0 19279.583 448 511 602.130 0 11 6 9.421 [] 60965
171 0 0 75 19 7254.0 45506.0 19263.417 443 511 141.818 0 11 6 9.421 [] 66160
180 0 0 75 19 7254.0 45506.0 19261.956 443 511 141.714 0 11 6 9.421 [] 71519
191 0 0 75 19 7137.0 45520.0 18863.569 443 511 147.844 0 11 6 9.421 [] 82797
194 0 0 75 19 7135.0 45604.0 18859.148 443 508 153.571 0 11 6 9.421 [] 89046
201 0 0 76 19 7135.0 46277.0 19315.092 438 508 574.051 0 12 7 9.421 [] 94808
216 0 0 77 19 7134.0 46184.0 19286.273 438 508 649.823 0 12 7 9.421 [] 106056
223 0 0 78 23 7134.0 46184.0 19264.958 438 508 640.488 0 12 7 8.870 [34:25-14:30-38:18-15:32] 918
230 0 0 79 23 7135.0 45999.0 19240.758 438 509 632.617 0 12 7 8.870 [] 8748
237 0 0 81 23 7138.0 45907.0 19229.172 433 510 1154.398 0 12 8 8.870 [] 18062
245 0 0 82 23 7137.0 45851.0 19205.950 435 509 669.798 0 16 8 8.870 [] 26688
251 0 0 83 23 7254.0 45851.0 19589.997 433 510 641.906 0 15 8 8.870 [] 36584
254 0 0 86 24 7404.0 45973.0 20041.846 433 511 1579.045 0 14 8 8.750 [10:23] 15717
262 0 0 86 24 7404.0 45973.0 20038.831 433 511 149.364 0 13 8 8.750 [] 27697
263 0 0 87 25 7398.0 45825.0 19986.862 430 510 642.753 0 12 8 8.840 [22:16] 20352
269 0 0 87 25 7397.0 45810.0 19984.868 428 509 147.461 0 11 9 8.840 [] 26218
279 0 0 88 25 7589.0 50296.0 20550.946 428 508 584.089 0 12 9 8.840 [] 33828
285 0 0 88 25 7589.0 50296.0 20551.856 428 508 155.100 0 12 9 8.840 [] 41789
281 0 0 88 25 7589.0 50296.0 20929.701 428 507 160.378 0 11 9 8.840 [] 48723
293 0 0 88 27 7571.0 49866.0 20871.202 423 509 160.333 0 15 9 9.000 [24:17-46:17] 20417
301 0 0 91 28 7571.0 49866.0 20812.512 423 508 1385.828 0 15 9 9.107 [21:13] 16331
305 0 0 91 28 7571.0 49866.0 20824.978 423 508 154.989 0 14 10 9.107 [] 23071
318 0 0 94 28 7571.0 49866.0 20813.669 423 509 1366.333 0 13 10 9.107 [] 34652
333 0 0 95 28 7552.0 49435.0 20733.974 418 509 535.701 0 14 10 9.107 [] 41671
340 0 0 95 29 7552.0 49435.0 20724.861 418 509 148.443 0 14 10 9.069 [32:25] 23383
347 0 0 97 29 7552.0 49435.0 20707.081 418 509 1011.859 0 14 11 9.069 [] 28567
357 0 0 98 30 7552.0 49435.0 20716.768 418 510 516.260 0 14 11 9.167 [21:15] 22472
359 0 0 99 30 7534.0 49005.0 20636.225 413 510 467.931 0 13 11 9.167 [] 30986
379 0 0 100 30 7534.0 49005.0 20653.974 413 511 551.490 0 13 11 9.167 [] 41296
381 0 0 101 31 7769.0 48747.0 21320.493 413 511 550.311 0 13 12 9.129 [34:24] 25795
386 0 0 102 31 7769.0 48747.0 21317.862 413 513 495.000 0 13 12 9.129 [] 33179
393 0 0 102 31 7759.0 48532.0 21290.368 408 513 143.135 0 14 12 9.129 [] 40224
400 0 0 102 31 7756.0 48489.0 20920.648 408 514 156.837 0 14 13 9.129 [] 45598
418 3 1 102 31 7756.0 48489.0 20928.042 408 515 157.010 0 14 13 9.129 [] 56245
424 3 1 104 31 7756.0 48489.0 20571.369 408 515 891.651 0 15 13 9.129 [] 65305
440 3 1 105 31 7747.0 48295.0 20539.810 403 516 558.411 0 15 13 9.129 [] 71833
458 6 2 107 31 7741.0 48187.0 20515.520 403 516 880.606 0 16 14 9.129 [] 81120
468 6 2 108 33 7741.0 48187.0 20506.984 403 516 529.873 0 15 14 8.939 [38:14-40:13] 35877
487 9 4 110 33 7736.0 48080.0 20486.247 403 517 896.982 0 16 15 8.939 [] 44587
508 9 4 110 33 7725.0 47865.0 20465.344 398 519 154.821 0 16 15 8.939 [] 50730
520 9 4 112 33 7720.0 47757.0 20437.258 398 520 823.281 0 16 16 8.939 [] 59539
535 12 5 113 33 7720.0 47757.0 20442.884 398 520 503.757 0 17 16 8.939 [] 65361
547 12 6 113 33 7715.0 47649.0 20441.906 398 520 151.339 0 16 16 8.939 [] 71941
550 12 6 113 33 7705.0 50210.0 21250.809 394 522 155.304 0 16 16 8.939 [] 82472
552 15 7 113 33 7704.0 50239.0 21252.276 394 523 155.496 0 16 17 8.939 [] 89655
559 15 7 114 35 7431.0 50296.0 21273.724 397 523 509.095 0 15 16 8.743 [34:21-27:16] 23852
580 15 7 114 35 7434.0 50210.0 20884.374 396 525 166.793 0 15 17 8.743 [] 32160
602 15 7 114 35 7441.0 50210.0 20909.435 395 525 170.957 0 15 18 8.743 [] 37208
627 18 8 118 35 7597.0 50468.0 21374.630 399 526 1534.108 0 16 19 8.743 [] 42761
647 18 8 119 36 7312.0 50490.0 20512.704 400 526 449.909 0 16 19 8.667 [39:15] 25391
671 18 8 119 36 7313.0 50382.0 20503.196 401 528 172.240 0 16 20 8.667 [] 37341
681 21 9 120 36 7316.0 50361.0 20511.367 403 528 512.148 0 16 20 8.667 [] 46696
692 18 7 121 36 7316.0 50361.0 20500.832 403 528 508.764 0 16 20 8.667 [] 54817
715 18 7 124 36 7317.0 50404.0 20486.549 404 529 1204.397 0 16 21 8.667 [] 64379
748 21 9 125 36 7319.0 50339.0 20484.978 405 531 464.370 0 17 22 8.667 [] 70733
771 21 10 125 36 7322.0 50274.0 20489.295 406 532 165.276 0 17 23 8.667 [] 80216
791 54 32 127 38 7323.0 50447.0 20500.771 406 533 739.674 0 17 23 8.553 [16:30-30:25] 33142
805 72 40 127 38 7328.0 50468.0 20522.310 408 534 167.147 0 17 24 8.553 [] 42873
811 72 40 129 38 7625.0 51122.0 21873.364 408 535 778.916 0 18 24 8.553 [] 53271
809 78 44 133 38 8031.0 51174.0 22900.475 408 536 1462.007 0 18 25 8.553 [] 59512
822 75 42 135 38 7646.0 51630.0 21950.590 408 536 842.818 0 18 24 8.553 [] 64889
841 78 43 138 40 7647.0 51644.0 21927.908 408 538 1044.014 0 18 24 8.525 [22:31-26:25] 18735
843 93 45 140 40 7647.0 51644.0 21924.588 403 538 719.908 0 17 25 8.525 [] 28479
858 98 55 144 40 7651.0 47759.0 21473.517 403 539 1300.829 0 18 25 8.525 [] 37200
881 107 54 144 40 7661.0 47840.0 22012.379 403 540 171.699 0 17 25 8.525 [] 42346
918 113 56 144 40 7663.0 47877.0 22029.996 403 541 171.973 0 17 27 8.525 [] 48699
931 123 65 146 42 7669.0 47936.0 22050.957 398 543 739.264 0 18 27 8.571 [23:17-12:34] 9611
942 130 69 148 42 7352.0 47988.0 21076.777 398 544 706.447 0 17 27 8.571 [] 14612
968 127 68 149 42 7353.0 48062.0 21084.161 398 545 419.298 0 18 28 8.571 [] 26174
1005 140 80 149 42 7357.0 48159.0 21121.821 398 546 170.960 0 18 29 8.571 [] 38028
1039 149 91 151 42 7357.0 50124.0 21482.661 394 547 731.340 0 18 30 8.571 [] 47304
1048 152 94 151 42 7361.0 50210.0 21516.716 396 547 172.281 0 19 31 8.571 [] 57608
1073 161 105 153 42 7674.0 50244.0 22459.078 398 549 698.342 0 19 31 8.571 [] 68538
1089 165 106 155 42 7678.0 49202.0 21234.317 399 548 739.191 0 19 32 8.571 [] 79715
1117 184 113 156 45 7681.0 49273.0 21252.234 400 550 417.728 0 20 33 8.689 [35:26-8:25-0:31] 9250
1147 193 119 159 45 7683.0 49355.0 20840.762 401 552 845.646 0 20 33 8.689 [] 15736
1160 196 122 159 45 7685.0 49474.0 20862.755 403 553 183.969 0 20 34 8.689 [] 23707
1203 220 134 161 46 7387.0 49703.0 19985.861 403 555 732.779 0 21 35 8.696 [24:16] 14317
1245 239 141 162 46 8331.0 49860.0 22449.133 403 555 459.207 0 22 36 8.696 [] 21095
1260 242 141 165 47 8331.0 49876.0 22420.867 403 556 994.156 0 22 37 8.660 [28:23] 493
1286 267 156 166 47 8331.0 49927.0 22418.491 403 558 486.119 0 21 37 8.660 [] 10034
1317 261 160 168 47 8302.0 49950.0 22326.099 398 558 644.900 0 21 38 8.660 [] 15401
1334 295 174 169 47 7549.0 50091.0 20470.846 398 560 445.912 0 22 39 8.660 [] 26986
1368 329 186 171 48 7558.0 50130.0 20903.747 398 560 745.734 0 22 40 8.625 [31:26] 7452
1411 326 195 176 48 7560.0 50173.0 20866.594 398 562 1417.680 0 23 41 8.625 [] 14124
1456 339 203 177 48 7562.0 50248.0 20878.257 394 564 421.832 0 23 41 8.625 [] 23621
1489 356 208 178 48 7563.0 50306.0 20877.582 394 564 420.089 0 23 43 8.625 [] 31689
1536 384 222 179 49 7566.0 50408.0 20900.051 394 566 327.337 0 24 45 8.592 [9:25] 8613
1574 393 227 180 49 7570.0 50506.0 20930.230 394 566 326.143 0 24 46 8.592 [] 15825
1607 415 237 181 49 7737.0 50612.0 21418.642 390 567 392.448 0 25 46 8.592 [] 26969
1646 419 248 184 49 8634.0 50749.0 22940.003 392 569 768.554 0 25 47 8.592 [] 35763
1696 457 266 187 49 8634.0 50869.0 22926.780 392 570 906.947 0 24 48 8.592 [] 43530
1724 486 276 188 49 8634.0 50981.0 22940.442 392 571 401.147 0 25 50 8.592 [] 52473
1787 508 291 191 49 8607.0 51086.0 22872.782 388 573 727.109 0 25 52 8.592 [] 62574
1840 522 301 192 49 8607.0 51212.0 22873.099 388 575 394.737 0 25 53 8.592 [] 72701
1853 542 313 195 51 8607.0 51291.0 23780.616 388 575 767.980 0 26 53 8.627 [37:25-27:23] 22192
1891 562 324 197 51 7601.0 51452.0 20588.992 388 576 591.307 0 26 55 8.627 [] 31785
1932 591 346 199 51 7604.0 51521.0 20186.744 384 578 544.075 0 26 57 8.627 [] 39431
1978 599 353 200 51 7956.0 51620.0 23767.183 385 579 455.158 0 26 56 8.627 [] 47091
2021 636 366 202 52 7967.0 49911.0 24314.702 387 581 533.309 0 27 59 8.577 [27:22] 19471
2068 652 384 205 52 7970.0 50012.0 24316.113 387 582 846.623 0 27 59 8.577 [] 31432
2110 680 409 207 52 7976.0 50073.0 24352.837 389 584 629.742 0 28 62 8.577 [] 37285
2167 726 437 207 52 8394.0 50199.0 25321.145 391 585 204.809 0 28 61 8.577 [] 46960
2197 757 451 208 52 8208.0 51386.0 23702.129 392 587 407.186 0 27 63 8.577 [] 57557
2261 762 464 210 54 8212.0 51444.0 23708.825 393 587 598.741 0 28 65 8.593 [45:15-32:22] 12223
2301 766 473 211 54 8217.0 51530.0 23735.062 394 589 434.441 0 28 66 8.593 [] 19502
2368 840 495 214 54 8215.0 51501.0 23733.613 397 591 862.236 0 29 68 8.593 [] 27809
2448 865 515 218 54 7654.0 50860.0 22247.048 398 593 982.605 0 28 70 8.593 [] 33993
2486 884 524 218 55 8031.0 51060.0 23349.871 400 594 216.477 0 30 73 8.582 [25:16] 9715
2521 907 533 223 55 8035.0 51170.0 23339.037 399 596 1195.564 0 30 73 8.582 [] 19407
2549 952 568 224 55 8035.0 51195.0 23338.201 403 596 418.973 0 30 75 8.582 [] 30220
2611 984 575 227 55 8042.0 51326.0 23354.593 405 598 740.655 0 29 76 8.582 [] 41777
2661 1017 601 232 55 7677.0 51472.0 22336.005 407 600 1091.513 0 30 76 8.582 [] 51832
2727 1090 625 232 55 7681.0 51602.0 21888.030 407 602 210.611 0 31 78 8.582 [] 63333
2805 1131 676 236 57 7684.0 53136.0 23294.992 409 604 924.214 0 32 80 8.579 [8:26-7:22] 16193
2883 1148 710 238 57 7688.0 53222.0 23308.213 411 604 570.096 0 32 84 8.579 [] 23154
2943 1154 734 240 57 7690.0 53287.0 23310.325 411 605 608.591 0 32 84 8.579 [] 31152
3034 1223 765 242 57 7699.0 54063.0 20498.166 414 607 506.848 0 33 88 8.579 [] 37082
3091 1288 809 243 57 7530.0 54215.0 21489.076 414 610 405.902 0 33 90 8.579 [] 48969
3153 1289 820 244 57 7911.0 54327.0 21528.834 416 610 446.118 0 33 90 8.579 [] 58013
3217 1324 820 245 59 7919.0 54493.0 21574.688 419 614 385.895 0 34 92 8.644 [31:24-14:38] 22843
3271 1362 869 247 59 7921.0 54588.0 21578.222 420 615 566.382 0 34 96 8.644 [] 30785
3339 1401 864 250 59 8583.0 51644.0 22672.317 422 616 731.563 0 33 94 8.644 [] 39695
3438 1441 889 251 59 7551.0 52706.0 22494.012 423 619 408.206 0 34 98 8.644 [] 45078
3500 1497 913 254 59 7944.0 51367.0 22749.074 424 619 724.824 0 35 102 8.644 [] 56607
3617 1552 950 254 59 7951.0 51539.0 22806.763 426 622 241.953 0 35 103 8.644 [] 62678
3708 1587 991 254 59 7954.0 51609.0 22830.545 428 623 242.449 0 34 105 8.644 [] 69189
3832 1638 1036 257 59 7959.0 51715.0 22833.800 430 626 813.672 0 36 109 8.644 [] 74959
3885 1732 1078 257 59 7966.0 51883.0 22893.397 432 626 243.510 0 35 113 8.644 [] 84054
3986 1759 1122 262 59 7763.0 52047.0 22325.229 434 628 1068.720 0 34 113 8.644 [] 89594
4084 1853 1164 264 59 7770.0 52272.0 22375.854 436 632 559.846 0 35 116 8.644 [] 95644
4166 1921 1197 264 59 7780.0 54272.0 22940.153 437 634 246.064 0 36 121 8.644 [] 106504
4272 1954 1238 266 62 7785.0 54421.0 22962.351 440 636 578.284 0 35 121 8.677 [6:25-25:14-43:34] 30337
4374 1975 1270 267 63 7603.0 54570.0 22492.423 442 638 404.595 0 37 125 8.746 [13:38] 18813
4433 2034 1330 269 64 7608.0 54757.0 21934.144 443 638 518.406 0 36 130 8.844 [48:42] 4320
4538 2122 1368 270 64 8232.0 54974.0 23643.523 447 642 428.691 0 36 127 8.844 [] 11255
4647 2200 1414 272 64 8248.0 55159.0 23695.979 448 644 585.172 0 36 132 8.844 [] 18795
4784 2296 1480 274 64 8256.0 55302.0 23731.608 450 647 542.902 0 38 136 8.844 [] 26459
4901 2418 1579 277 64 8260.0 55506.0 23748.307 452 647 797.921 0 37 137 8.844 [] 32867
5010 2440 1632 280 64 8263.0 55668.0 23760.410 453 651 690.926 0 39 143 8.844 [] 40883
5146 2543 1695 283 64 8781.0 55912.0 24988.490 457 652 767.863 0 38 143 8.844 [] 48907
5295 2630 1771 286 64 8294.0 58145.0 23885.901 459 657 758.302 0 40 150 8.844 [] 59744
5430 2672 1839 287 64 8587.0 58291.0 24652.629 462 659 396.882 0 41 155 8.844 [] 69693
5522 2817 1945 289 66 8840.0 58628.0 25231.729 465 659 571.388 0 40 157 8.879 [31:25-15:37] 22268
5620 2908 2023 291 66 8852.0 58813.0 24700.736 468 662 563.543 0 41 159 8.879 [] 33872
5780 2986 2122 294 67 8865.0 56992.0 25311.433 469 664 710.993 0 41 161 8.940 [3:24] 8903
5930 3055 2188 298 67 8618.0 58473.0 24800.850 473 669 882.120 0 42 166 8.940 [] 19133
5979 3125 2220 302 67 8631.0 58688.0 24843.291 475 670 794.812 0 42 169 8.940 [] 24963
6121 3323 2379 303 67 8664.0 59260.0 24987.662 478 675 397.705 0 44 171 8.940 [] 32699
6209 3424 2465 304 68 8676.0 59469.0 24507.892 482 677 442.144 0 44 181 8.926 [24:29] 2980
6404 3552 2591 305 68 8682.0 59570.0 25768.288 486 681 410.134 0 45 178 8.926 [] 9213
6562 3658 2699 306 68 9311.0 58685.0 27093.261 487 685 398.026 0 46 182 8.926 [] 20249
6724 3783 2844 308 68 9331.0 58958.0 27188.211 492 687 566.852 0 47 188 8.926 [] 27679
6897 3915 2969 310 68 8450.0 57316.0 25963.698 497 692 603.769 0 47 192 8.926 [] 39465
7044 4069 3111 313 68 8478.0 57614.0 26750.440 500 696 827.940 0 48 196 8.926 [] 46814
7253 4215 3216 315 69 9423.0 57965.0 28849.535 503 700 611.025 0 50 205 8.986 [20:38] 31129
7411 4308 3336 318 70 9065.0 60138.0 27559.425 506 699 802.341 0 50 210 9.071 [16:40] 13727
7523 4432 3427 324 71 9078.0 59011.0 27026.466 509 704 1150.887 0 51 213 9.254 [18:3] 14139
7673 4550 3524 326 71 9103.0 59381.0 28364.210 513 708 583.616 0 52 217 9.254 [] 23022
7879 4805 3676 330 71 9128.0 59754.0 28495.245 518 714 929.593 0 53 228 9.254 [] 29450
8052 4926 3796 330 71 8572.0 57667.0 25552.504 521 717 304.063 0 54 228 9.254 [] 34907
8238 4996 3896 332 72 9192.0 60702.0 26296.900 524 720 593.793 0 55 238 9.292 [4:25] 5760
8436 5177 4053 334 72 9214.0 61029.0 26386.924 530 723 607.185 0 55 239 9.292 [] 13907
8640 5414 4173 337 72 9241.0 61434.0 26504.118 532 732 803.091 0 58 246 9.292 [] 23972
8866 5613 4268 340 72 9271.0 62992.0 25916.246 538 735 723.436 0 58 252 9.292 [] 34931
9025 5616 4368 341 72 8371.0 63256.0 23824.609 542 739 449.289 0 56 255 9.292 [] 42409
9197 5817 4463 344 72 9009.0 65225.0 25450.717 548 744 652.382 0 58 260 9.292 [] 48151
9443 6001 4622 346 73 9027.0 65540.0 28117.164 552 747 650.807 0 60 263 9.370 [48:24] 41496
9701 6090 4824 349 73 9055.0 66030.0 28953.934 556 752 772.564 0 61 275 9.370 [] 47513
9929 6350 4962 352 74 9089.0 66606.0 29901.284 562 758 806.458 0 60 281 9.419 [3:26] 33853
10103 6397 5097 357 74 9102.0 66830.0 29930.592 565 763 1110.554 0 62 293 9.419 [] 45050
10319 6577 5202 361 74 9118.0 67114.0 30045.658 571 765 939.691 0 64 288 9.419 [] 53358
10577 6839 5377 367 74 9150.0 67661.0 30168.516 575 772 1172.233 0 66 299 9.419 [] 60320
10850 6982 5445 368 74 9499.0 65265.0 31018.104 581 777 476.149 0 66 302 9.419 [] 70028
11043 7262 5612 369 74 8843.0 66923.0 28142.553 585 781 487.685 0 66 312 9.419 [] 76898
11244 7467 5704 371 74 8547.0 67387.0 27476.304 590 786 661.539 0 68 318 9.419 [] 84521
11559 7758 5893 376 74 8890.0 67849.0 29206.291 595 792 948.997 0 69 327 9.419 [] 89992
11862 8143 6141 378 74 8919.0 64637.0 30963.407 602 799 665.603 0 73 336 9.419 [] 97999
12136 8596 6450 379 76 10133.0 67009.0 32884.162 609 805 474.052 0 73 343 9.421 [25:18-44:15] 40470
12353 8862 6660 382 76 10168.0 69409.0 32272.747 615 811 803.570 0 77 345 9.421 [] 51911
12594 9098 6805 387 76 10202.0 69906.0 32422.519 621 817 1057.522 0 75 356 9.421 [] 62411
12918 9512 7103 390 76 8374.0 70388.0 28397.551 615 821 793.311 0 78 366 9.421 [] 73751
13256 9560 7277 393 77 9033.0 70811.0 30089.551 627 828 718.446 0 77 382 9.468 [31:46] 58091
13509 9759 7440 393 77 10311.0 71284.0 32955.282 633 832 375.081 0 79 385 9.468 [] 68991
13719 10051 7600 395 77 9475.0 73286.0 33849.625 639 839 703.305 0 77 397 9.468 [] 74237
14098 10472 7905 399 77 8766.0 70564.0 33690.396 645 846 1046.501 0 75 390 9.468 [] 81138
14439 10783 8093 401 77 9943.0 71875.0 36570.807 651 851 681.630 0 76 408 9.468 [] 90753
14742 10977 8370 402 77 9969.0 72269.0 35300.684 657 858 559.693 0 77 426 9.468 [] 98786
15080 11277 8619 403 77 10025.0 73099.0 35584.999 664 866 565.148 0 79 426 9.468 [] 104057
15416 11706 8909 410 77 10064.0 73675.0 37272.165 670 871 1474.772 0 80 445 9.468 [] 110751
15715 12177 9162 413 77 10114.0 74428.0 33291.956 681 884 875.675 0 81 448 9.468 [] 120634
16009 12287 9341 416 77 10141.0 74821.0 36825.073 685 887 784.234 0 77 452 9.468 [] 126889
16408 12979 9682 421 77 10201.0 75722.0 32828.786 696 897 1127.000 0 80 472 9.468 [] 137376
16776 13452 9994 427 77 10799.0 74670.0 30078.356 699 905 1266.007 0 80 474 9.468 [] 147011
17236 14035 10351 432 77 10852.0 75343.0 33749.836 699 915 1042.048 0 82 487 9.468 [] 155264
17641 14540 10699 432 77 11563.0 74525.0 35217.221 699 921 434.661 0 82 501 9.468 [] 164813
18067 14701 10956 441 77 11575.0 77701.0 37889.891 702 929 1579.418 0 81 510 9.468 [] 173440
18469 15282 11320 444 77 11633.0 80454.0 37328.954 711 939 799.325 0 82 532 9.468 [] 182381
18894 16006 11644 448 77 9560.0 77519.0 32447.795 723 951 992.456 0 84 525 9.468 [] 192753
19360 16240 11970 450 82 10058.0 83358.0 36426.248 729 958 665.686 0 82 547 9.634 [48:19-20:37-5:21-19:37-5:18] 18181
19732 16688 12233 456 82 10102.0 84122.0 36623.633 741 967 1401.424 0 86 570 9.634 [] 28984
20249 17217 12597 459 82 10152.0 84979.0 33852.895 749 977 935.076 0 86 572 9.634 [] 40295
20772 18532 12974 460 83 12100.0 83936.0 39018.068 764 992 595.223 0 90 599 9.663 [21:34] 22704
21232 18793 13325 464 84 8935.0 83661.0 35162.187 773 999 1120.858 0 89 612 9.821 [13:48] 19575
21825 19656 13802 471 84 8977.0 83824.0 36649.781 784 1014 1292.013 0 89 604 9.821 [] 30580
22347 20093 14223 476 84 9402.0 85393.0 34746.926 796 1018 1221.203 0 91 634 9.821 [] 37199
22832 20900 14609 480 84 9455.0 88645.0 31791.122 806 1035 1065.616 0 91 660 9.821 [] 48788
23318 21246 14979 482 84 9483.0 87296.0 36239.069 814 1040 783.514 0 90 658 9.821 [] 58956
23869 22171 15400 486 85 11131.0 89557.0 38100.282 830 1055 1101.963 0 91 677 9.824 [23:13] 26693
24512 22835 15945 486 85 11188.0 90401.0 39609.775 839 1068 542.801 0 91 680 9.824 [] 36960
25046 23570 16461 486 85 10662.0 93806.0 35649.502 853 1077 558.965 0 93 712 9.824 [] 46598
25729 23880 16884 490 85 10699.0 94448.0 45805.217 861 1086 1148.785 0 89 726 9.824 [] 51993
26246 25051 17320 496 86 10211.0 90593.0 41745.572 878 1104 1535.426 1 94 758 9.849 [21:14] 20187
26715 25287 17640 500 87 10819.0 91258.0 39552.069 886 1112 1155.697 0 91 754 10.023 [16:0] 17168
27390 26633 18170 503 87 10902.0 92623.0 42635.667 897 1129 1049.929 0 92 776 10.023 [] 23654
28014 27096 18674 507 87 10942.0 95457.0 40136.775 908 1134 1304.772 0 92 790 10.023 [] 29343
28588 28368 19228 508 87 11681.0 96842.0 40854.617 927 1150 722.510 0 94 807 10.023 [] 40035
29303 29254 19786 515 88 11757.0 97956.0 41345.477 940 1163 1620.507 0 94 827 10.045 [33:45] 9433
29986 29797 20320 523 88 10519.0 100647.0 46625.400 951 1175 1731.810 0 97 851 10.045 [] 17045
30653 31066 20941 524 88 11217.0 100208.0 38050.322 966 1191 830.730 0 97 884 10.045 [] 26887
31325 31917 21451 532 89 11992.0 99338.0 41246.021 976 1204 1809.998 0 97 884 10.101 [31:48] 956
32050 32412 22072 537 89 12050.0 100190.0 41476.202 987 1211 1324.551 0 97 904 10.101 [] 9799
32864 33744 22687 542 89 11424.0 103850.0 41423.801 1001 1235 1288.347 0 100 912 10.101 [] 15355
33709 34350 23424 547 89 10814.0 106743.0 37399.700 1005 1245 1193.865 0 99 951 10.101 [] 25406
34498 35489 24227 555 89 11552.0 106012.0 43542.910 1005 1259 1681.487 0 102 979 10.101 [] 34523
35179 36506 24927 558 89 13260.0 105284.0 45948.907 1020 1275 1132.050 0 101 1000 10.101 [] 39873
35891 38116 25680 561 89 14428.0 106979.0 52919.780 1035 1291 1209.721 0 102 1000 10.101 [] 50936
36470 38276 26158 565 89 14512.0 107931.0 53059.441 1050 1307 1351.063 0 105 1000 10.101 [] 60709
37334 40105 27012 571 89 14660.0 111803.0 56435.256 1070 1327 1690.082 0 103 1000 10.101 [] 71859
38213 40579 27679 579 89 12759.0 110775.0 54153.779 1080 1337 2091.570 0 103 1000 10.101 [] 79310
39087 42623 28517 584 89 16269.0 111837.0 61954.889 1108 1361 1607.732 0 108 1000 10.101 [] 85626
39732 43552 29196 593 90 12146.0 113089.0 55623.148 1123 1379 2267.926 0 107 1000 10.144 [2:28] 59236
40727 44813 30221 599 90 12235.0 113789.0 48484.804 1138 1397 1756.203 0 107 1000 10.144 [] 65249
41434 45830 30977 604 91 12314.0 116258.0 61721.809 1156 1412 1540.446 0 108 1000 10.264 [18:46] 46403
42112 46100 31740 606 91 13257.0 119062.0 54334.077 1164 1425 1151.141 0 107 1000 10.264 [] 51866
42801 47857 32412 609 92 13394.0 120108.0 51692.549 1192 1448 1223.372 0 108 1000 10.413 [16:49] 36138
43568 48876 33233 612 93 13491.0 121567.0 57091.424 1208 1468 1336.096 0 110 1000 10.548 [19:48] 23088
44214 49890 33951 616 93 14653.0 123161.0 59975.841 1222 1478 1511.042 1 112 1000 10.548 [] 28433
44696 50042 34486 621 93 14734.0 119947.0 55713.902 1238 1490 1651.011 0 112 1000 10.548 [] 35278
45421 51761 35298 626 94 12832.0 124125.0 51921.327 1260 1515 1712.161 0 108 1000 10.681 [18:2] 25960
46080 51938 35751 628 94 12030.0 127126.0 50206.904 1270 1525 1273.597 0 109 1000 10.681 [] 35284
46807 53941 36524 631 95 14009.0 125181.0 47992.081 1296 1554 1414.461 1 110 1000 10.768 [13:44] 17931
47303 53858 37059 634 95 15216.0 128408.0 61344.722 1314 1567 1331.461 0 112 1000 10.768 [] 26968
47833 54716 37517 639 95 15335.0 129908.0 67596.540 1328 1583 1836.858 0 109 1000 10.768 [] 33195
48392 56561 38006 645 96 15507.0 134963.0 64643.750 1350 1610 2082.566 0 110 1000 10.865 [20:5] 9775
49083 57444 38694 652 96 15644.0 136720.0 67200.276 1372 1631 2153.815 0 114 1000 10.865 [] 20073
49483 58068 39163 655 96 13480.0 138080.0 64773.524 1392 1649 1497.158 0 112 1000 10.865 [] 31207
50074 59243 39835 660 96 14662.0 137161.0 61671.191 1414 1672 1996.263 0 116 1000 10.865 [] 42463
50577 59145 40218 667 96 17394.0 138798.0 67921.065 1422 1678 2183.526 0 112 1000 10.865 [] 53640
51068 61226 40842 672 96 10525.0 140451.0 58836.006 1447 1706 2002.779 0 113 1000 10.865 [] 61700
51669 61163 41471 678 96 17715.0 145495.0 64703.259 1436 1719 1912.790 0 116 1000 10.865 [] 73430
51934 63179 41711 683 96 16424.0 148073.0 60408.785 1464 1750 1955.201 0 111 1000 10.865 [] 81475
52405 64360 42103 689 96 16569.0 147810.0 62978.731 1492 1770 1827.499 2 113 1000 10.865 [] 88812
53042 65079 42739 694 96 18263.0 149641.0 68907.132 1513 1790 1829.595 0 110 1000 10.865 [] 99976
53595 66206 43403 705 96 18440.0 147405.0 82664.525 1534 1813 3072.197 0 112 1000 10.865 [] 111680
54209 67084 44117 711 97 17015.0 151404.0 61330.305 1555 1838 2173.125 0 110 1000 10.866 [22:13] 63597
54707 66974 44790 725 97 17088.0 153015.0 75910.859 1561 1845 3317.978 0 109 1000 10.866 [] 72425
55076 69388 45272 732 98 17300.0 155070.0 69868.582 1593 1878 2438.395 2 106 1000 10.990 [19:2] 62302
55712 69308 46025 738 98 17387.0 156078.0 70214.171 1611 1892 2218.562 0 108 1000 10.990 [] 74161
56160 71482 46585 741 98 17591.0 159586.0 74012.913 1643 1920 1624.868 1 109 1000 10.990 [] 82148
56720 71286 47182 749 99 16199.0 161975.0 61377.497 1649 1934 2360.383 0 106 1000 11.091 [18:4] 67224
57402 72245 47978 754 100 10536.0 145356.0 44912.448 1673 1955 2014.373 0 109 1000 11.220 [17:49] 60122
57897 73149 48625 759 100 13954.0 165775.0 58985.912 1697 1980 1703.841 0 108 1000 11.220 [] 65822
58500 75253 49312 765 100 11353.0 166022.0 76663.421 1735 2006 2078.073 2 112 1000 11.220 [] 74469
58964 75917 49782 769 100 18362.0 169246.0 79433.170 1751 2036 1909.573 1 109 1000 11.220 [] 85730
59585 75357 50309 775 100 20263.0 171783.0 88331.027 1767 2048 2382.315 0 109 1000 11.220 [] 92429
60152 77862 50969 780 100 20551.0 174777.0 74339.113 1805 2081 2058.949 0 114 1000 11.220 [] 98604
60564 77116 51365 784 101 20650.0 176862.0 90649.151 1816 2098 1798.181 0 107 1000 11.248 [34:47] 37772
61091 79203 51819 784 102 17337.0 177557.0 90265.056 1846 2124 1316.444 1 105 1000 11.382 [20:0] 20636
61325 78260 52010 786 102 20976.0 180547.0 86991.262 1853 2142 1695.588 0 102 1000 11.382 [] 32348
61376 78728 52116 789 102 21153.0 182614.0 85169.386 1877 2164 1983.195 0 103 1000 11.382 [] 38830
61818 81341 52600 790 103 21462.0 182754.0 91999.660 1920 2198 1603.441 2 107 1000 11.495 [6:2] 11015
62298 81983 53103 795 103 15000.0 185393.0 87260.746 1936 2225 2345.947 0 104 1000 11.495 [] 22845
62718 81201 53584 797 104 19699.0 186622.0 80366.773 1951 2234 1832.887 0 105 1000 11.596 [19:3] 4544
63291 83672 54298 799 104 24412.0 190883.0 78536.261 1984 2275 1729.971 0 107 1000 11.596 [] 10383
63884 82889 54886 806 104 16632.0 190799.0 74405.491 1995 2281 2427.351 0 108 1000 11.596 [] 16212
64036 84972 55082 807 104 16815.0 195041.0 75862.815 2033 2320 1570.487 1 105 1000 11.596 [] 26408
64590 85844 55738 817 104 25037.0 190635.0 101818.880 2056 2347 3176.535 0 106 1000 11.596 [] 33573
64839 84977 55887 819 105 25134.0 194741.0 96072.339 2056 2344 1798.247 0 106 1000 11.714 [20:1] 14176
65116 87088 56113 823 105 25453.0 199104.0 104116.667 2106 2387 2269.485 1 106 1000 11.714 [] 20952
65518 86306 56577 831 105 20812.0 195703.0 86002.244 2112 2401 3279.251 0 102 1000 11.714 [] 26352
66095 89171 57156 841 106 21088.0 199239.0 87123.637 2153 2443 3225.288 2 103 1000 11.802 [20:46] 4332
66682 89679 57496 842 106 29267.0 204686.0 118128.302 2179 2465 1736.537 0 106 1000 11.802 [] 14439
67104 88826 57870 844 106 23618.0 205433.0 105112.851 2189 2482 2031.134 0 100 1000 11.802 [] 20569
67263 89577 58169 846 106 23833.0 206837.0 96198.235 2223 2506 2067.561 1 103 1000 11.802 [] 28190
67570 90068 58344 854 106 14966.0 209961.0 93914.126 2232 2528 3233.832 0 101 1000 11.802 [] 37430
67819 90871 58732 857 106 16425.0 213414.0 87667.964 2267 2560 2253.328 0 102 1000 11.802 [] 44930
68120 91591 59147 862 106 24431.0 213609.0 112118.433 2299 2585 2695.933 1 101 1000 11.802 [] 52079
68364 92177 59364 866 106 18262.0 217993.0 76573.332 2329 2612 2671.991 0 101 1000 11.802 [] 59960
68728 94927 59812 869 106 18481.0 222493.0 90518.487 2367 2655 2246.726 0 98 1000 11.802 [] 68927
69163 95504 60309 874 107 18609.0 223988.0 94775.166 2392 2675 2629.567 1 98 1000 11.850 [14:42] 30212
69414 96019 60643 880 107 18748.0 226389.0 78704.795 2423 2710 3080.058 1 98 1000 11.850 [] 39109
69815 94886 60932 885 107 22949.0 226155.0 122568.663 2432 2720 2430.417 0 96 1000 11.850 [] 49317
70050 97465 61095 893 107 17317.0 230080.0 111170.720 2471 2764 3748.566 3 99 1000 11.850 [] 57726
70391 96311 61511 898 107 28962.0 229480.0 128234.457 2489 2778 2912.228 0 91 1000 11.850 [] 62741
70771 96934 61838 904 107 29257.0 232757.0 101220.424 2516 2802 3107.317 1 94 1000 11.850 [] 72727
71049 99306 62015 909 107 33244.0 235686.0 123928.064 2561 2854 2899.933 1 93 1000 11.850 [] 78157
71199 97844 62160 916 107 33383.0 236818.0 120070.991 2570 2863 3405.699 0 94 1000 11.850 [] 84697
71761 100263 62604 921 107 26991.0 237389.0 106543.612 2622 2914 2960.605 2 93 1000 11.850 [] 91915
72196 100898 63149 923 107 18077.0 243322.0 98547.831 2652 2939 2351.655 0 93 1000 11.850 [] 97277
72478 101319 63355 930 107 30713.0 249140.0 112177.092 2682 2972 3286.759 1 94 1000 11.850 [] 102583
72503 99996 63518 940 107 24737.0 245974.0 115331.708 2693 2977 3969.279 0 94 1000 11.850 [] 113058
72714 100289 63688 943 107 31108.0 251426.0 132705.391 2725 3018 2683.218 1 92 1000 11.850 [] 119569
72856 102760 63816 945 108 28182.0 257095.0 108084.513 2766 3058 2593.659 2 93 1000 11.926 [19:45] 76923
73032 102859 64032 957 108 35769.0 257266.0 142643.030 2792 3091 4402.922 0 91 1000 11.926 [] 87082
73367 101291 64360 967 108 31961.0 257666.0 139692.237 2805 3095 4306.624 0 92 1000 11.926 [] 98193
73521 103655 64471 976 108 32390.0 264618.0 140219.535 2833 3145 4309.220 0 92 1000 11.926 [] 108201
73910 103935 64813 980 108 41515.0 267181.0 156274.904 2861 3190 3084.784 0 92 1000 11.926 [] 115218
74405 102516 65166 986 108 21168.0 269138.0 101909.791 2875 3201 3486.155 0 91 1000 11.926 [] 123162
74581 102591 65296 989 108 21313.0 264436.0 97084.387 2903 3217 2730.006 0 91 1000 11.926 [] 128713
75051 105467 65818 994 108 33458.0 275731.0 128455.850 2945 3272 3227.219 1 91 1000 11.926 [] 133795
75265 105943 66059 996 108 33764.0 275625.0 118015.579 2984 3304 2562.683 0 93 1000 11.926 [] 141952
75637 104340 66330 1002 108 21779.0 270279.0 106672.633 2981 3313 3285.614 0 90 1000 11.926 [] 147657
76063 106812 66714 1005 108 38645.0 281568.0 161641.994 3035 3365 2816.680 0 91 1000 11.926 [] 154267
76621 107368 67163 1009 108 38956.0 282327.0 151607.474 3065 3393 3261.603 1 91 1000 11.926 [] 160152
77100 105703 67541 1017 108 20079.0 280234.0 99640.851 3080 3413 4081.134 0 90 1000 11.926 [] 169409
77331 108042 67740 1022 108 16737.0 286565.0 104655.109 3132 3456 3298.277 2 90 1000 11.926 [] 175407
77517 108431 67826 1029 108 16835.0 293704.0 105863.305 3158 3491 3687.461 1 89 1000 11.926 [] 186584
77846 106717 68034 1032 108 15427.0 291336.0 126052.536 3166 3498 2997.271 0 88 1000 11.926 [] 196755
78249 107273 68427 1037 108 35829.0 295391.0 123982.366 3207 3538 3566.400 1 88 1000 11.926 [] 204980
78412 109694 68587 1041 108 36339.0 293855.0 121499.854 3271 3589 3180.320 2 89 1000 11.926 [] 214974
78872 110132 68979 1047 108 32529.0 304968.0 136678.544 3287 3621 3645.818 0 87 1000 11.926 [] 223212
79033 110311 69019 1054 109 32818.0 305659.0 131527.745 3331 3658 3992.485 1 88 1000 11.936 [3:31] 63544
79189 110819 69164 1062 109 37236.0 302366.0 116930.101 3359 3693 4175.070 1 89 1000 11.936 [] 74390
79568 111236 69323 1070 109 42392.0 311638.0 154922.491 3391 3732 3692.641 0 89 1000 11.936 [] 86115
79818 111573 69306 1078 109 37861.0 308291.0 118581.627 3437 3760 4391.868 0 89 1000 11.936 [] 97921
80016 109665 69415 1080 110 37983.0 315823.0 162890.710 3449 3759 2912.464 0 90 1000 12.018 [20:4] 37428
79923 109807 69412 1084 110 49115.0 318659.0 157481.588 3484 3808 3772.887 0 90 1000 12.018 [] 43024
79859 109769 69198 1086 110 49417.0 321575.0 183953.652 3514 3842 3010.591 0 86 1000 12.018 [] 52926
80111 110256 69483 1090 110 38886.0 321154.0 176056.064 3544 3873 3600.199 0 86 1000 12.018 [] 64352
80268 112865 69581 1097 111 39416.0 324173.0 165647.529 3604 3936 4262.434 2 89 1000 12.126 [15:49] 19646
80430 110832 69706 1102 111 24890.0 328302.0 112786.093 3609 3938 3810.659 0 87 1000 12.126 [] 30091
80567 111063 69833 1108 111 57975.0 333518.0 194346.493 3641 3983 4160.647 0 82 1000 12.126 [] 36125
81061 111630 70220 1115 111 58538.0 335221.0 222510.415 3677 4017 4549.930 0 81 1000 12.126 [] 46597
80972 111817 70289 1120 111 59028.0 340534.0 218482.444 3698 4047 4199.529 1 80 1000 12.126 [] 53141
81004 111893 70251 1124 111 46195.0 341444.0 210238.078 3734 4087 3964.461 1 79 1000 12.126 [] 58805
81154 114175 70284 1128 111 41326.0 347578.0 153383.302 3788 4142 4018.721 1 82 1000 12.126 [] 65248
81515 114393 70464 1139 111 29159.0 348320.0 124301.236 3825 4182 5131.427 1 83 1000 12.126 [] 75850
81838 114724 70766 1144 111 47538.0 352411.0 182865.366 3863 4212 3753.757 0 81 1000 12.126 [] 81225
82177 115037 70989 1154 111 42292.0 353370.0 206663.646 3901 4249 5537.059 1 82 1000 12.126 [] 91160
82616 115221 71326 1159 112 26588.0 356821.0 132315.599 3939 4286 4508.854 1 81 1000 12.232 [19:1] 70241
82931 115424 71508 1165 112 26766.0 357268.0 147471.416 3972 4313 4406.284 0 79 1000 12.232 [] 76063
83464 115793 71932 1167 112 55736.0 364809.0 204295.003 4005 4357 3426.275 1 80 1000 12.232 [] 83348
83660 116177 72101 1171 112 30395.0 366820.0 160739.787 4031 4393 4021.239 1 80 1000 12.232 [] 90598
83685 113782 72151 1172 112 30467.0 368897.0 179710.485 4051 4409 3324.859 0 79 1000 12.232 [] 99102
84059 116811 72575 1181 112 64952.0 372148.0 238713.926 4105 4460 5177.544 2 81 1000 12.232 [] 110295
84258 114738 72822 1187 112 50358.0 375437.0 208983.465 4131 4489 4781.932 0 82 1000 12.232 [] 117971
84441 115213 73026 1197 112 44699.0 377381.0 180019.283 4146 4518 5968.930 0 81 1000 12.232 [] 127970
84810 117989 73237 1202 112 45263.0 382888.0 176128.441 4226 4584 4320.849 2 83 1000 12.232 [] 134779
85190 115711 73430 1208 112 31544.0 381831.0 141558.975 4227 4597 4997.490 0 79 1000 12.232 [] 142417
85030 118105 73118 1213 112 31887.0 386953.0 178727.152 4285 4656 4245.517 2 79 1000 12.232 [] 150926
85271 118370 73470 1215 112 32106.0 392269.0 154977.420 4320 4679 3837.721 1 77 1000 12.232 [] 161634
85626 118596 73725 1221 112 32338.0 396574.0 174967.075 4362 4728 4269.824 1 79 1000 12.232 [] 168417
85853 116475 73923 1224 113 53089.0 397737.0 182355.943 4383 4735 4040.292 0 77 1000 12.292 [19:44] 54161
85943 118959 74043 1233 113 53732.0 402993.0 225751.644 4442 4805 5613.397 2 78 1000 12.292 [] 60012
86147 119144 74187 1236 113 29352.0 405342.0 144069.268 4472 4837 4270.400 0 74 1000 12.292 [] 70307
86373 119656 74436 1241 113 29546.0 408725.0 125341.288 4499 4878 4450.008 0 75 1000 12.292 [] 80414
86459 120047 74380 1250 113 37716.0 414309.0 137564.009 4521 4927 5092.139 1 74 1000 12.292 [] 89546
86488 117957 74461 1256 113 81862.0 415732.0 253379.451 4543 4934 4698.614 0 72 1000 12.292 [] 100637
86898 118596 74830 1263 113 55568.0 415776.0 197151.375 4577 4980 5756.656 1 72 1000 12.292 [] 111414
87077 119005 75058 1270 114 43400.0 422673.0 182874.266 4609 5007 4947.513 1 72 1000 12.377 [20:3] 56736
87503 122369 75515 1274 114 56695.0 428408.0 217401.768 4678 5076 4364.357 2 74 1000 12.377 [] 63506
87754 119694 75661 1276 114 56881.0 426861.0 236820.673 4701 5087 4272.428 0 74 1000 12.377 [] 69622
87709 122772 75510 1280 114 57566.0 427102.0 208091.766 4759 5167 4984.281 1 71 1000 12.377 [] 79018
88150 123261 75784 1283 114 50964.0 435966.0 198647.184 4805 5209 4638.881 1 71 1000 12.377 [] 90565
88408 123395 75966 1295 114 66662.0 439574.0 273813.028 4853 5246 6972.870 0 73 1000 12.377 [] 99514
88796 124098 76503 1299 115 67166.0 446098.0 223643.460 4883 5292 5177.468 1 70 1000 12.478 [19:49] 28997
88677 121435 76283 1307 115 25174.0 444981.0 144818.735 4897 5312 5811.249 0 70 1000 12.478 [] 38630
88560 121594 76229 1317 115 184160.0 445189.0 351960.648 4925 5334 5954.359 0 69 1000 12.478 [] 49632
88508 121741 76088 1327 115 52574.0 450888.0 230718.449 4973 5374 6861.625 0 68 1000 12.478 [] 57378
88592 124519 76146 1328 115 103791.0 457400.0 303199.965 5019 5471 4293.581 0 71 1000 12.478 [] 68096
88509 124859 76270 1333 115 104579.0 461083.0 312313.250 4968 5507 4923.028 0 71 1000 12.478 [] 80036
88790 122455 76328 1341 115 104821.0 463196.0 269709.736 5016 5519 6486.850 0 70 1000 12.478 [] 91437
88979 123046 76350 1346 115 61672.0 466847.0 207983.811 5066 5558 5213.963 0 72 1000 12.478 [] 96922
89189 123327 76471 1352 115 62099.0 468306.0 222086.843 5116 5597 5537.953 1 71 1000 12.478 [] 105383
89567 123826 76666 1357 115 37618.0 473473.0 189633.448 5166 5652 5124.709 1 73 1000 12.478 [] 113142
89486 126459 76512 1361 115 63336.0 479478.0 248992.880 5216 5715 5463.528 1 72 1000 12.478 [] 120148
89906 126859 77002 1370 115 63799.0 481134.0 301982.320 5262 5756 6848.778 0 73 1000 12.478 [] 125801
89995 124577 77157 1378 115 63943.0 484200.0 264118.579 5288 5778 6752.270 0 71 1000 12.478 [] 131106
90276 124892 77268 1380 115 56498.0 488146.0 242712.352 5340 5819 4995.598 0 71 1000 12.478 [] 137149
90659 125283 77602 1383 115 147130.0 491944.0 363017.325 5366 5859 5079.813 0 71 1000 12.478 [] 147434
90558 125363 77289 1387 115 57286.0 495615.0 270185.314 5418 5909 5588.652 1 68 1000 12.478 [] 154444
90777 125521 77521 1392 115 65802.0 497482.0 270833.798 5466 5950 5917.534 1 68 1000 12.478 [] 161153
90857 127852 77653 1397 115 51253.0 504839.0 195993.109 5547 6024 5938.099 0 72 1000 12.478 [] 171714
91023 125394 77627 1403 116 66724.0 507120.0 265319.899 5541 6033 5707.900 0 71 1000 12.534 [18:44] 27077
90948 125511 77581 1409 116 58892.0 511019.0 250672.265 5595 6086 6173.917 1 71 1000 12.534 [] 38369
91188 125816 77769 1415 116 40417.0 513813.0 228551.043 5644 6125 6341.538 1 73 1000 12.534 [] 43383
91367 126054 77846 1418 116 52419.0 518624.0 230712.348 5672 6178 5182.872 1 68 1000 12.534 [] 54013
91375 126002 77805 1424 116 118099.0 522177.0 385355.892 5716 6217 6455.935 0 66 1000 12.534 [] 59670
91538 126173 77807 1425 116 53086.0 525039.0 274775.086 5766 6265 5052.683 0 64 1000 12.534 [] 70766
91694 128890 77859 1435 116 124729.0 530500.0 378420.899 5851 6337 7859.317 2 65 1000 12.534 [] 77078
91859 129148 77910 1443 116 41879.0 534200.0 203567.334 5880 6375 6879.474 1 65 1000 12.534 [] 86615
91927 129118 77806 1448 116 81007.0 540404.0 286130.997 5938 6419 5969.736 1 64 1000 12.534 [] 93201
91980 129318 77789 1450 116 81554.0 544245.0 271833.469 5996 6479 5563.041 0 63 1000 12.534 [] 104015
92076 129490 77801 1453 116 62838.0 547493.0 221060.327 6018 6509 5853.729 1 65 1000 12.534 [] 112532
91975 126356 77620 1459 116 124369.0 548324.0 318948.804 6056 6527 6096.646 0 63 1000 12.534 [] 121939
92169 129101 77771 1464 116 83223.0 555981.0 318873.513 6116 6608 6453.246 0 65 1000 12.534 [] 133125
92457 126797 77924 1469 116 83410.0 557291.0 341355.772 6146 6608 6719.029 0 64 1000 12.534 [] 139997
92827 130270 78180 1475 116 147007.0 562835.0 438158.334 6223 6698 6819.782 2 67 1000 12.534 [] 151169
93296 127824 78677 1479 116 56698.0 564863.0 266438.004 6247 6724 6586.202 0 66 1000 12.534 [] 161378
93143 127445 78359 1484 117 44109.0 567637.0 217457.067 6288 6757 6497.427 0 62 1000 12.641 [19:0] 125093
93026 127648 78219 1487 117 129654.0 568995.0 374076.441 6336 6821 5984.917 0 62 1000 12.641 [] 136975
93606 130895 78466 1491 117 179492.0 573807.0 410926.248 6415 6886 6564.242 0 63 1000 12.641 [] 146831
94014 128823 78828 1496 117 51102.0 583638.0 304578.592 6408 6911 6702.932 0 62 1000 12.641 [] 154512
94316 129018 78989 1501 117 100442.0 582631.0 400287.316 6472 6956 6461.709 1 63 1000 12.641 [] 164166
94403 131865 79222 1508 117 59204.0 592480.0 302396.921 6554 7030 7868.724 1 64 1000 12.641 [] 169737
94186 129063 79165 1511 117 88763.0 589696.0 314554.630 6572 7065 6358.236 0 64 1000 12.641 [] 178428
94379 132069 79346 1516 117 52625.0 596714.0 205857.969 6662 7146 6898.354 2 65 1000 12.641 [] 186150
94441 132072 79263 1519 117 103658.0 603997.0 328671.123 6695 7191 5990.984 0 63 1000 12.641 [] 195986
94337 128762 79070 1523 117 60461.0 606339.0 268043.084 6721 7212 6473.548 0 62 1000 12.641 [] 203447
94128 128668 78752 1529 117 91082.0 606018.0 330813.588 6754 7249 7525.184 0 60 1000 12.641 [] 211667
94320 131956 79082 1534 117 121532.0 616718.0 372444.992 6833 7324 7063.434 2 63 1000 12.641 [] 219994
94573 132182 79303 1538 117 122217.0 618344.0 340955.886 6901 7381 6848.903 0 61 1000 12.641 [] 229984
94789 132385 79498 1543 117 141624.0 622158.0 381892.930 6935 7434 7161.533 1 61 1000 12.641 [] 235187
94960 129983 79729 1547 117 93572.0 624509.0 395176.908 6948 7466 7038.961 0 62 1000 12.641 [] 247061
94981 132813 79528 1551 118 94672.0 632135.0 400087.806 7043 7538 7051.961 2 63 1000 12.729 [20:48] 129083
95260 132847 79728 1554 118 95266.0 635459.0 342785.932 7113 7592 7058.916 1 62 1000 12.729 [] 134513
95506 130219 79813 1555 118 63584.0 640766.0 300542.805 7105 7613 6301.022 0 61 1000 12.729 [] 145838
95459 130702 79705 1563 118 64001.0 645361.0 321848.065 7159 7661 8170.076 1 61 1000 12.729 [] 155492
95443 131078 79621 1566 118 84353.0 645846.0 302745.677 7221 7711 6962.265 0 60 1000 12.729 [] 160629
95765 134089 79768 1572 118 85320.0 653746.0 362064.603 7329 7797 7710.237 0 61 1000 12.729 [] 172240
95855 133898 79871 1576 118 85814.0 660136.0 314995.485 7349 7848 7458.591 1 61 1000 12.729 [] 182935
95799 131046 79918 1582 118 150035.0 661409.0 392870.531 7353 7879 7453.750 0 61 1000 12.729 [] 194672
95866 131557 79842 1588 118 117240.0 662690.0 354501.020 7417 7933 7835.645 1 59 1000 12.729 [] 206541
95624 131086 79615 1595 118 58210.0 665108.0 250935.332 7475 7974 7593.240 0 58 1000 12.729 [] 212706
95901 133898 79822 1596 118 101056.0 675410.0 361725.085 7562 8059 6405.561 2 60 1000 12.729 [] 221898
96354 134225 80208 1600 118 101710.0 680462.0 339564.062 7620 8115 7552.790 0 58 1000 12.729 [] 232757
96173 131211 80039 1602 118 101879.0 682087.0 367994.157 7650 8125 7030.726 0 58 1000 12.729 [] 239929
96155 134201 80019 1606 118 68413.0 693991.0 302538.506 7748 8226 7791.652 2 60 1000 12.729 [] 245752
96548 134536 80367 1611 119 119103.0 695327.0 432912.520 7778 8280 7578.592 0 60 1000 12.832 [6:0] 131838
96953 134651 80785 1615 119 158756.0 698675.0 461170.310 7847 8331 8149.653 1 59 1000 12.832 [] 138350
96874 131396 80633 1620 119 120070.0 700046.0 401729.303 7847 8350 8558.120 0 60 1000 12.832 [] 143510
97038 131575 80653 1627 119 105102.0 704492.0 392565.928 7909 8400 8679.506 1 59 1000 12.832 [] 148928
96783 134840 80453 1633 119 161802.0 712817.0 476533.883 8018 8489 8830.456 2 58 1000 12.832 [] 159024
97276 135601 80878 1639 119 81231.0 719777.0 292998.381 8049 8553 9023.441 1 60 1000 12.832 [] 169860
97679 133123 81060 1642 119 123188.0 722148.0 440083.069 8058 8578 7755.226 0 58 1000 12.832 [] 179945
97968 136659 81268 1647 119 124648.0 730980.0 407289.135 8155 8687 8650.719 3 60 1000 12.832 [] 188066
98396 137477 81861 1653 119 125460.0 735893.0 445585.887 8208 8724 8873.737 1 61 1000 12.832 [] 193560
98843 137596 82304 1660 119 126240.0 733414.0 351339.413 8259 8789 9588.831 0 59 1000 12.832 [] 203724
99237 134922 82499 1668 119 193243.0 741400.0 462021.993 8300 8789 8623.211 0 60 1000 12.832 [] 214213
98932 134594 82335 1672 119 194459.0 746443.0 506272.339 8341 8858 8346.160 0 58 1000 12.832 [] 225357
98945 137435 82258 1676 119 196623.0 750288.0 516278.899 8414 8954 8407.321 2 58 1000 12.832 [] 234903
98868 134729 82318 1679 119 97579.0 753849.0 330296.304 8456 8981 8218.176 0 58 1000 12.832 [] 245529
99279 137945 82750 1685 120 98592.0 763412.0 407785.384 8540 9066 8531.860 2 58 1000 12.925 [14:49] 140100
99488 135423 82853 1686 120 231111.0 761408.0 509214.493 8582 9085 7540.655 0 56 1000 12.925 [] 148777
99595 135515 82900 1690 120 200858.0 764850.0 466462.339 8624 9154 8662.262 0 56 1000 12.925 [] 157010
99468 135931 82861 1697 120 233422.0 768270.0 530372.372 8701 9189 9569.872 1 58 1000 12.925 [] 163163
99522 138961 82785 1701 120 279207.0 778151.0 641937.019 8744 9303 9020.234 1 57 1000 12.925 [] 174241
99529 138898 82847 1708 120 101728.0 787736.0 331223.606 8830 9364 9546.373 1 59 1000 12.925 [] 185188
99366 135722 82434 1715 120 101863.0 788840.0 387192.418 8830 9380 8821.174 0 57 1000 12.925 [] 191401
99428 139089 82530 1716 120 102945.0 797672.0 377807.811 8962 9474 7950.525 2 57 1000 12.925 [] 198457
99568 135978 82547 1720 120 278663.0 795238.0 585230.815 8962 9504 8537.454 0 57 1000 12.925 [] 208582
99993 136396 82859 1726 120 158170.0 805546.0 475547.090 9006 9564 9748.506 0 56 1000 12.925 [] 220430
100159 139126 82914 1729 120 138579.0 808696.0 495180.125 9096 9643 8696.380 1 56 1000 12.925 [] 227894
100260 136239 83034 1735 120 120666.0 812630.0 477502.484 9121 9673 9808.207 0 56 1000 12.925 [] 235958
100106 136091 82802 1743 120 121356.0 817344.0 461569.890 9166 9727 10416.398 0 54 1000 12.925 [] 246456
100074 136003 82737 1746 120 122126.0 822213.0 422842.929 9231 9797 9078.185 1 55 1000 12.925 [] 253905
100468 136309 83030 1749 120 141450.0 826259.0 492613.647 9303 9850 8613.175 0 56 1000 12.925 [] 265459
100595 136814 83082 1751 120 142343.0 834696.0 454373.681 9359 9923 8491.018 1 58 1000 12.925 [] 277343
100849 140746 83132 1756 120 294345.0 844282.0 634854.285 9478 10013 9857.688 1 54 1000 12.925 [] 283117
101026 137845 83358 1763 120 255415.0 841287.0 608418.842 9499 10063 10841.476 0 55 1000 12.925 [] 291876
101081 137629 83179 1768 120 256659.0 845418.0 649192.120 9546 10115 9654.025 0 53 1000 12.925 [] 298467
101221 140942 83542 1771 120 258953.0 858186.0 627642.718 9640 10204 9303.977 2 54 1000 12.925 [] 303824
101634 138493 84081 1775 120 195039.0 860416.0 557339.650 9688 10241 9621.204 0 54 1000 12.925 [] 311732
101584 141519 83703 1780 120 170996.0 872333.0 478624.296 9801 10343 10066.648 0 57 1000 12.925 [] 318477
101764 138802 83888 1786 120 171166.0 873219.0 515874.843 9791 10344 10368.760 0 55 1000 12.925 [] 330054
101465 138655 83550 1788 121 172293.0 879087.0 518556.759 9881 10432 9286.824 1 55 1000 13.017 [18:49] 140568
101004 138453 83199 1790 121 199920.0 882290.0 554156.644 9930 10498 9299.973 0 55 1000 13.017 [] 148795
100912 138209 82933 1795 121 201024.0 887237.0 557395.043 9986 10534 9951.543 1 55 1000 13.017 [] 159686
101232 141183 83122 1800 121 132578.0 896527.0 448627.976 10078 10651 10565.111 0 55 1000 13.017 [] 171353
101459 138204 83228 1800 121 203434.0 898041.0 611775.634 10106 10657 8566.752 0 54 1000 13.017 [] 176699
101648 141459 83383 1802 121 178211.0 909901.0 550783.837 10213 10770 9646.031 2 55 1000 13.017 [] 185737
101531 141616 83351 1808 121 155454.0 913278.0 506192.021 10297 10849 10890.677 0 56 1000 13.017 [] 196943
101784 141772 83417 1809 121 156431.0 918816.0 508643.579 10344 10899 9272.813 1 55 1000 13.017 [] 208494
101742 138464 83370 1813 121 278197.0 919677.0 680944.372 10377 10922 10427.401 0 56 1000 13.017 [] 217674
102173 141679 83770 1821 121 280764.0 927867.0 713040.912 10465 11040 12455.815 0 57 1000 13.017 [] 224187
102324 141629 83850 1825 121 104351.0 939137.0 424027.399 10569 11106 10876.922 1 56 1000 13.017 [] 232893
102158 138783 83830 1829 121 90960.0 936571.0 359241.571 10562 11120 10219.157 0 56 1000 13.017 [] 242699
102393 138701 83969 1831 121 213326.0 942373.0 634802.744 10599 11173 9492.429 1 56 1000 13.017 [] 253110
102478 138826 84076 1835 121 185950.0 950198.0 606351.875 10698 11254 10519.613 0 55 1000 13.017 [] 260953
102612 142227 84235 1846 121 289356.0 958039.0 732711.981 10793 11354 14372.845 0 53 1000 13.017 [] 268067
102786 139328 84357 1850 121 335487.0 959181.0 772346.095 10830 11379 11156.002 0 54 1000 13.017 [] 274349
102795 142143 84360 1853 121 392856.0 964712.0 752729.664 10927 11490 10826.327 0 54 1000 13.017 [] 282995
102687 138677 84150 1857 121 108076.0 974478.0 446534.065 10943 11516 11163.423 0 53 1000 13.017 [] 290096
102846 138719 84221 1860 121 108664.0 976886.0 447237.379 11018 11582 10568.861 0 52 1000 13.017 [] 295646
103250 138994 84634 1863 121 192479.0 984192.0 603165.946 11067 11649 10527.848 1 51 1000 13.017 [] 304209
102954 141537 84234 1864 121 194301.0 993683.0 505534.448 11208 11755 9831.978 1 52 1000 13.017 [] 312592
103314 139272 84658 1866 121 49019.0 992897.0 242633.321 11214 11789 10506.761 1 53 1000 13.017 [] 323381
103475 142398 84642 1867 121 84492.0 1002563.0 354549.694 11326 11894 9783.010 0 53 1000 13.017 [] 330582
103534 139361 84777 1870 121 84633.0 1004199.0 355238.063 11346 11896 10261.782 0 52 1000 13.017 [] 341912
103763 142179 84642 1875 121 172486.0 1013534.0 581946.257 11472 12047 11027.093 2 54 1000 13.017 [] 352145
103993 139632 84938 1884 121 172776.0 1014940.0 490763.166 11495 12053 13578.705 0 50 1000 13.017 [] 358703
103771 139569 84671 1884 121 309046.0 1021553.0 784073.304 11552 12128 9908.227 0 49 1000 13.017 [] 368719
103667 140096 84468 1888 121 174702.0 1026593.0 557506.732 11650 12195 12118.353 1 50 1000 13.017 [] 378694
103550 143254 84482 1889 121 152988.0 1039135.0 419805.377 11757 12317 10575.135 1 51 1000 13.017 [] 389837
103813 140125 84607 1890 121 272095.0 1040820.0 702956.277 11771 12351 10323.599 0 51 1000 13.017 [] 395474
104204 143834 84869 1894 121 237836.0 1052218.0 664888.915 11909 12474 12316.333 0 54 1000 13.017 [] 404510
104386 143723 84957 1899 121 207075.0 1060198.0 562884.519 11947 12536 12665.684 1 52 1000 13.017 [] 414916
104506 140480 84865 1902 121 276817.0 1057856.0 738868.088 11985 12545 11212.726 0 52 1000 13.017 [] 422338
104298 143613 84756 1904 121 279531.0 1068328.0 731520.027 12117 12697 11181.057 2 52 1000 13.017 [] 430228
104133 144009 84737 1908 121 281182.0 1074697.0 629638.902 12186 12744 12773.153 0 52 1000 13.017 [] 439391
104246 140840 84907 1909 121 281505.0 1075940.0 748730.342 12186 12759 11062.464 0 50 1000 13.017 [] 449960
103782 140515 84490 1911 121 244980.0 1084234.0 698580.099 12276 12832 11752.033 1 49 1000 13.017 [] 461367
103780 143658 84256 1916 121 105318.0 1094026.0 341533.889 12385 12947 13013.087 0 50 1000 13.017 [] 468795
103645 143473 83828 1918 121 121820.0 1096364.0 439193.680 12465 13018 11395.632 1 50 1000 13.017 [] 477469
103634 139964 83795 1921 121 121975.0 1100115.0 423869.827 12488 13061 11727.729 0 48 1000 13.017 [] 485796
103574 142991 83755 1925 121 123080.0 1110290.0 428576.310 12612 13156 11646.584 1 48 1000 13.017 [] 497782
103768 139944 83821 1929 121 251786.0 1114737.0 634562.522 12616 13191 11979.720 0 48 1000 13.017 [] 508579
104022 140301 84058 1936 121 292507.0 1118381.0 752912.127 12675 13245 13383.571 0 48 1000 13.017 [] 520031
104192 144059 84182 1940 121 221382.0 1134691.0 649195.902 12811 13408 13050.774 2 49 1000 13.017 [] 529456
103969 140525 84010 1942 121 395835.0 1130926.0 794195.117 12836 13408 11790.803 0 49 1000 13.017 [] 539740
104148 140770 84028 1944 121 460423.0 1136731.0 847422.090 12916 13475 12039.967 1 48 1000 13.017 [] 551198
104132 140960 83897 1945 121 731296.0 1146336.0 1072889.491 12965 13566 11922.054 0 49 1000 13.017 [] 559465
104257 141098 84115 1948 121 300827.0 1152238.0 792690.760 13029 13634 13063.176 1 50 1000 13.017 [] 568930
104617 144353 84296 1951 121 303535.0 1160921.0 792836.603 13159 13756 12871.069 0 50 1000 13.017 [] 578686
104905 144521 84604 1956 121 353438.0 1169893.0 861942.860 13276 13849 14136.031 1 52 1000 13.017 [] 585361
104806 141504 84553 1958 122 353945.0 1169038.0 821003.416 13276 13853 12760.149 0 50 1000 13.107 [6:1] 176493
104401 141327 84285 1959 122 355719.0 1174310.0 854061.588 13342 13941 12249.063 1 51 1000 13.107 [] 183431
104279 141427 84155 1961 122 130643.0 1180100.0 495194.901 13437 14003 12628.239 1 52 1000 13.107 [] 188850
104645 141886 84308 1965 122 269020.0 1191978.0 702268.579 13515 14080 13146.550 1 54 1000 13.107 [] 200848
104390 141637 84009 1969 122 152115.0 1199208.0 564406.447 13568 14163 13866.068 0 49 1000 13.107 [] 206600
104522 141821 84025 1972 122 271929.0 1205012.0 762567.668 13659 14228 13498.381 1 50 1000 13.107 [] 217754
104847 145420 84403 1975 122 317232.0 1213755.0 817820.332 13784 14370 13951.555 0 50 1000 13.107 [] 225146
105102 142487 84507 1979 122 317627.0 1215280.0 709297.605 13813 14396 14405.619 0 49 1000 13.107 [] 231850
105387 145976 84383 1984 122 325727.0 1218894.0 910571.760 13937 14526 14616.008 2 49 1000 13.107 [] 237657
104800 145591 83635 1987 122 278739.0 1235534.0 656821.817 14004 14581 13498.683 1 48 1000 13.107 [] 244893
104753 145194 83405 1987 122 242402.0 1244141.0 607984.306 14076 14668 12523.192 0 47 1000 13.107 [] 256619
104885 145342 83664 1995 122 243804.0 1251444.0 609664.142 14169 14746 15323.713 1 49 1000 13.107 [] 267924
104679 144900 83488 2004 122 378691.0 1254953.0 814403.427 14255 14842 15716.678 0 49 1000 13.107 [] 276102
105024 144871 83675 2009 122 380913.0 1259213.0 838413.185 14316 14901 14450.080 0 48 1000 13.107 [] 284228
105102 144611 83622 2011 122 247614.0 1271279.0 600966.890 14384 14984 13516.220 1 49 1000 13.107 [] 290716
105292 141598 83730 2017 122 331502.0 1268801.0 771746.602 14397 15014 14889.531 0 48 1000 13.107 [] 299848
104983 144169 83574 2018 122 334627.0 1280856.0 818375.145 14540 15149 13432.385 2 49 1000 13.107 [] 309966
105272 144542 83892 2023 122 163291.0 1290469.0 472806.997 14612 15224 14891.595 0 49 1000 13.107 [] 320637
105526 141690 84283 2027 122 163499.0 1290407.0 467463.736 14631 15219 14448.941 0 49 1000 13.107 [] 329343
105667 141857 84428 2031 122 702583.0 1297042.0 1083369.017 14685 15311 13929.326 0 47 1000 13.107 [] 340398
105711 141892 84169 2032 122 393813.0 1304379.0 870334.570 14805 15430 13708.669 1 48 1000 13.107 [] 348504
105835 144653 84041 2034 122 144434.0 1315169.0 472372.386 14920 15517 14410.885 1 47 1000 13.107 [] 355511
105811 144409 83982 2035 122 298107.0 1322336.0 806647.249 14994 15614 13671.820 1 48 1000 13.107 [] 365636
105645 141060 83867 2040 122 718375.0 1323384.0 1122123.607 15007 15629 15821.442 0 46 1000 13.107 [] 373777
105975 144388 83950 2043 122 301280.0 1336554.0 757245.853 15157 15769 15462.149 2 47 1000 13.107 [] 381271
106180 141044 84066 2047 122 853823.0 1335652.0 1236429.122 15194 15789 15431.959 0 45 1000 13.107 [] 389789
105982 140746 83862 2050 122 858290.0 1342657.0 1243364.933 15269 15877 15264.363 1 46 1000 13.107 [] 395283
