1 16 24 19356
2 42 21 10098
10 19 28 29829
10 41 20 11316
10 22 16 23653
10 14 27 24455
10 15 18 19077
10 22 15 21194
15 36 25 17242
15 21 12 15676
15 38 27 14328
15 16 34 19062
15 7 16 9933
17 26 15 20907
18 28 9 12439
24 20 28 35354
24 42 23 10851
24 36 19 17934
24 41 22 11637
27 10 23 12424
27 24 35 17707
28 40 24 12431
33 34 44 9081
33 15 29 19810
33 15 36 16231
33 20 32 24643
34 41 21 12131
36 14 18 17852
41 35 24 24317
41 27 35 21766
41 38 43 10748
41 36 21 21766
42 24 11 17621
45 14 22 21420
45 10 4 9997
45 40 20 14463
49 14 21 19046
49 22 18 33620
49 35 47 8156
51 33 39 12919
51 12 22 15341
53 38 19 15735
53 36 39 13212
56 22 32 27285
56 34 30 24320
61 15 10 15619
61 13 19 18984
61 17 11 17175
66 26 34 20427
66 35 28 20427
66 25 35 18417
66 24 10 13917
66 47 33 8384
68 11 18 13504
68 12 29 14719
70 39 21 13555
70 22 13 17850
75 17 14 20039
75 16 25 22310
75 35 30 20039
75 43 26 10228
79 11 21 14308
79 20 16 26437
79 25 10 14308
83 12 18 18580
83 24 12 20616
85 14 19 18362
85 37 28 16640
87 18 13 18255
87 27 10 13813
94 18 19 31008
94 16 31 31760
94 40 25 13545
94 13 30 17834
94 23 2 8639
96 15 32 22386
97 26 2 8804
100 19 16 30737
101 43 21 11307
104 20 13 20788
104 38 29 16955
106 37 26 17854
112 16 21 25521
112 0 31 7795
112 23 14 23037
112 10 32 14047
112 11 29 15350
112 13 20 23965
114 6 8 10531
114 16 29 26309
117 14 16 19657
117 28 15 24435
119 22 40 13606
119 28 8 13606
121 26 13 22311
124 34 23 25458
124 29 8 12808
125 44 20 10005
126 12 21 17590
127 25 13 21657
133 31 31 35634
133 34 27 27953
133 10 34 14925
133 40 22 14925
135 36 30 20511
135 40 29 13963
138 12 19 17847
138 40 27 14777
147 21 9 16928
147 25 11 20752
147 36 27 25914
147 20 48 8832
147 37 27 23139
147 7 15 12968
147 14 14 25914
147 7 30 12968
149 35 21 26907
149 44 22 11419
152 19 39 17466
152 23 13 26894
156 19 32 34189
156 28 12 21470
162 15 14 24232
162 34 31 27572
162 35 34 24232
162 13 24 19506
162 30 39 14612
168 16 12 19818
168 4 21 9581
168 34 28 27733
168 13 16 19818
168 22 35 22053
169 43 17 13010
171 14 20 28287
177 32 34 37059
177 15 21 29244
177 40 28 17376
177 42 32 14427
179 40 21 15821
179 23 8 14453
181 15 27 29437
187 21 39 19915
187 21 14 35458
187 48 20 10190
197 34 39 19198
197 3 48 9421
197 15 30 33939
197 14 33 30048
197 8 20 15777
197 17 33 45330
200 31 38 20462
200 33 37 22802
200 40 19 18447
203 26 10 23142
203 9 9 18698
205 26 9 18967
206 43 20 14420
216 12 16 27073
216 10 27 28811
216 39 22 24137
216 10 39 21611
216 28 7 17565
216 33 9 21611
216 38 24 27073
217 45 21 12218
222 27 4 13599
222 4 43 12540
222 31 40 19846
222 26 11 27615
227 33 42 16723
227 13 31 32376
227 36 31 36576
234 39 27 28490
234 42 19 20339
234 25 9 32528
234 3 4 12773
236 42 24 19413
236 39 25 27039
243 12 35 32822
243 39 24 29086
243 11 12 29086
243 35 8 23102
251 3 30 15388
251 39 26 37169
251 42 25 25874
251 11 32 37169
251 2 49 11985
256 12 15 39293
256 15 12 44678
262 11 19 33945
262 19 37 36983
262 34 7 23003
263 46 21 20059
266 43 19 24889
266 21 7 27946
284 9 36 45249
284 35 7 46954
284 8 30 39782
284 10 22 51601
284 12 31 67545
284 48 21 19734
289 7 18 31223
289 10 20 45557
295 44 27 32821
295 42 20 42205
295 3 49 16904
300 42 22 63750
305 43 18 55028
305 25 43 48198
305 0 13 23156
313 44 19 61993
313 8 18 81583
320 14 42 59831
320 26 7 68309
322 46 20 43749
327 46 22 82990
332 27 7 60681
340 46 18 56647
340 34 43 74367
348 36 43 95756
352 46 24 82939
357 49 49 30000
362 46 19 80413
375 44 16 152884
384 27 0 100094
384 48 23 115322
407 47 20 229242
407 0 30 171597
420 47 18 232209
452 36 45 450874
480 36 47 433416
543 38 49 625679
543 0 17 464858
