21 0 0 1 0 7095 56235 13671.672 541 541 541.000 19 19 2 0.0
24 0 0 3 1 7103 47950 13688.920 545 545 30900.333 21 21 2 17.0
28 0 0 4 1 7281 52908 14597.490 545 549 12003.250 0 23 2 17.0
32 0 0 5 1 7282 52937 14577.687 545 552 11019.200 0 24 2 17.0
34 0 0 5 1 7283 52973 14582.822 545 555 547.600 0 26 2 17.0
37 0 0 5 1 7276 52714 14545.169 539 558 545.800 0 27 2 17.0
38 0 0 8 1 7272 52585 14488.515 539 560 17668.250 0 26 2 17.0
44 0 0 10 1 7269 52456 14441.980 539 564 10140.400 0 28 2 17.0
47 0 0 13 1 7271 52542 14413.687 540 564 11319.462 0 29 2 17.0
50 0 0 13 6 7478 52564 15460.112 541 564 293.154 0 29 2 11.5
57 0 0 17 6 7279 52839 14383.116 541 566 11861.941 0 29 3 11.5
56 0 0 18 6 7479 52592 15386.544 541 565 2846.056 0 30 3 11.5
60 0 0 19 6 7468 52248 15317.773 535 568 2684.632 0 29 3 11.5
64 0 0 20 6 7468 52248 15302.881 535 569 2857.650 0 29 3 11.5
66 0 0 20 11 7462 52076 15274.779 535 570 245.200 0 28 3 12.090909090909092
70 0 0 21 11 7462 52076 15262.523 535 571 2407.905 0 28 3 12.090909090909092
68 0 0 22 12 7451 51732 15191.518 529 571 2589.818 0 27 3 11.916666666666666
71 0 0 24 13 7456 51875 15185.060 529 572 4272.375 0 27 3 12.23076923076923
74 0 0 25 13 7452 51746 15151.856 529 574 2037.080 0 27 3 12.23076923076923
77 0 0 26 13 7452 51746 15139.640 529 575 1954.654 0 28 3 12.23076923076923
79 0 0 26 13 7439 51359 15076.844 523 576 208.962 0 28 3 12.23076923076923
80 0 0 29 13 7442 51445 15051.906 525 576 5064.828 0 26 3 12.23076923076923
84 0 0 30 13 7454 51806 15095.119 524 575 1932.033 0 27 3 12.23076923076923
87 0 0 32 17 7455 51841 15078.280 525 577 2871.031 0 25 3 12.235294117647058
92 0 0 32 17 7707 52306 16336.174 525 577 220.625 0 26 4 12.235294117647058
100 0 0 33 17 7698 52047 16273.642 519 576 1798.818 0 25 4 12.235294117647058
101 0 0 33 19 7698 52047 16273.642 519 578 213.909 0 25 4 12.263157894736842
102 0 0 35 20 7705 52248 16284.303 519 577 3008.171 0 24 4 12.4
109 0 0 36 20 7705 52248 16272.322 519 579 1483.778 0 25 4 12.4
112 0 0 38 20 7699 52076 16211.533 513 579 2950.000 0 25 4 12.4
113 0 0 38 20 7693 51904 16179.996 513 579 200.237 0 24 4 12.4
115 0 0 40 20 7686 51732 16121.898 513 579 2625.550 0 24 4 12.4
123 0 0 40 24 7686 51732 16121.898 513 582 190.325 0 23 4 12.291666666666666
127 0 0 43 25 7680 51560 16049.820 507 581 3638.140 0 23 5 12.44
132 0 0 44 25 7676 51445 16016.942 509 583 1200.727 0 24 5 12.44
137 0 0 44 26 7457 51904 14942.976 509 583 185.273 0 24 5 12.384615384615385
141 0 0 46 26 7459 51961 14926.531 509 585 2175.478 0 23 5 12.384615384615385
147 0 0 46 26 7877 50907 16944.553 509 584 188.696 0 24 5 12.384615384615385
150 0 0 48 26 7315 41654 14189.804 503 584 2267.562 0 22 5 12.384615384615385
155 0 0 49 26 7921 51796 17122.644 509 586 860.673 0 23 5 12.384615384615385
159 0 0 52 30 7910 51574 17026.765 503 586 2880.558 0 22 5 12.366666666666667
162 0 0 52 31 7910 51574 17026.765 503 585 187.519 0 21 5 12.419354838709678
171 0 0 52 31 7899 51352 16973.020 503 584 187.519 0 20 6 12.419354838709678
176 0 0 52 31 7899 51352 16973.020 503 585 187.288 0 21 6 12.419354838709678
180 0 0 54 34 7888 51129 16894.715 497 584 1929.741 0 19 6 12.705882352941176
186 0 0 54 34 7888 51129 16894.715 497 584 180.444 0 19 6 12.705882352941176
191 0 0 54 34 7877 50907 16841.155 497 586 180.370 0 20 6 12.705882352941176
200 0 0 54 34 7877 50907 16841.155 497 587 180.074 0 21 7 12.705882352941176
200 0 0 55 37 7868 50722 16782.953 492 585 1082.564 0 18 7 12.756756756756756
205 0 0 55 37 7868 50722 16782.953 492 587 177.109 0 19 7 12.756756756756756
218 0 0 55 39 7857 50500 16729.411 492 589 177.127 0 20 7 12.794871794871796
226 0 0 55 39 7857 50500 16729.411 492 589 177.000 0 20 7 12.794871794871796
229 0 0 55 41 7860 50561 16732.610 487 589 186.309 0 20 8 12.829268292682928
236 0 0 56 41 7649 50735 15727.207 489 588 967.161 0 20 8 12.829268292682928
242 0 0 56 41 7480 46131 14904.868 489 589 202.839 0 19 8 12.829268292682928
247 0 0 56 43 7482 46194 14916.255 491 590 202.929 0 20 8 12.604651162790697
246 0 0 58 43 7483 46226 14898.314 491 592 1692.483 0 20 8 12.604651162790697
256 0 0 58 43 7482 46205 14894.711 492 593 196.310 0 20 8 12.604651162790697
265 0 0 58 43 7484 46247 14902.255 492 593 196.414 0 20 8 12.604651162790697
267 0 0 59 43 7486 46311 14904.918 494 594 800.271 0 20 9 12.604651162790697
262 0 0 59 46 7487 46332 14908.588 496 592 193.271 0 20 9 12.673913043478262
271 0 0 59 46 7487 46321 14906.776 496 596 193.390 0 19 9 12.673913043478262
262 0 0 60 46 7490 46416 14913.116 496 595 868.633 0 19 9 12.673913043478262
274 0 0 60 46 7496 46587 14943.435 494 597 199.617 0 19 9 12.673913043478262
267 0 0 60 46 7496 46587 14943.435 497 597 199.600 0 19 8 12.673913043478262
268 0 0 61 51 7342 42408 14192.297 497 596 876.689 0 19 9 12.72549019607843
272 0 0 61 51 7840 50166 16557.021 492 597 222.721 0 18 9 12.72549019607843
286 0 0 62 53 7844 49035 16552.462 496 596 1008.855 0 17 9 12.754716981132075
300 0 0 65 53 7499 46662 14885.929 492 598 2388.723 0 18 9 12.754716981132075
313 0 0 66 55 7501 46720 14887.230 497 597 761.803 0 19 10 12.763636363636364
322 0 0 67 55 7496 46572 14852.372 497 597 750.791 0 19 10 12.763636363636364
331 0 0 68 55 7496 46572 14839.329 497 595 892.838 0 19 10 12.763636363636364
338 0 0 68 55 7496 46572 14839.329 498 595 208.000 0 18 10 12.763636363636364
346 0 0 69 55 7498 46626 14835.907 492 598 887.855 0 17 11 12.763636363636364
345 0 0 69 59 7500 46678 14845.143 494 598 212.884 0 16 11 12.711864406779661
352 0 0 69 59 7498 46641 14838.429 497 597 213.029 0 17 11 12.711864406779661
354 0 0 70 59 7495 46537 14807.384 493 598 876.071 0 16 11 12.711864406779661
365 0 0 70 59 8138 50166 17780.799 497 597 216.886 0 16 11 12.711864406779661
373 0 0 70 62 8138 50166 17780.799 497 599 217.086 0 15 11 12.709677419354838
391 0 0 71 62 8140 50203 17768.567 498 598 833.958 0 15 12 12.709677419354838
396 0 0 72 62 8129 50018 17702.551 494 598 905.681 0 15 12 12.709677419354838
410 0 0 74 62 7682 51605 15624.640 494 597 1464.703 0 16 12 12.709677419354838
418 0 0 75 64 7678 51506 15599.649 494 599 691.573 0 15 13 12.71875
423 0 0 75 64 7682 51629 15620.864 494 600 224.333 0 16 13 12.71875
429 0 0 75 66 7682 51617 15618.755 489 599 224.293 0 17 13 12.681818181818182
439 0 0 75 66 7682 51629 15620.864 489 601 224.600 0 16 13 12.681818181818182
453 0 0 75 68 7682 51605 15616.618 489 604 224.840 0 17 14 12.705882352941176
467 0 0 76 68 7683 51654 15615.010 489 604 745.658 0 16 14 12.705882352941176
476 0 0 77 68 7684 51679 15611.303 484 604 675.390 0 15 14 12.705882352941176
487 0 0 77 68 7684 51679 15611.303 484 603 219.714 0 16 14 12.705882352941176
497 0 0 77 68 7685 51691 15613.460 484 606 220.169 0 17 15 12.705882352941176
509 0 0 77 68 7688 51777 15628.283 484 606 220.364 0 16 15 12.705882352941176
512 0 0 78 68 8409 54858 18799.429 479 608 805.987 0 17 15 12.705882352941176
538 0 0 79 73 8409 54858 18787.509 483 607 824.747 0 17 16 12.73972602739726
546 0 0 80 73 7888 50068 16520.598 480 609 827.400 0 18 17 12.73972602739726
567 0 0 81 74 7891 50137 16521.202 479 612 650.123 0 18 17 12.702702702702704
576 0 0 81 75 7906 50498 16593.171 479 612 236.173 0 18 17 12.84
582 0 0 83 75 7904 50441 16565.253 479 612 1114.145 0 18 17 12.84
599 0 0 83 75 7908 50527 16582.452 479 614 230.892 0 18 18 12.84
597 0 0 84 76 7905 50455 16554.061 474 613 829.762 0 18 18 12.789473684210526
608 0 0 86 77 7909 50555 16557.549 474 615 1075.558 0 19 19 12.857142857142858
616 0 0 87 77 7912 50627 16560.015 474 618 730.874 0 19 19 12.857142857142858
616 0 0 88 77 7550 48038 14884.026 474 618 617.034 0 19 18 12.857142857142858
631 0 0 89 79 7553 48118 14891.908 469 618 549.787 0 20 19 12.848101265822784
641 0 0 91 79 7554 48145 14876.166 469 619 1091.637 0 20 19 12.848101265822784
665 0 0 92 80 7555 48179 14872.438 469 619 620.957 0 21 19 12.8375
665 0 0 92 80 7920 50805 16543.039 469 619 222.272 0 21 20 12.8375
689 0 0 92 80 7919 50789 16539.745 470 622 228.109 0 21 20 12.8375
698 0 0 92 80 8348 53796 18350.363 471 621 239.120 0 22 21 12.8375
706 0 0 94 80 7936 51187 16578.221 471 623 1242.479 0 22 21 12.8375
711 0 0 98 80 7938 51225 16544.096 472 624 1867.755 0 22 22 12.8375
729 0 0 99 85 7747 53367 15668.896 472 626 643.919 0 22 22 12.952941176470588
745 0 0 99 85 7748 53415 15676.900 467 626 245.071 0 22 22 12.952941176470588
759 0 0 104 87 7753 53539 15647.191 467 626 2150.865 0 22 22 12.977011494252874
784 0 0 104 87 7752 53520 15644.019 467 629 234.029 0 23 23 12.977011494252874
800 0 0 104 87 7755 53606 15658.472 467 629 234.308 0 22 24 12.977011494252874
831 0 0 104 89 8188 51037 17575.184 462 629 239.923 0 23 24 12.92134831460674
851 9 3 105 89 8192 51111 17585.709 464 632 605.476 0 24 25 12.92134831460674
876 12 4 107 91 7972 52032 16584.950 466 632 1179.673 0 24 26 12.989010989010989
903 21 8 109 91 8420 55051 18444.781 468 635 1031.266 0 24 27 12.989010989010989
901 18 7 110 92 8198 51203 17528.935 468 633 682.591 0 22 26 12.978260869565217
925 21 8 111 92 8203 51292 17538.191 468 636 697.532 0 23 27 12.978260869565217
959 27 10 112 92 8207 51366 17543.678 470 638 692.911 0 22 27 12.978260869565217
991 30 11 113 94 8200 51248 17499.326 472 637 687.850 0 22 29 12.97872340425532
1006 39 14 115 95 8208 51381 17508.866 472 639 1058.043 0 23 29 13.042105263157895
1036 45 17 116 96 8452 55598 18497.845 473 639 675.397 0 23 30 13.041666666666666
1065 45 17 117 97 8000 52693 16579.084 474 642 658.034 0 23 31 13.030927835051546
1088 66 25 118 97 7804 48100 15698.867 476 642 515.771 0 24 32 13.030927835051546
1113 69 28 119 97 8817 55116 19895.691 477 645 562.748 0 24 32 13.030927835051546
1133 69 29 120 97 8817 55116 19883.918 477 646 647.750 0 24 33 13.030927835051546
1134 75 31 121 97 8832 55346 19939.069 478 646 646.967 0 25 33 13.030927835051546
1176 81 32 122 97 8835 55396 19941.588 480 648 648.025 0 25 35 13.030927835051546
1205 90 36 122 101 8838 55443 19955.300 482 648 258.000 0 26 35 12.96039603960396
1254 96 39 124 101 8833 55357 19909.049 482 650 984.911 0 26 36 12.96039603960396
1269 111 47 125 103 8829 55305 19882.249 484 651 638.152 0 25 37 12.96116504854369
1300 114 48 126 103 8820 55168 19830.520 486 650 632.992 0 25 37 12.96116504854369
1337 117 51 127 103 8820 55168 19821.126 486 655 581.591 0 25 39 12.96116504854369
1367 129 54 127 105 8819 55150 19816.186 484 657 250.748 0 26 40 12.980952380952381
1395 162 65 127 105 7659 44714 14982.048 485 657 256.118 0 26 40 12.980952380952381
1411 180 73 128 105 8314 53214 17830.084 481 660 476.500 0 25 41 12.980952380952381
1457 192 78 128 105 8315 53235 17835.320 485 660 264.172 0 25 41 12.980952380952381
1484 201 87 130 105 8572 57669 18859.094 487 661 980.062 0 25 43 12.980952380952381
1525 213 93 132 105 7869 49620 15847.797 489 663 1034.856 0 26 44 12.980952380952381
1545 277 123 133 105 7876 49788 15867.138 489 666 498.271 0 25 44 12.980952380952381
1577 314 143 135 105 8348 53176 17887.744 491 666 752.319 0 24 45 12.980952380952381
1620 338 152 135 105 7886 50015 15892.989 491 668 283.704 0 25 47 12.980952380952381
1634 344 164 136 110 8356 53338 17910.808 493 671 570.154 0 25 46 13.081818181818182
1659 366 178 139 110 8358 53373 17881.578 496 671 1289.647 0 26 48 13.081818181818182
1682 383 187 139 112 8913 56550 20062.059 497 673 285.237 0 26 48 13.107142857142858
1716 404 199 139 112 8929 56788 20129.977 498 676 293.626 0 27 49 13.107142857142858
1761 412 202 139 112 8379 53792 17971.772 500 675 298.259 0 27 49 13.107142857142858
1812 422 228 141 114 8128 55676 16884.781 500 678 938.922 0 27 52 13.105263157894736
1849 452 251 142 114 8135 55828 16899.359 502 678 640.852 0 27 53 13.105263157894736
1908 495 274 142 114 8144 56053 16940.989 506 681 298.852 0 27 55 13.105263157894736
1969 499 292 143 114 9427 57096 21910.022 507 683 534.965 0 28 56 13.105263157894736
2030 530 321 146 116 9427 57096 21874.356 509 685 1320.801 0 29 58 13.051724137931034
2078 550 344 146 116 8167 56578 16989.810 510 687 300.685 0 28 60 13.051724137931034
2138 587 370 147 116 8177 56816 17021.989 504 688 599.449 0 29 61 13.051724137931034
2169 603 385 148 116 8182 56932 17037.922 504 691 509.324 0 29 62 13.051724137931034
2245 627 407 149 116 8441 55033 18118.764 504 694 541.034 0 30 66 13.051724137931034
2295 649 426 153 116 8728 53806 19239.455 504 694 1434.575 0 31 66 13.051724137931034
2332 718 469 155 121 8738 53954 19262.740 498 696 843.613 0 32 68 12.975206611570249
2382 793 504 155 121 8762 54298 19360.664 506 697 314.587 0 33 69 12.975206611570249
2443 813 514 155 121 8787 54671 19460.331 506 700 319.458 0 34 68 12.975206611570249
2511 842 532 155 121 8793 54759 19485.436 508 702 320.445 0 35 72 12.975206611570249
2582 928 575 158 121 9512 58186 22081.491 512 704 1264.684 0 36 74 12.975206611570249
2673 948 587 160 121 9519 58272 22084.256 515 708 953.562 0 36 78 12.975206611570249
2731 986 618 164 125 9508 58128 21994.198 516 709 1478.457 0 36 80 13.008
2783 1057 662 164 126 8521 56646 18292.500 518 712 313.957 0 33 81 13.047619047619047
2875 1151 715 164 126 8272 59034 17258.348 522 715 322.939 0 34 81 13.047619047619047
2926 1158 721 166 127 10138 58817 24121.132 522 715 874.054 0 34 82 13.031496062992126
3005 1285 792 170 127 10138 58817 24076.655 526 720 1494.329 0 36 84 13.031496062992126
3114 1323 824 171 127 8572 57676 18434.675 528 720 624.924 0 36 90 13.031496062992126
3171 1393 863 172 127 8888 56185 19684.458 524 723 661.384 0 37 92 13.031496062992126
3269 1518 936 172 127 10122 58645 23972.581 526 729 330.651 0 39 93 13.031496062992126
3339 1611 970 172 127 8085 54661 16376.140 528 732 335.558 0 39 96 13.031496062992126
3435 1756 1029 173 131 8099 54987 16418.144 532 735 659.457 0 40 98 13.022900763358779
3505 1844 1079 176 131 8352 60898 17449.532 534 737 913.017 0 40 100 13.022900763358779
3598 1905 1133 176 133 9712 60745 22660.251 536 740 349.949 0 41 101 13.06766917293233
3698 2051 1183 178 133 9731 60986 22714.905 538 742 880.326 0 40 105 13.06766917293233
3785 2121 1232 179 134 9349 63034 21365.536 542 746 650.983 0 41 106 13.044776119402986
3873 2248 1309 180 134 8395 61896 17588.170 544 749 563.939 0 41 110 13.044776119402986
3966 2330 1379 181 134 7911 50599 15577.273 546 749 563.094 0 42 113 13.044776119402986
4053 2534 1475 185 134 8709 60423 18832.629 552 754 993.227 0 43 113 13.044776119402986
4132 2691 1572 185 134 8432 62769 17698.251 554 755 371.022 0 43 120 13.044776119402986
4188 2685 1597 185 134 8441 62970 17733.895 556 758 372.195 0 42 119 13.044776119402986
4316 2881 1679 186 137 8455 63298 17781.065 560 763 600.167 0 44 123 13.10948905109489
4417 3065 1786 188 137 8764 61520 19002.728 564 769 928.968 0 45 126 13.10948905109489
4523 3177 1853 188 137 9128 60092 20450.817 567 771 389.383 0 44 129 13.10948905109489
4643 3309 1964 190 137 8491 64148 17861.169 569 772 983.221 0 43 132 13.10948905109489
4726 3506 2090 192 137 9965 63981 23449.633 574 777 922.844 0 43 136 13.10948905109489
4824 3599 2145 192 137 8243 58342 16816.475 576 780 396.812 0 45 135 13.10948905109489
4917 3835 2246 194 137 8840 63045 19222.377 580 786 808.794 0 45 143 13.10948905109489
5008 3979 2335 196 137 11270 63207 27535.217 581 789 967.694 0 46 140 13.10948905109489
5113 4050 2381 198 137 10049 65063 23700.144 581 792 969.343 0 47 143 13.10948905109489
5208 4310 2534 199 137 8573 66054 18088.135 581 793 604.025 0 48 151 13.10948905109489
5343 4444 2651 199 142 9258 62335 20817.957 575 797 416.482 0 48 152 13.17605633802817
5453 4604 2776 201 142 9279 62691 20868.030 575 806 965.463 0 49 158 13.17605633802817
5584 4772 2884 202 142 11329 63766 27679.185 577 805 692.376 0 47 158 13.17605633802817
5728 5097 3014 205 145 9735 61578 22529.254 583 812 1252.410 0 47 162 13.179310344827586
5855 5247 3145 208 145 9753 61852 22559.517 587 813 1153.644 0 48 164 13.179310344827586
5953 5328 3193 210 145 9786 62343 22659.383 589 819 976.895 0 47 166 13.179310344827586
6045 5578 3270 211 147 9812 62727 22741.080 595 825 721.460 0 45 175 13.210884353741497
6182 5800 3399 212 147 9411 64976 21210.265 600 829 662.915 0 46 175 13.210884353741497
6382 5956 3544 214 148 9430 65298 21263.117 605 833 857.668 0 45 178 13.22972972972973
6493 6233 3668 216 149 9455 65737 21334.797 611 839 938.505 0 47 186 13.261744966442953
6593 6426 3753 218 149 9089 68047 19875.427 614 845 932.867 0 48 187 13.261744966442953
6732 6487 3887 221 149 9917 64298 23002.136 617 844 1056.448 0 49 191 13.261744966442953
6827 6690 3991 224 149 9122 68719 19927.391 622 852 1269.018 0 50 193 13.261744966442953
6940 6986 4038 226 149 9145 69180 20003.519 628 857 762.137 0 52 197 13.261744966442953
7045 7203 4166 227 149 10014 65738 23289.006 634 860 752.612 0 51 200 13.261744966442953
7227 7339 4280 230 149 9180 69885 20071.942 636 866 1268.639 0 52 209 13.261744966442953
7413 7677 4438 231 149 12735 68199 31621.720 639 874 657.208 0 53 206 13.261744966442953
7560 7759 4577 233 149 10613 72282 25332.923 639 874 979.511 0 52 211 13.261744966442953
7698 7895 4668 238 149 10640 72636 25367.685 639 880 1653.424 0 52 218 13.261744966442953
7922 8341 4855 238 154 10689 73260 25553.763 632 887 456.252 0 53 220 13.318181818181818
8040 8538 4982 240 155 10178 68181 23701.678 638 891 1014.471 0 52 228 13.361290322580645
8264 8964 5209 243 155 8617 58582 17722.645 644 897 1136.802 0 55 230 13.361290322580645
8458 9221 5361 246 155 10243 69144 23862.646 647 901 907.407 0 54 239 13.361290322580645
8646 9634 5525 247 155 10282 69724 23995.617 656 910 687.745 0 56 241 13.361290322580645
8873 9865 5716 247 155 10883 75740 26126.043 659 914 482.927 0 57 257 13.361290322580645
9023 10131 5831 249 159 9862 72771 22420.684 663 920 1001.052 0 57 258 13.471698113207546
9242 10653 6022 252 159 10962 69557 26331.810 672 925 1219.040 0 55 257 13.471698113207546
9480 10922 6250 254 159 9468 75666 20848.202 678 932 1010.976 0 56 265 13.471698113207546
9687 11438 6479 254 159 10458 72340 24537.317 683 939 508.386 0 57 274 13.471698113207546
9886 12306 6753 255 159 11105 71385 26801.787 694 947 765.133 0 58 280 13.471698113207546
10096 12725 6927 257 162 9572 77760 21195.337 700 955 1079.926 0 61 292 13.469135802469136
10312 12952 7111 260 162 10579 74136 24897.100 706 963 1027.196 0 60 299 13.469135802469136
10488 13589 7305 264 162 11239 73108 27155.350 712 969 1420.042 0 62 304 13.469135802469136
10705 14304 7566 268 162 10143 77632 23171.126 721 976 1584.317 0 62 303 13.469135802469136
10972 14988 7870 269 162 11354 74582 27464.189 730 983 791.565 0 64 317 13.469135802469136
11106 15252 8077 270 162 10209 78776 23366.780 735 990 788.452 0 64 319 13.469135802469136
11346 15717 8351 272 162 11439 75662 27714.914 742 998 967.371 0 62 321 13.469135802469136
11628 16686 8650 273 166 10858 78295 25677.720 752 1008 804.282 0 65 330 13.560240963855422
11891 17290 8953 277 166 13151 81052 33073.867 761 1016 1631.978 0 66 336 13.560240963855422
12158 17588 9231 279 168 9864 83628 21893.362 766 1026 1104.487 0 67 344 13.583333333333334
12505 18581 9667 280 168 11011 80566 26071.969 777 1037 735.550 0 67 353 13.583333333333334
12792 19001 9973 282 168 12526 85147 31181.849 786 1041 1064.649 0 68 361 13.583333333333334
13126 19635 10250 286 168 11788 80129 28678.047 794 1052 1574.500 0 70 364 13.583333333333334
13399 20142 10541 289 168 9543 77172 20556.738 802 1060 1357.422 0 69 379 13.583333333333334
13645 21046 10854 293 168 12742 80322 31739.598 815 1070 1222.266 0 68 386 13.583333333333334
13940 21286 11121 294 168 11256 84210 26696.769 821 1076 882.432 0 68 394 13.583333333333334
14297 22465 11618 298 172 8835 62946 17860.451 836 1089 1427.611 0 72 405 13.604651162790697
14644 22937 11998 299 172 13860 87780 35106.564 841 1099 787.987 0 72 416 13.604651162790697
14964 23895 12335 300 172 13952 88647 35402.882 851 1109 910.777 0 71 423 13.604651162790697
15260 24493 12614 302 172 13098 84250 32809.321 862 1120 1151.669 1 71 431 13.604651162790697
15538 25253 12977 302 172 12304 86737 30197.372 872 1127 665.556 0 70 439 13.604651162790697
15903 26244 13456 305 172 9376 73828 19730.671 883 1142 1293.728 0 74 459 13.604651162790697
16274 26712 13872 305 172 10387 94130 23387.873 890 1133 680.764 1 74 462 13.604651162790697
16567 27594 14358 308 172 9435 74994 19917.161 900 1158 1136.282 1 72 468 13.604651162790697
16975 28734 14822 308 177 10473 95854 23664.187 908 1164 710.955 0 72 472 13.734463276836157
17391 30428 15379 311 177 13587 89637 34354.921 924 1178 1218.598 0 74 484 13.734463276836157
17714 30905 15770 314 177 10568 97759 23910.942 928 1191 1540.946 2 76 505 13.734463276836157
18109 31839 16220 314 177 11960 94686 28830.420 940 1200 741.803 0 74 511 13.734463276836157
18521 33850 16753 317 177 12056 96113 29133.890 958 1217 1294.603 0 77 533 13.734463276836157
18955 34286 17251 319 179 14960 91016 38481.961 965 1225 1253.292 0 77 535 13.726256983240223
19381 35855 17759 320 179 14041 94642 35721.838 982 1243 1065.994 0 79 539 13.726256983240223
19826 37282 18378 323 179 10834 103100 24711.577 995 1251 1563.523 1 80 572 13.726256983240223
20277 37733 18865 325 179 11554 102018 27232.709 1001 1261 1130.652 0 78 572 13.726256983240223
20840 39081 19610 325 179 11620 103161 27467.723 1014 1273 821.052 1 79 578 13.726256983240223
21313 40836 20197 328 179 15569 96792 40358.197 1031 1293 1469.387 0 82 615 13.726256983240223
21929 42055 20964 328 182 13469 101667 33774.088 1047 1301 858.399 0 84 619 13.741758241758241
22386 42917 21573 332 183 15805 99031 41057.892 1053 1309 1841.063 0 83 648 13.781420765027322
22875 45050 22333 338 183 11912 108213 28279.071 1074 1333 2367.130 1 87 650 13.781420765027322
23405 45498 22910 341 183 13729 104998 34435.236 1081 1339 1477.877 1 83 661 13.781420765027322
23999 47734 23798 343 185 12895 108609 31591.343 1095 1361 1434.615 0 87 664 13.827027027027027
24443 49444 24452 345 185 11370 113877 26232.193 1115 1375 1548.803 0 89 690 13.827027027027027
24994 51045 25203 347 185 12213 113411 29130.377 1115 1391 1240.121 0 91 705 13.827027027027027
25526 51902 25916 349 185 19751 109857 51655.833 1115 1397 1516.215 0 93 736 13.827027027027027
26053 54478 26786 350 185 10285 92071 22356.429 1135 1432 1263.546 0 96 752 13.827027027027027
26541 55805 27475 353 185 14400 113585 36429.653 1150 1440 1405.425 0 94 749 13.827027027027027
26931 56463 28088 353 185 15693 112851 40629.942 1160 1451 997.289 0 94 760 13.827027027027027
27585 58453 28912 355 185 10431 95004 22797.041 1180 1469 1574.073 0 95 778 13.827027027027027
28096 59895 29609 360 185 17352 113710 45592.436 1195 1487 1725.353 2 96 793 13.827027027027027
28849 62411 30670 363 185 14871 119616 37825.347 1223 1511 1805.664 1 100 816 13.827027027027027
29572 64408 31597 367 185 17757 117551 46756.981 1241 1536 2056.687 0 99 834 13.827027027027027
30296 65630 32591 372 185 17889 118806 47063.088 1257 1546 2442.524 0 97 855 13.827027027027027
30936 67825 33622 378 185 14097 126481 34931.570 1275 1568 2807.571 0 98 893 13.827027027027027
31701 69854 34699 379 185 18268 122399 48111.746 1291 1590 1282.153 1 101 894 13.827027027027027
32501 71750 35793 383 185 16916 126330 43950.336 1315 1611 2389.057 0 102 900 13.827027027027027
33162 74687 36763 388 185 18732 126805 49359.402 1345 1643 2421.067 4 106 957 13.827027027027027
33883 75577 37678 390 185 22755 130966 60096.585 1363 1657 1802.364 0 101 956 13.827027027027027
34736 79086 38860 393 185 19182 131071 50663.570 1393 1691 2120.466 1 102 980 13.827027027027027
35575 80657 40102 398 190 17690 134868 46074.242 1419 1703 2623.734 0 105 1000 13.878947368421052
36453 83450 41392 400 190 26402 136625 68989.634 1434 1731 1889.172 1 108 1000 13.878947368421052
37147 85853 42383 405 190 21783 142087 57797.571 1448 1761 2831.830 0 105 1000 13.878947368421052
37855 89873 43482 409 190 15414 146080 38484.885 1476 1797 2483.861 3 111 1000 13.878947368421052
38719 92706 44798 412 190 22446 147507 59663.762 1504 1823 2019.820 0 111 1000 13.878947368421052
39602 95208 46088 416 192 15735 150866 39347.439 1528 1853 2483.760 2 114 1000 13.90625
40292 96169 47131 423 192 18949 148749 49317.247 1546 1874 2982.771 0 113 1000 13.90625
40863 99875 48088 426 192 25793 152324 68335.019 1582 1904 2295.059 2 113 1000 13.90625
41648 101968 49212 429 192 28973 152182 75771.128 1610 1931 2376.704 1 112 1000 13.90625
42361 104557 50333 431 192 23948 159773 63751.296 1643 1961 2021.288 2 117 1000 13.90625
43060 106563 51344 437 192 26814 159495 71067.153 1667 1996 3373.835 0 115 1000 13.90625
43716 107271 52307 439 195 30200 159606 79075.524 1691 1996 2032.524 2 118 1000 14.0
44402 109717 53522 439 195 18446 165409 47288.672 1721 2042 1465.640 1 118 1000 14.0
45123 111827 54717 444 195 18642 167916 47763.026 1751 2076 2666.356 0 112 1000 14.0
45673 115816 55690 451 195 23013 167423 60880.803 1789 2114 3282.160 1 113 1000 14.0
46191 115830 56545 455 195 25714 174195 68350.773 1810 2138 2732.936 1 116 1000 14.0
46658 120156 57486 457 196 19323 176634 49518.172 1849 2172 2207.263 4 114 1000 14.01530612244898
47354 120460 58586 457 196 19454 178309 49917.180 1868 2196 1606.433 0 113 1000 14.01530612244898
47853 122403 59380 459 196 19655 180890 50499.455 1899 2223 2070.009 0 113 1000 14.01530612244898
48415 126601 60390 461 196 30175 183119 80299.458 1938 2272 2206.872 0 113 1000 14.01530612244898
48814 126099 60938 464 196 22152 184048 58046.543 1958 2285 2828.886 0 111 1000 14.01530612244898
49382 128142 61932 465 199 22385 186621 58738.290 1991 2312 2021.901 0 111 1000 14.110552763819095
50189 133305 63271 466 199 39423 187235 101283.293 2022 2355 2001.972 0 115 1000 14.110552763819095
50806 135627 64362 466 199 20778 195269 53774.411 2052 2387 1811.571 2 113 1000 14.110552763819095
51271 135329 65022 469 199 15795 202739 38189.871 2072 2409 2697.859 1 116 1000 14.110552763819095
51880 137650 66244 471 199 25983 195598 69234.767 2102 2451 2355.011 0 114 1000 14.110552763819095
52558 143068 67339 472 199 23772 201913 62711.543 2149 2484 2189.413 2 115 1000 14.110552763819095
53219 145161 68550 480 199 21663 206610 56027.295 2189 2508 4084.781 2 117 1000 14.110552763819095
53724 147111 69314 483 199 21890 209511 56619.251 2220 2553 2761.400 1 116 1000 14.110552763819095
54359 147053 70372 484 201 43051 206127 110656.450 2239 2583 2281.103 0 118 1000 14.149253731343284
54696 149073 71100 490 201 22261 214265 57559.876 2269 2608 4459.782 1 117 1000 14.149253731343284
55149 154203 71901 494 201 39350 214957 103366.839 2313 2667 3064.182 2 115 1000 14.149253731343284
55625 153340 72569 498 201 35257 218842 93667.588 2335 2684 3700.568 0 113 1000 14.149253731343284
56070 155659 73312 501 201 35701 221962 94831.914 2368 2723 3243.483 0 113 1000 14.149253731343284
56477 157778 74060 505 201 40739 223363 106760.677 2413 2753 3792.103 1 116 1000 14.149253731343284
56782 159773 74850 510 201 36600 228278 96970.036 2446 2796 4189.465 2 116 1000 14.149253731343284
56955 164344 75341 514 203 33168 227865 88153.924 2497 2845 3777.815 2 114 1000 14.182266009852217
57526 166721 76453 519 203 37698 235996 99743.596 2533 2889 3834.123 1 114 1000 14.182266009852217
57855 168599 77249 522 204 24331 240779 62778.588 2557 2913 3378.910 1 117 1000 14.215686274509803
58208 167866 78094 522 204 34206 236339 90916.036 2569 2952 2331.398 0 116 1000 14.215686274509803
58444 173651 78917 529 204 44149 243988 115226.750 2631 2993 4718.915 2 113 1000 14.215686274509803
58981 176166 79832 532 204 39651 249722 104689.293 2667 3042 3741.688 1 111 1000 14.215686274509803
59522 175397 80836 537 204 39925 251649 105230.347 2693 3067 4245.467 0 111 1000 14.215686274509803
59642 180747 81367 543 205 28713 256371 74996.230 2752 3118 4610.580 4 111 1000 14.248780487804877
59881 178732 81703 547 205 36363 253956 95986.045 2778 3140 3684.867 0 113 1000 14.248780487804877
60063 180232 82185 550 205 46808 260079 121519.431 2815 3188 3444.891 1 109 1000 14.248780487804877
60303 185300 82881 555 205 37390 262336 98582.412 2865 3242 4767.681 3 111 1000 14.248780487804877
60745 183186 83537 563 205 42401 261854 110941.895 2879 3262 5185.769 0 108 1000 14.248780487804877
61309 189830 84626 567 206 55363 270236 140018.625 2949 3330 4209.120 3 110 1000 14.266990291262136
61642 187995 85288 568 206 30482 275871 79182.953 2952 3338 3100.771 0 111 1000 14.266990291262136
62051 190402 86201 574 206 30800 279383 79846.830 2994 3394 4383.948 2 112 1000 14.266990291262136
62381 195090 86910 579 206 39592 280326 103658.352 3049 3462 3974.420 3 113 1000 14.266990291262136
62922 193493 87820 585 206 35343 284400 92049.844 3079 3467 4900.176 0 113 1000 14.266990291262136
63423 195318 88777 588 206 51540 288704 132237.249 3124 3523 3630.342 2 111 1000 14.266990291262136
63603 196486 89237 593 206 32111 293828 82836.408 3165 3558 5041.130 0 114 1000 14.266990291262136
64001 198132 90111 593 206 46549 291009 120760.512 3210 3610 2840.895 1 113 1000 14.266990291262136
64108 202975 90539 597 208 53670 301591 137503.318 3270 3669 4298.859 2 110 1000 14.317307692307692
64686 205903 91739 602 208 48003 301230 124354.355 3307 3723 5000.198 2 114 1000 14.317307692307692
65221 207731 92646 609 208 55055 309968 140537.363 3339 3761 5626.998 1 110 1000 14.317307692307692
65804 210033 93880 613 208 49145 309258 127005.503 3403 3822 4301.912 1 113 1000 14.317307692307692
66278 211800 94714 614 208 38834 317529 100800.111 3449 3863 3500.389 1 110 1000 14.317307692307692
66688 214188 95744 619 208 50315 317478 129881.055 3496 3904 4516.544 0 108 1000 14.317307692307692
66827 215783 96306 623 208 57803 326590 147151.976 3543 3967 4807.801 1 107 1000 14.317307692307692
67123 217547 96830 628 208 51513 325898 132613.148 3594 4025 5213.309 1 110 1000 14.317307692307692
67370 215225 97412 629 209 45683 330058 118297.673 3621 4025 3459.134 0 109 1000 14.334928229665072
67891 221616 98626 633 209 59858 339022 152114.157 3693 4110 4661.171 3 106 1000 14.334928229665072
68116 224082 99340 637 209 69173 342141 172129.215 3743 4160 5206.463 2 109 1000 14.334928229665072
68386 225581 100006 640 209 32959 351270 83741.429 3793 4205 4796.527 3 109 1000 14.334928229665072
68817 227004 100851 642 210 54521 347040 139865.691 3830 4252 4024.310 1 105 1000 14.366666666666667
69322 228808 101739 650 210 48607 353942 125037.821 3883 4315 6727.677 1 104 1000 14.366666666666667
69916 226320 102773 656 210 82215 354771 197552.768 3917 4331 5897.224 0 104 1000 14.366666666666667
70206 233489 103701 660 210 64387 359224 161951.709 4008 4417 5632.980 1 107 1000 14.366666666666667
70497 235845 104403 669 210 50328 367996 128420.823 4063 4463 7625.010 1 106 1000 14.366666666666667
70786 232321 105016 675 211 65482 365845 163669.674 4078 4497 5616.784 1 106 1000 14.412322274881516
71121 238609 105914 682 211 75977 377570 186009.322 4158 4565 7034.198 3 106 1000 14.412322274881516
71408 235264 106579 686 211 87417 378088 208092.053 4183 4585 5449.945 1 108 1000 14.412322274881516
71921 241227 107780 689 211 77735 386724 190042.833 4266 4687 5184.335 3 104 1000 14.412322274881516
72187 238247 108526 693 211 102183 384222 233984.603 4261 4710 5688.074 0 102 1000 14.412322274881516
72315 239738 108889 698 212 46993 394932 118826.670 4324 4767 6399.254 2 100 1000 14.443396226415095
72380 241328 109311 702 212 91380 395846 216579.205 4366 4821 4840.752 1 97 1000 14.443396226415095
72628 248475 110177 708 212 81591 406801 198231.867 4474 4907 7110.977 0 101 1000 14.443396226415095
72629 244452 110206 714 212 55188 407682 138792.834 4496 4940 6760.966 1 101 1000 14.443396226415095
72818 251689 111001 722 212 83461 416540 201822.564 4584 5026 6543.202 2 102 1000 14.443396226415095
73199 253213 111797 727 212 73859 416526 181676.557 4629 5089 6126.041 0 99 1000 14.443396226415095
73686 250112 112622 730 212 65013 420785 161715.140 4675 5102 5367.026 0 99 1000 14.443396226415095
73744 255816 113018 732 212 75488 426383 185456.929 4767 5190 4860.172 4 98 1000 14.443396226415095
73870 256556 113247 736 212 100082 434847 234937.312 4837 5257 6076.822 2 101 1000 14.443396226415095
74079 258157 113688 744 212 88231 434176 212050.492 4880 5311 8185.867 1 100 1000 14.443396226415095
74414 259612 114345 748 212 59891 446091 149332.514 4942 5397 6216.079 2 102 1000 14.443396226415095
74796 255948 115043 750 212 52853 450533 131920.410 4961 5411 5241.784 0 97 1000 14.443396226415095
74793 262367 115426 753 212 119858 452402 270433.202 5054 5497 5366.490 3 96 1000 14.443396226415095
74993 258288 115884 760 213 70068 456317 172772.232 5092 5533 8151.282 0 96 1000 14.464788732394366
75432 265269 116820 765 213 106865 465247 248933.201 5186 5636 5927.413 4 98 1000 14.464788732394366
75713 266634 117469 772 213 142589 466694 306376.435 5237 5686 8229.062 2 95 1000 14.464788732394366
76175 268099 118403 776 213 109366 476454 253954.359 5312 5740 6814.472 2 97 1000 14.464788732394366
76331 263982 118757 777 213 83671 475887 203041.825 5338 5766 4958.205 1 96 1000 14.464788732394366
76854 266089 119971 782 213 146660 480210 314420.048 5381 5843 6999.283 2 94 1000 14.464788732394366
77282 273355 120853 785 213 113083 485914 262077.045 5497 5941 6364.715 0 93 1000 14.464788732394366
77759 274786 121862 794 213 87029 496197 210324.257 5551 6015 9233.048 2 93 1000 14.464788732394366
78062 276354 122788 797 213 115748 497857 267349.723 5633 6072 6130.440 2 95 1000 14.464788732394366
78155 271580 122973 798 215 101344 502454 240139.251 5655 6107 5462.904 0 95 1000 14.553488372093023
78693 278907 124250 804 215 136115 515112 303212.047 5767 6215 7794.864 3 95 1000 14.553488372093023
79001 280187 124698 807 215 69424 523939 171265.003 5823 6286 6325.097 1 92 1000 14.553488372093023
79225 275539 125227 810 215 41511 534395 101335.183 5846 6303 6032.358 1 90 1000 14.553488372093023
79369 276650 125453 812 215 160737 526947 342564.733 5908 6379 5547.379 1 92 1000 14.553488372093023
79889 284277 126757 819 215 71611 541792 175874.494 6020 6498 9426.810 3 96 1000 14.553488372093023
80309 285787 127777 820 215 82746 545429 201401.845 6080 6566 5558.212 0 93 1000 14.553488372093023
80685 287170 128619 824 215 83622 551586 203162.365 6165 6630 7179.837 1 95 1000 14.553488372093023
80979 282240 128985 828 215 193724 549650 390276.579 6198 6659 7013.699 0 95 1000 14.553488372093023
80898 283108 129099 833 215 128442 554747 293914.315 6261 6751 8538.504 2 93 1000 14.553488372093023
81367 290534 130183 841 215 130570 564288 298186.356 6376 6850 9623.637 3 93 1000 14.553488372093023
81567 291108 130603 846 215 151802 575621 334764.528 6448 6938 8010.584 2 92 1000 14.553488372093023
81623 292223 130827 852 215 101139 581561 240601.643 6520 7012 9392.759 0 92 1000 14.553488372093023
82072 293146 131590 859 215 117354 585820 273535.599 6599 7076 8606.674 1 91 1000 14.553488372093023
82354 288284 132276 864 215 156043 591980 342465.333 6642 7108 7712.188 1 93 1000 14.553488372093023
82694 296168 132734 873 215 119884 598993 278232.012 6759 7247 11293.877 2 90 1000 14.553488372093023
82777 290935 132890 876 215 183278 601785 384829.379 6792 7267 7244.170 0 88 1000 14.553488372093023
83170 292781 133691 880 215 161335 612395 352409.525 6893 7343 8240.736 2 91 1000 14.553488372093023
83687 300826 134684 884 215 142616 618272 321904.066 7022 7473 7966.588 4 92 1000 14.553488372093023
83922 301674 135050 889 215 190993 627401 400095.407 7064 7549 8529.106 2 88 1000 14.553488372093023
84374 302873 136171 898 215 145466 631046 326853.237 7150 7625 11853.116 2 88 1000 14.553488372093023
84887 298227 137180 900 215 96204 640019 229473.154 7195 7654 6819.501 0 89 1000 14.553488372093023
85370 306546 138131 904 215 197339 648468 411877.033 7313 7798 7872.289 2 90 1000 14.553488372093023
85337 306607 138279 909 217 130527 654410 300291.140 7385 7896 9322.628 2 88 1000 14.63594470046083
85690 307505 139127 915 217 114728 663770 268488.815 7458 7974 9416.214 2 90 1000 14.63594470046083
85687 302003 139335 922 217 310439 657698 539403.590 7487 7981 10394.665 0 87 1000 14.63594470046083
85537 302613 139186 926 217 154123 669842 342947.231 7592 8073 9144.026 2 90 1000 14.63594470046083
85556 303568 139297 934 217 238760 678347 471338.521 7673 8193 10460.486 1 90 1000 14.63594470046083
85597 303934 139365 938 217 136578 685920 310415.998 7749 8256 9317.768 1 86 1000 14.63594470046083
85650 309837 139519 940 217 184004 692638 395312.306 7856 8393 7395.344 3 87 1000 14.63594470046083
85724 304358 139629 944 217 160426 698091 355297.656 7905 8416 9028.184 1 87 1000 14.63594470046083
85761 311737 139674 951 217 216715 712801 447091.495 8044 8556 10159.036 3 87 1000 14.63594470046083
85828 312202 139968 953 217 142954 719118 323928.577 8121 8628 7948.249 2 87 1000 14.63594470046083
85965 313007 140355 958 217 125525 729086 289506.099 8222 8739 9444.927 2 86 1000 14.63594470046083
86411 314861 141064 964 217 168114 732546 370410.626 8295 8816 9770.972 2 87 1000 14.63594470046083
86704 315386 141585 966 217 169756 739905 373898.908 8381 8902 8095.466 1 86 1000 14.63594470046083
86638 315648 141549 969 218 171411 747324 377295.376 8484 8989 8758.635 0 87 1000 14.669724770642201
86880 310200 142126 980 218 198397 748160 421844.435 8497 9009 13191.854 0 84 1000 14.669724770642201
87101 311604 142521 990 218 113938 764663 264734.211 8605 9104 13803.077 2 85 1000 14.669724770642201
87293 319411 142797 992 218 176883 771845 386286.995 8739 9285 8167.212 3 88 1000 14.669724770642201
87449 319648 142926 998 218 206131 777994 435427.361 8825 9357 10893.617 1 88 1000 14.669724770642201
87705 313538 143474 1001 218 179197 782218 390250.652 8869 9399 9137.276 0 85 1000 14.669724770642201
87984 321155 143977 1005 218 323830 794938 595464.921 9046 9545 9864.209 3 87 1000 14.669724770642201
88415 322750 144671 1008 218 245046 806861 497942.433 9091 9629 9794.259 1 84 1000 14.669724770642201
88803 316533 145086 1012 218 284107 807934 551297.513 9179 9706 10642.468 0 85 1000 14.669724770642201
89223 324057 146096 1018 218 187634 820028 406740.477 9286 9830 12092.414 3 84 1000 14.669724770642201
89629 324934 146816 1022 218 123822 834138 285499.823 9402 9928 9845.478 1 84 1000 14.669724770642201
89529 325074 146578 1027 218 339774 834154 622439.788 9493 10025 9499.928 2 86 1000 14.669724770642201
89812 325696 147049 1029 218 167497 846911 371562.762 9577 10112 9563.795 2 86 1000 14.669724770642201
89914 326071 147126 1035 218 400608 848585 686481.448 9672 10231 10942.436 1 83 1000 14.669724770642201
90252 326991 147658 1038 218 148127 865823 334650.359 9768 10311 10441.925 1 83 1000 14.669724770642201
90406 326944 147851 1040 218 353155 867065 645419.775 9855 10409 9022.501 1 81 1000 14.669724770642201
90281 326462 147402 1041 218 267398 881073 539343.853 9953 10520 9156.427 2 82 1000 14.669724770642201
90304 326529 147519 1048 218 311741 886901 600981.758 10052 10621 12754.608 1 82 1000 14.669724770642201
90410 327471 147799 1052 218 204415 895235 440578.649 10152 10727 11282.585 0 82 1000 14.669724770642201
90560 329188 148092 1057 218 155313 909292 350384.843 10281 10811 11432.584 2 81 1000 14.669724770642201
91156 330589 149060 1060 218 240790 911687 502230.328 10383 10916 9575.013 0 82 1000 14.669724770642201
91385 331481 149465 1065 218 434588 920521 741737.386 10510 11030 12242.830 2 84 1000 14.669724770642201
91781 332677 150330 1072 218 327846 932926 629096.552 10598 11151 14762.079 1 80 1000 14.669724770642201
91900 325903 150564 1076 218 139107 941570 318639.048 10636 11195 11655.652 0 81 1000 14.669724770642201
92122 334125 150990 1080 218 250274 948268 519230.653 10798 11346 10430.495 3 78 1000 14.669724770642201
92630 335628 151766 1083 218 292251 956387 584672.736 10928 11470 10880.712 1 80 1000 14.669724770642201
92551 328610 151725 1086 218 143130 969846 327627.917 10977 11503 11146.353 0 78 1000 14.669724770642201
92747 336831 152027 1093 218 257870 977573 534103.481 11130 11677 11451.789 4 82 1000 14.669724770642201
93109 331065 152587 1097 218 168171 987082 377564.222 11175 11723 11759.273 0 81 1000 14.669724770642201
93300 332154 153062 1103 218 349242 986868 666005.898 11307 11845 12120.809 2 82 1000 14.669724770642201
93138 332780 152881 1110 218 304889 998348 606419.294 11395 11975 14955.884 2 80 1000 14.669724770642201
93359 341292 153607 1116 218 357904 1011620 680554.875 11607 12139 14037.992 3 82 1000 14.669724770642201
93171 332842 153327 1122 219 310692 1017614 615548.292 11639 12188 14741.302 0 83 1000 14.69406392694064
93261 340362 153318 1125 219 272917 1035615 560310.221 11813 12368 11639.342 3 80 1000 14.69406392694064
93267 341082 153321 1131 219 206484 1049918 449496.166 11931 12478 13799.415 2 81 1000 14.69406392694064
93563 342090 153691 1135 219 278156 1055824 570027.574 12040 12597 11652.038 2 80 1000 14.69406392694064
93788 343035 154324 1137 219 324817 1064512 641812.764 12177 12713 11314.484 2 82 1000 14.69406392694064
93566 342422 153857 1140 219 183963 1082613 409659.115 12281 12826 12282.949 1 79 1000 14.69406392694064
93555 342360 153783 1143 219 185542 1092171 412955.428 12390 12939 11628.933 2 79 1000 14.69406392694064
93507 342308 153827 1151 219 288669 1096376 589674.761 12524 13074 13893.211 2 80 1000 14.69406392694064
93718 336055 154290 1154 219 216744 1103344 470442.535 12560 13111 12228.069 0 76 1000 14.69406392694064
94138 344772 154874 1159 219 455195 1118042 814857.936 12762 13338 12694.376 3 80 1000 14.69406392694064
94348 345345 155161 1160 219 396868 1122965 748369.416 12900 13427 11464.150 1 78 1000 14.69406392694064
94436 338167 155445 1165 219 617608 1127623 966238.998 12912 13460 14758.508 0 78 1000 14.69406392694064
94653 346091 155749 1169 219 349340 1145931 687238.474 13105 13701 14415.504 0 78 1000 14.69406392694064
94935 339786 156256 1172 219 628437 1147354 982756.864 13158 13713 12806.519 0 77 1000 14.69406392694064
94820 347746 156161 1174 219 411572 1164985 775404.852 13341 13945 12996.263 3 77 1000 14.69406392694064
94744 347582 156175 1176 219 201102 1186301 447517.480 13499 14054 13024.029 2 79 1000 14.69406392694064
94904 340793 156483 1180 219 416514 1179107 784581.358 13526 14094 12338.614 1 79 1000 14.69406392694064
95111 341390 156923 1184 219 314102 1194483 641256.479 13646 14219 14204.046 1 78 1000 14.69406392694064
95177 347115 156931 1188 219 570696 1208661 959030.924 13824 14417 14124.242 3 77 1000 14.69406392694064
95261 346925 157160 1192 219 277586 1223165 585562.622 13948 14530 15258.453 1 77 1000 14.69406392694064
95232 346326 156856 1196 219 673524 1229509 1051524.340 14090 14650 13591.634 2 77 1000 14.69406392694064
95455 347371 157153 1204 219 586098 1241269 982522.144 14183 14787 19899.851 2 76 1000 14.69406392694064
95620 347828 157382 1205 219 441267 1249841 828099.601 14324 14904 12679.686 1 76 1000 14.69406392694064
95757 347938 157615 1213 219 445039 1260622 834801.911 14466 15052 17891.707 1 75 1000 14.69406392694064
95913 341242 157765 1218 219 249325 1272990 539064.278 14501 15074 16789.057 1 72 1000 14.69406392694064
95989 349764 157855 1220 219 219077 1295045 486028.607 14738 15308 13009.085 3 75 1000 14.69406392694064
96234 350218 158137 1223 219 529499 1300801 940904.330 14870 15442 13699.204 1 74 1000 14.69406392694064
96625 351240 158733 1226 219 297755 1313559 624597.273 14960 15577 15137.036 1 77 1000 14.69406392694064
96766 343156 158823 1234 220 345467 1315468 700294.348 15050 15636 16467.479 0 76 1000 14.727272727272727
96540 342424 158465 1239 220 840413 1321820 1200847.688 15169 15761 15262.807 2 76 1000 14.727272727272727
96881 350945 158930 1244 220 548594 1347768 974099.280 15394 15974 17640.088 3 76 1000 14.727272727272727
97206 343687 159239 1248 220 475168 1346721 888082.993 15430 16037 16633.894 1 74 1000 14.727272727272727
97064 343064 158899 1253 220 642496 1360662 1072751.355 15562 16163 17041.322 2 72 1000 14.727272727272727
97207 351166 159122 1257 220 486411 1378848 908075.640 15810 16423 16878.470 3 75 1000 14.727272727272727
97134 350773 158874 1264 220 316296 1396650 662327.989 15936 16553 19310.041 1 74 1000 14.727272727272727
97543 351229 159423 1272 220 369159 1406860 745521.497 16082 16716 17977.949 1 75 1000 14.727272727272727
97647 351641 159461 1277 220 372293 1418948 751882.746 16214 16807 16340.950 1 74 1000 14.727272727272727
97605 343879 159491 1284 220 500313 1418574 930065.778 16284 16869 19016.548 0 74 1000 14.727272727272727
97276 349984 158881 1287 220 787628 1437419 1220995.768 16494 17115 16086.243 2 73 1000 14.727272727272727
97505 350264 159225 1296 220 441523 1451989 856585.463 16621 17237 22896.463 1 74 1000 14.727272727272727
97400 349373 158899 1302 220 384512 1466084 774222.773 16746 17385 18231.187 1 72 1000 14.727272727272727
97435 349024 158960 1309 220 519903 1474556 964522.816 16897 17540 18767.601 1 75 1000 14.727272727272727
97608 342127 159444 1314 220 450212 1480836 871867.197 16954 17573 18130.114 0 71 1000 14.727272727272727
97774 349037 159556 1319 220 709149 1501766 1176495.764 17166 17836 17865.682 0 71 1000 14.727272727272727
98229 349052 160127 1322 220 828812 1512461 1281329.649 17337 17954 17315.256 1 72 1000 14.727272727272727
98529 349396 160350 1324 220 834836 1523438 1290278.633 17448 18100 16659.510 1 71 1000 14.727272727272727
98538 341554 160115 1332 220 624133 1533562 1097288.151 17535 18150 23200.757 1 72 1000 14.727272727272727
98699 341149 160110 1341 220 978780 1538824 1391847.068 17622 18268 22232.780 1 69 1000 14.727272727272727
99122 341940 160677 1344 220 547357 1553011 1012821.129 17798 18421 17862.284 1 69 1000 14.727272727272727
99214 349075 160378 1352 220 863700 1576032 1333044.571 18064 18696 20997.911 2 72 1000 14.727272727272727
99196 342249 160233 1358 220 747506 1582968 1237018.028 18113 18739 20855.425 0 69 1000 14.727272727272727
99271 342181 160438 1361 220 561133 1592378 1037961.743 18244 18879 18074.104 2 70 1000 14.727272727272727
99143 348999 160221 1365 220 423774 1617534 852098.813 18479 19124 17915.456 2 69 1000 14.727272727272727
99188 341258 160062 1375 220 659989 1621755 1156812.508 18552 19164 22330.988 0 69 1000 14.727272727272727
99184 349644 159821 1378 220 669709 1645662 1174336.857 18830 19442 17474.286 3 72 1000 14.727272727272727
98997 342233 159511 1385 220 1044172 1641377 1481872.376 18850 19499 21631.145 0 67 1000 14.727272727272727
99164 350665 159617 1386 220 1230424 1666000 1585015.427 19133 19791 16720.862 3 70 1000 14.727272727272727
99125 342256 159378 1388 220 682616 1677408 1196415.245 19188 19832 17836.468 0 68 1000 14.727272727272727
99379 348794 159475 1392 220 596866 1694491 1101410.793 19422 20071 19884.972 1 68 1000 14.727272727272727
98991 340213 158891 1398 220 445961 1703119 894842.548 19403 20150 21185.819 1 69 1000 14.727272727272727
98809 346989 158185 1403 220 337152 1730304 727527.351 19756 20394 19631.342 2 67 1000 14.727272727272727
98758 339538 158216 1405 220 704359 1730887 1232000.562 19786 20432 17357.769 0 67 1000 14.727272727272727
98465 346544 157400 1411 220 714019 1754648 1249601.983 20082 20751 21036.999 3 67 1000 14.727272727272727
98672 339438 157827 1415 220 1294083 1751930 1666726.594 20145 20821 20518.895 1 67 1000 14.727272727272727
98637 339481 157786 1417 220 622408 1767481 1146504.212 20264 20956 18969.623 0 68 1000 14.727272727272727
98844 339340 157962 1420 220 627572 1782237 1155389.169 20466 21116 19582.915 0 68 1000 14.727272727272727
98816 346495 157556 1425 220 991195 1808342 1523346.176 20754 21388 21410.421 2 65 1000 14.727272727272727
98878 338640 157462 1428 220 474971 1815022 951900.405 20765 21428 20723.549 0 64 1000 14.727272727272727
98713 338104 156926 1430 220 863348 1828206 1419429.254 20972 21587 19144.153 0 64 1000 14.727272727272727
98972 337745 157045 1433 220 1573378 1834234 1805763.567 21116 21775 20883.585 1 66 1000 14.727272727272727
98797 343800 156493 1435 220 1372732 1858095 1766998.815 21372 22056 20047.543 2 66 1000 14.727272727272727
98911 336189 156550 1438 220 422767 1873823 882145.879 21458 22143 21247.691 1 67 1000 14.727272727272727
99295 343311 156689 1446 220 1037104 1891994 1590434.306 21692 22385 23994.617 3 66 1000 14.727272727272727
99330 343505 156644 1450 220 372662 1915201 805106.906 21864 22562 22405.977 2 67 1000 14.727272727272727
99373 342771 156646 1455 220 583095 1922023 1119283.486 22037 22723 20632.699 1 67 1000 14.727272727272727
99713 342851 156986 1459 220 789052 1939198 1372954.436 22211 22880 21536.690 1 65 1000 14.727272727272727
99662 335256 156720 1464 220 1658945 1933648 1903276.691 22250 22933 23465.674 0 65 1000 14.727272727272727
99818 342851 156624 1469 220 1682425 1960928 1930105.230 22579 23256 24991.159 3 67 1000 14.727272727272727
100007 335925 156783 1470 220 931315 1972093 1526286.706 22602 23331 19855.543 0 65 1000 14.727272727272727
100007 341650 156521 1476 220 944422 1999840 1547827.897 22934 23595 24935.629 3 68 1000 14.727272727272727
100481 342657 157129 1479 220 1102327 2010838 1688268.904 23102 23764 21766.304 1 65 1000 14.727272727272727
100751 342622 157449 1483 220 1287941 2023684 1820440.840 23260 23949 23767.996 1 64 1000 14.727272727272727
101138 343008 157825 1486 220 461649 2048080 965237.350 23441 24124 22952.163 1 64 1000 14.727272727272727
101457 342977 158153 1492 220 538771 2061128 1078270.844 23635 24314 24239.325 1 65 1000 14.727272727272727
101724 343398 158579 1497 220 980382 2075967 1604620.835 23801 24488 22980.576 1 65 1000 14.727272727272727
101520 335133 158001 1500 220 731149 2078224 1337115.157 23879 24551 23221.251 0 65 1000 14.727272727272727
101725 342985 158277 1507 220 1800870 2098542 2065024.755 24159 24861 26641.745 1 64 1000 14.727272727272727
102229 343764 158934 1511 220 555604 2126059 1111348.465 24355 25059 25515.906 2 64 1000 14.727272727272727
102319 343567 158879 1515 220 871577 2142176 1511144.816 24548 25250 22379.195 0 64 1000 14.727272727272727
102540 336407 159222 1520 220 873886 2147857 1513933.467 24643 25331 25880.470 1 65 1000 14.727272727272727
102617 343979 159104 1520 220 1190555 2171600 1819006.359 24921 25619 20447.248 0 66 1000 14.727272727272727
102768 343977 159283 1526 222 663404 2188660 1269644.064 25084 25789 28172.477 1 66 1000 14.815315315315315
102960 336772 159405 1533 222 573580 2195399 1148046.829 25170 25852 26002.461 0 64 1000 14.815315315315315
103101 344939 159473 1539 222 581079 2224327 1164269.774 25511 26198 24553.307 2 62 1000 14.815315315315315
103253 344846 159592 1539 222 678944 2240253 1301080.256 25702 26459 21010.169 2 64 1000 14.815315315315315
103298 345198 159682 1541 222 792941 2254805 1447793.600 25917 26614 23351.081 1 63 1000 14.815315315315315
103052 337156 159275 1546 222 591113 2263033 1184085.861 25969 26710 25766.858 1 63 1000 14.815315315315315
103339 343051 159490 1551 222 332381 2300036 773400.296 26284 26997 26899.041 1 64 1000 14.815315315315315
103141 342840 159261 1554 222 2290892 2298092 2291478.047 26449 27218 22518.319 2 64 1000 14.815315315315315
103181 335027 159293 1558 222 1470057 2309299 2072528.178 26554 27244 27635.206 0 63 1000 14.815315315315315
103121 343072 159018 1560 222 1727157 2336519 2215153.019 26890 27592 24768.952 3 66 1000 14.815315315315315
102718 342194 158288 1563 222 1737914 2351040 2228936.572 27084 27780 26468.736 1 64 1000 14.815315315315315
102982 342061 158414 1567 222 1300620 2372151 1984647.783 27242 27966 28157.434 1 64 1000 14.815315315315315
103284 335220 158659 1573 222 1124188 2380405 1834071.832 27310 28053 29597.273 0 61 1000 14.815315315315315
103020 334800 158093 1576 222 726231 2397252 1389527.733 27499 28264 26426.148 2 62 1000 14.815315315315315
103032 333845 158019 1588 222 983406 2417232 1697348.806 27744 28440 34739.715 0 60 1000 14.815315315315315
103028 333120 157713 1593 222 853848 2428856 1554690.431 27915 28635 27828.411 1 60 1000 14.815315315315315
103326 332842 157925 1599 222 1341489 2446620 2044796.525 28106 28850 29711.472 1 61 1000 14.815315315315315
102976 332429 157037 1602 222 866169 2464063 1573401.618 28259 29093 27660.237 1 62 1000 14.815315315315315
103004 339860 157038 1607 222 1840892 2490045 2358430.562 28683 29354 29732.106 2 62 1000 14.815315315315315
103238 332148 157317 1609 222 1018743 2496945 1751793.134 28694 29500 26541.952 1 63 1000 14.815315315315315
103137 332045 157025 1617 222 422862 2527869 956354.359 28947 29662 34947.043 1 59 1000 14.815315315315315
103315 332560 157366 1628 222 1033454 2533129 1772446.951 29139 29867 28834.673 1 60 1000 14.815315315315315
103440 331868 157404 1631 222 370129 2565352 869642.093 29354 30058 26695.717 1 59 1000 14.815315315315315
103433 331551 157278 1635 222 1900520 2570535 2431097.760 29587 30291 25466.696 1 61 1000 14.815315315315315
103319 339770 156978 1642 222 1061177 2601317 1822815.401 29943 30653 34843.287 2 60 1000 14.815315315315315
103116 331839 156551 1645 222 790722 2611368 1507417.559 29955 30794 27797.891 1 61 1000 14.815315315315315
102852 330759 156064 1647 222 1939975 2623793 2480877.947 30190 30907 25908.983 1 60 1000 14.815315315315315
102929 337344 155968 1650 222 2277915 2652788 2607564.827 30571 31278 29267.436 2 60 1000 14.815315315315315
103091 330320 156027 1652 222 1084952 2659794 1864279.528 30612 31348 28218.831 0 60 1000 14.815315315315315
103100 336587 155809 1657 222 1273420 2689129 2061038.591 30994 31743 32501.834 1 63 1000 14.815315315315315
103357 336453 156035 1663 222 1281908 2707098 2074507.566 31203 31931 33040.335 1 59 1000 14.815315315315315
103288 328970 155747 1669 222 1490378 2717913 2258343.213 31245 31994 33961.806 0 58 1000 14.815315315315315
103120 328153 155450 1673 222 1501810 2738744 2277357.200 31370 32249 30189.868 2 60 1000 14.815315315315315
102844 334620 154846 1675 222 1127628 2764761 1933008.611 31855 32582 28616.319 2 60 1000 14.815315315315315
102955 327504 154875 1676 222 2754929 2762129 2755383.369 31902 32631 27478.040 0 59 1000 14.815315315315315
103272 334695 155373 1677 222 2401665 2796566 2749307.815 32241 33032 28020.555 2 61 1000 14.815315315315315
103350 327321 155406 1681 222 1328352 2805421 2149330.686 32344 33088 33082.160 0 59 1000 14.815315315315315
103276 327051 155170 1688 222 738987 2833445 1482157.483 32528 33316 35883.005 2 60 1000 14.815315315315315
103489 334972 155511 1689 222 1005094 2861062 1821433.658 32925 33661 27691.404 2 57 1000 14.815315315315315
103622 335007 155553 1696 222 1362307 2877302 2203452.307 33117 33958 34054.654 1 59 1000 14.815315315315315
103666 334814 155532 1699 222 1590487 2900323 2412057.800 33369 34125 30690.185 1 59 1000 14.815315315315315
103892 327790 155813 1704 222 1373411 2900809 2222395.004 33399 34198 34341.477 0 58 1000 14.815315315315315
104035 327941 155645 1710 222 568250 2933627 1259087.546 33678 34415 36564.820 1 58 1000 14.815315315315315
103802 326893 155207 1712 222 891939 2947421 1700781.524 33876 34651 28973.861 1 60 1000 14.815315315315315
103824 327315 155307 1717 222 774202 2969284 1554676.774 34090 34910 32259.999 1 59 1000 14.815315315315315
103508 333462 154695 1721 222 782910 3002873 1572377.185 34505 35264 31730.563 2 58 1000 14.815315315315315
103386 332566 154430 1723 222 2227740 3012235 2847632.925 34750 35498 29826.210 1 58 1000 14.815315315315315
103411 325416 154354 1724 222 1429111 3018727 2307320.530 34825 35562 30033.280 0 56 1000 14.815315315315315
103630 325857 154602 1729 222 1439038 3039741 2321519.201 35028 35807 36151.050 1 57 1000 14.815315315315315
103628 324666 154428 1730 222 927371 3065060 1769502.353 35240 36021 30207.946 1 57 1000 14.815315315315315
103430 324494 153909 1733 222 805053 3088291 1617408.911 35451 36252 32360.627 1 58 1000 14.815315315315315
103338 331551 153636 1734 222 1270212 3115460 2173108.722 35920 36671 30160.656 0 57 1000 14.815315315315315
103552 324045 153869 1738 222 1097192 3124246 1985339.604 35960 36754 34888.550 1 58 1000 14.815315315315315
103250 330727 153177 1741 222 1493892 3155867 2408854.486 36286 37167 33009.878 2 59 1000 14.815315315315315
103072 323001 152970 1742 222 1111650 3165564 2011352.565 36460 37228 31837.316 0 56 1000 14.815315315315315
103275 322721 153138 1743 222 1118591 3185398 2025134.173 36696 37435 30834.709 1 54 1000 14.815315315315315
102929 322101 152308 1747 222 1306796 3205444 2233912.023 36887 37742 35554.710 1 56 1000 14.815315315315315
102714 321503 151847 1749 222 1314321 3223952 2247052.771 37152 37898 33097.828 1 55 1000 14.815315315315315
