22 0 0 3 0 7040 56235 18449.912 514 514 19922.400 6 7 2 0.0
26 0 0 7 0 7042 51352 18939.033 514 516 19819.000 0 8 2 0.0
27 0 0 10 0 7209 50274 19951.288 514 516 11888.583 0 8 2 0.0
32 0 0 10 0 7210 50297 19925.933 514 518 386.583 0 8 2 0.0
38 27 13 14 1 7208 50211 19857.768 508 519 11707.188 0 9 2 2.0
39 33 16 19 1 7198 49867 19706.677 508 522 11588.333 0 10 2 2.0
45 34 22 21 1 7197 49810 19668.990 508 522 4271.217 0 11 2 2.0
50 34 23 21 1 7201 49969 19692.597 508 522 223.478 0 11 2 2.0
52 37 24 24 1 7199 49896 19643.105 502 524 5256.654 0 12 2 2.0
54 39 30 27 1 7194 49723 19564.281 502 525 4916.655 0 13 3 2.0
60 60 68 31 2 7191 49601 19486.837 502 525 5813.061 0 12 3 1.5
62 61 77 35 2 7192 49650 19456.096 502 525 5172.432 0 12 3 1.5
66 68 89 37 2 7195 49745 19453.952 496 527 2534.923 0 12 3 1.5
69 73 93 39 2 7197 49829 19439.416 496 529 2279.610 0 13 3 1.5
71 74 97 40 2 7195 49752 19896.587 496 529 1199.214 0 13 3 1.5
70 92 114 40 3 7197 49844 19913.551 496 530 170.571 0 13 3 1.6666666666666667
73 102 118 40 3 7195 49741 19894.511 496 530 170.429 0 13 3 1.6666666666666667
79 108 127 43 3 7194 49706 19815.315 491 530 3140.622 0 13 3 1.6666666666666667
83 111 133 44 3 7190 49560 19776.786 491 530 1204.152 0 13 3 1.6666666666666667
87 114 140 47 3 7188 49491 20378.329 491 529 2915.796 0 13 3 1.6666666666666667
91 117 145 48 3 7188 49164 20360.569 491 526 1142.360 0 14 4 1.6666666666666667
96 130 156 52 3 7188 48949 20275.815 486 528 3565.556 0 14 4 1.6666666666666667
100 137 168 53 4 7186 48691 20207.357 486 528 1028.436 0 14 4 2.0
110 136 182 54 4 7185 48691 20192.890 486 527 910.536 0 14 4 2.0
112 143 181 55 4 7185 48691 20184.259 486 528 893.807 0 13 4 2.0
120 150 192 55 4 7187 48475 20147.632 481 529 133.596 0 13 4 2.0
122 156 205 57 4 7184 48217 20065.694 481 530 1685.932 0 14 4 2.0
127 164 211 57 4 7185 48217 20071.530 481 530 128.898 0 13 5 2.0
128 235 209 58 5 7188 48863 20195.695 481 531 947.567 0 14 5 2.0
139 260 231 59 5 7190 48719 20165.485 476 531 853.754 0 14 5 2.0
149 261 240 61 5 7187 48734 20131.701 478 531 1597.048 0 14 5 2.0
152 270 242 61 5 7186 48691 20116.426 478 531 152.651 0 14 5 2.0
150 269 246 62 5 7185 48748 20081.398 478 528 825.766 0 14 5 2.0
151 279 255 63 5 7185 48676 20059.527 478 527 813.723 0 13 5 2.0
157 353 280 65 6 7182 48547 20005.322 479 527 1426.000 0 14 5 2.1666666666666665
162 352 301 67 6 7182 48389 19952.670 479 527 1467.014 0 14 6 2.1666666666666665
169 363 313 67 6 7181 48389 19947.378 479 526 145.623 0 11 6 2.1666666666666665
170 369 311 67 6 7181 48318 19932.781 479 525 145.609 0 11 6 2.1666666666666665
178 402 330 69 6 7182 48102 19873.879 474 527 1419.465 0 12 6 2.1666666666666665
180 451 330 70 7 7178 47973 19828.364 476 528 725.778 0 12 6 2.2857142857142856
186 457 328 70 7 7180 47959 19832.324 475 527 139.236 0 11 6 2.2857142857142856
194 452 337 70 7 7181 48027 19844.014 477 526 145.986 0 12 6 2.2857142857142856
206 482 359 72 7 7180 47904 19797.689 477 528 1295.743 0 12 7 2.2857142857142856
207 496 365 72 7 7177 47781 19764.837 477 528 141.662 0 12 7 2.2857142857142856
216 554 389 73 8 7181 47719 19754.912 477 528 777.013 0 13 7 2.375
224 544 403 73 8 7179 47682 19741.088 479 528 139.813 0 13 7 2.375
223 560 396 73 8 7182 47559 19727.830 475 526 139.733 0 13 7 2.375
225 583 402 73 8 7183 47436 19707.179 475 528 139.773 0 13 7 2.375
228 581 413 73 8 7182 47424 19701.031 475 528 139.680 0 12 7 2.375
226 577 413 73 8 7182 47475 19708.594 474 528 146.173 0 13 7 2.375
227 591 416 74 8 7181 47432 19688.198 470 528 692.829 0 13 7 2.375
235 660 436 75 8 7185 47421 19692.073 474 529 683.545 0 14 8 2.375
242 683 451 75 9 7184 47428 19689.811 475 528 148.740 0 14 8 2.4444444444444446
251 691 465 75 9 7186 48611 20295.569 470 528 155.091 0 13 8 2.4444444444444446
262 765 489 75 10 7330 48499 21347.527 473 530 174.623 0 13 8 2.5
262 762 486 77 10 7331 48499 21322.894 475 530 1298.076 0 13 8 2.5
266 801 494 78 10 7331 48314 21265.556 473 530 694.612 0 14 8 2.5
272 822 500 78 10 7329 48129 21209.831 470 531 168.088 0 15 9 2.5
280 828 512 79 10 7329 48129 21200.290 470 531 685.136 0 15 9 2.5
295 873 537 80 11 7327 48129 21187.367 470 531 676.768 0 15 9 2.6363636363636362
314 900 572 81 11 7328 47944 21134.735 468 533 655.241 0 15 10 2.6363636363636362
320 909 581 82 11 7329 47894 20635.858 465 533 717.952 0 16 10 2.6363636363636362
339 973 611 82 11 7332 47973 20652.099 465 534 166.226 0 16 11 2.6363636363636362
347 973 620 84 11 7337 48141 20249.577 465 534 1129.860 0 15 11 2.6363636363636362
358 1058 639 85 12 7336 48101 20230.656 463 534 594.230 0 16 11 2.6666666666666665
359 1122 669 87 12 7336 48088 20208.502 460 533 1111.764 0 16 11 2.6666666666666665
362 1109 677 89 12 7332 47969 19733.026 460 535 1037.110 0 16 11 2.6666666666666665
376 1158 704 90 12 7334 48022 19746.182 460 535 580.859 0 16 12 2.6666666666666665
396 1180 742 93 12 7336 48088 20751.895 460 537 1403.274 0 16 12 2.6666666666666665
407 1267 758 93 13 7335 48062 20755.991 455 537 162.958 0 16 12 2.6923076923076925
420 1309 782 94 13 7490 47277 21281.309 457 537 583.990 0 17 13 2.6923076923076925
434 1319 802 95 13 7342 48303 20708.255 455 537 650.845 0 16 13 2.6923076923076925
458 1379 857 98 13 7347 48444 19779.313 455 537 1433.940 0 16 13 2.6923076923076925
468 1415 879 98 13 7349 48518 19799.014 455 539 180.950 0 18 14 2.6923076923076925
478 1520 890 100 14 7349 48518 19778.855 455 539 1027.529 0 18 15 2.7142857142857144
492 1570 922 100 14 7349 48524 19785.686 450 541 177.549 0 19 15 2.7142857142857144
504 1609 948 100 14 7352 48599 19807.815 450 541 177.873 0 19 15 2.7142857142857144
523 1643 985 101 14 7354 48656 19814.421 450 543 590.553 0 20 16 2.7142857142857144
534 1678 1005 102 14 7355 48685 19819.804 450 543 494.010 0 20 16 2.7142857142857144
548 1718 1029 103 14 7355 48702 19825.887 445 545 494.600 0 20 16 2.7142857142857144
562 1839 1044 104 15 7358 48805 20298.926 445 545 536.613 0 20 17 2.7333333333333334
583 1880 1085 107 15 7365 49003 21028.128 445 546 1344.385 0 20 17 2.7333333333333334
590 1916 1101 109 15 7366 49046 21016.003 445 547 1011.405 0 20 18 2.7333333333333334
591 1887 1097 110 15 7367 49073 21669.994 440 547 537.455 0 21 18 2.7333333333333334
588 1920 1093 111 15 7369 49140 20270.213 440 549 631.283 0 20 18 2.7333333333333334
591 1914 1086 111 15 7370 49174 20280.171 444 547 197.124 0 19 18 2.7333333333333334
621 2042 1146 111 16 7372 49236 20702.917 440 550 201.681 0 21 18 2.75
645 2117 1205 111 16 7373 49264 20707.067 440 549 201.876 0 19 19 2.75
663 2160 1237 111 16 7376 49357 21213.221 440 551 211.044 0 20 20 2.75
677 2198 1266 114 16 7378 51379 20375.850 440 552 1356.914 0 19 21 2.75
721 2287 1353 115 16 7380 51460 20379.291 435 552 614.889 0 19 21 2.75
743 2446 1409 120 17 7383 51561 20366.760 435 554 1549.959 0 19 22 2.823529411764706
773 2422 1458 121 17 7385 51526 20360.052 435 555 585.114 0 19 23 2.823529411764706
797 2506 1475 123 17 7387 51660 20368.417 435 555 867.648 0 19 23 2.823529411764706
803 2506 1489 123 17 7388 50640 22668.034 430 557 212.264 0 20 24 2.823529411764706
817 2572 1509 125 18 7391 50640 22661.974 430 558 852.252 0 20 24 3.0555555555555554
838 2561 1544 127 18 7394 50640 22663.679 432 558 839.333 0 20 25 3.0555555555555554
859 2657 1581 127 18 7396 50003 21240.564 430 559 214.225 0 20 25 3.0555555555555554
889 2729 1649 128 18 7399 50081 21221.239 430 561 588.438 0 20 26 3.0555555555555554
908 2778 1692 130 18 7401 50154 21240.011 430 561 712.326 0 20 26 3.0555555555555554
927 2793 1735 131 18 7402 50193 21242.965 430 562 576.165 0 20 27 3.0555555555555554
954 2965 1863 131 19 7405 50287 21249.408 425 562 215.865 0 20 28 3.1052631578947367
968 2984 1864 132 19 7407 50335 21292.404 425 563 491.537 0 20 28 3.1052631578947367
999 3037 1930 134 19 7410 50429 21776.320 425 565 881.022 0 21 29 3.1052631578947367
1014 3117 1954 136 19 7569 48562 22348.925 425 564 793.899 0 21 30 3.1052631578947367
1052 3203 2025 139 19 7571 48596 22326.917 420 566 1052.915 0 20 31 3.1052631578947367
1091 3207 2097 140 19 7574 48691 22352.143 420 566 444.585 0 20 32 3.1052631578947367
1099 3356 2110 142 20 7574 49737 23570.729 420 569 822.062 0 21 32 3.15
1150 3505 2202 143 20 7577 49737 23588.607 420 570 508.621 0 21 33 3.15
1190 3569 2251 144 20 7579 49521 23563.143 415 571 506.089 0 21 34 3.15
1220 3627 2290 144 21 7584 49650 23584.175 423 572 213.226 0 21 35 3.3333333333333335
1246 3700 2330 144 21 7435 51215 21914.333 423 573 220.678 0 21 36 3.3333333333333335
1277 3787 2386 146 21 7438 51318 21921.223 424 574 787.885 0 21 36 3.3333333333333335
1308 3851 2458 147 21 7442 51424 21945.134 424 575 494.376 0 21 37 3.3333333333333335
1336 3920 2488 147 21 7444 51506 21953.901 426 576 217.570 0 21 39 3.3333333333333335
1385 4072 2576 147 22 7786 49340 23163.140 428 579 221.517 0 22 40 3.3636363636363638
1408 4081 2626 151 22 7453 51778 22059.686 428 579 1378.078 0 22 42 3.3636363636363638
1439 4212 2667 151 22 7456 51890 23847.771 427 581 230.059 0 23 42 3.3636363636363638
1473 4233 2733 154 22 7459 51965 23830.597 427 581 1065.596 0 23 43 3.3636363636363638
1517 4384 2789 155 22 7461 52047 23841.723 427 582 449.885 0 23 44 3.3636363636363638
1554 4566 2888 156 23 7463 54081 21282.805 422 584 516.354 0 24 44 3.347826086956522
1575 4616 2957 156 23 7466 52201 22145.502 422 582 231.082 0 24 46 3.347826086956522
1610 4706 3035 157 23 7468 52272 22143.066 422 587 548.075 0 24 46 3.347826086956522
1670 4800 3169 158 23 7472 52392 22166.345 422 587 484.075 0 23 48 3.347826086956522
1700 4899 3229 158 23 7477 52535 23121.450 417 589 239.312 0 24 49 3.347826086956522
1750 5023 3333 158 23 7481 52675 23157.005 421 589 239.806 0 24 51 3.347826086956522
1799 5245 3409 160 24 7485 52805 22250.411 421 591 746.605 0 24 51 3.4583333333333335
1834 5387 3461 161 24 7489 52908 23228.439 423 593 530.515 0 25 52 3.4583333333333335
1874 5590 3547 164 24 7493 53050 23242.780 424 594 1074.265 0 26 53 3.4583333333333335
1918 5596 3603 166 24 7495 53097 23266.183 426 596 620.345 0 26 56 3.4583333333333335
1947 5986 3635 167 25 7497 53156 23267.256 428 597 428.651 0 26 55 3.44
1991 6196 3731 167 25 7502 53335 22879.964 428 598 243.047 0 26 57 3.44
2035 6324 3808 168 25 7507 53479 22978.913 429 599 471.741 0 27 59 3.44
2101 6347 3942 172 25 7510 53569 22031.243 433 601 1368.874 0 27 60 3.44
2170 6656 4059 173 25 7517 53813 22065.149 435 604 456.823 0 27 63 3.44
2207 6697 4116 175 25 7520 53890 22064.496 435 604 792.825 0 27 63 3.44
2274 6970 4262 175 26 7689 54027 21673.674 437 606 253.740 0 28 65 3.4615384615384617
2291 7205 4313 175 26 7694 54168 21714.949 439 609 254.548 0 28 66 3.4615384615384617
2378 7459 4478 176 26 7701 52128 22201.935 441 611 463.213 0 29 69 3.4615384615384617
2426 7491 4579 177 26 7703 54427 21773.905 443 611 553.341 0 29 70 3.4615384615384617
2465 7546 4672 177 26 7706 54522 21800.090 443 611 265.799 0 29 70 3.4615384615384617
2525 7761 4798 177 26 7906 54664 22952.970 445 614 272.620 0 30 74 3.4615384615384617
2604 7861 4951 180 26 7910 54751 22966.187 446 615 1000.368 0 30 74 3.4615384615384617
2681 8115 5100 183 26 7727 54915 22385.400 449 618 1055.243 0 31 78 3.4615384615384617
2725 8539 5149 184 27 7739 55111 22447.296 451 621 563.828 0 31 80 3.4814814814814814
2792 8706 5288 187 27 7743 55248 22456.261 451 621 948.381 0 31 80 3.4814814814814814
2850 8875 5376 192 27 7747 55377 22437.582 453 623 1477.918 0 31 80 3.4814814814814814
2884 8860 5448 193 27 7749 55485 22449.590 454 623 460.923 0 31 85 3.4814814814814814
2979 9273 5655 194 27 7756 55703 22505.679 456 625 478.296 0 30 83 3.4814814814814814
3052 9470 5795 195 27 7764 55829 21560.733 460 628 465.183 0 30 86 3.4814814814814814
3093 9671 5887 197 27 7962 51801 23169.674 460 631 756.171 0 30 90 3.4814814814814814
3160 9719 6001 200 27 7964 51844 23159.156 461 632 980.450 0 31 90 3.4814814814814814
3228 9888 6139 200 27 7970 51980 23206.035 465 633 274.604 0 30 92 3.4814814814814814
3321 10421 6313 200 28 7974 55116 24209.193 467 636 278.252 0 32 95 3.607142857142857
3460 10742 6560 202 28 7984 52312 23835.458 469 638 710.137 0 33 100 3.607142857142857
3540 11392 6707 203 29 8232 51796 24620.216 470 640 513.444 0 34 101 3.689655172413793
3620 11608 6895 204 29 8246 52029 24684.821 472 642 538.655 0 34 103 3.689655172413793
3708 11726 7057 204 29 8244 52008 24681.778 473 644 292.539 0 35 108 3.689655172413793
3802 12196 7258 206 29 8258 52249 24766.190 477 647 733.736 0 35 106 3.689655172413793
3893 12383 7415 209 30 8258 52249 24746.507 478 647 963.185 0 35 111 3.7333333333333334
3965 12860 7522 211 30 8266 52381 24792.866 480 650 717.526 0 36 113 3.7333333333333334
4051 12946 7696 212 31 8264 55878 25301.081 483 652 507.327 0 37 113 3.806451612903226
4129 13301 7868 213 31 8271 53893 24817.791 486 655 520.060 0 37 117 3.806451612903226
4186 13713 7942 215 31 8284 54178 24902.217 489 660 709.286 0 38 117 3.806451612903226
4261 13720 8076 217 31 8291 54280 24410.677 490 661 775.078 0 36 121 3.806451612903226
4351 14264 8243 218 31 8306 54650 25019.094 495 665 514.436 0 38 124 3.806451612903226
4437 14327 8441 220 31 7879 56964 23739.834 497 665 724.099 0 39 129 3.806451612903226
4546 15208 8673 221 32 7891 57284 25018.739 500 670 489.220 0 41 132 3.8125
4691 15494 8923 223 32 7902 57576 25083.114 501 673 760.920 0 42 133 3.8125
4792 15723 9096 225 32 7911 57836 25134.746 504 676 762.903 0 42 138 3.8125
4904 16269 9324 225 32 7921 58109 25228.415 509 679 320.828 0 41 139 3.8125
4965 16257 9426 227 32 8668 58257 27347.483 510 681 750.507 0 41 141 3.8125
5062 16644 9666 229 32 7938 58562 24750.500 515 683 752.165 0 42 144 3.8125
5182 17307 9871 236 33 8419 57526 29073.344 515 688 1571.357 0 45 148 3.8484848484848486
5305 17506 10110 238 33 8423 57526 29090.961 515 690 758.483 0 45 150 3.8484848484848486
5453 17925 10389 239 33 8439 57526 29158.501 515 693 530.461 0 47 152 3.8484848484848486
5535 18196 10582 241 33 8453 57010 29743.382 509 695 712.963 0 47 161 3.8484848484848486
5679 18597 10858 247 33 8217 57751 29053.873 509 700 1576.590 0 49 162 3.8484848484848486
5846 19516 11164 250 34 8236 60436 27036.277 509 706 858.123 0 50 168 3.9411764705882355
5956 19575 11374 252 34 8244 60660 27074.736 509 708 743.339 0 50 166 3.9411764705882355
6107 20337 11672 256 34 8263 61099 27179.483 513 714 1142.872 0 51 171 3.9411764705882355
6253 20788 11954 259 34 8535 61485 26799.712 517 715 813.084 0 51 181 3.9411764705882355
6379 20895 12176 259 34 8546 59581 27568.604 519 720 334.950 0 52 185 3.9411764705882355
6526 21263 12452 266 34 8309 62040 26223.182 523 724 1657.675 0 53 186 3.9411764705882355
6621 21616 12655 268 34 8327 62384 26346.208 527 728 659.144 0 53 192 3.9411764705882355
6764 22100 12974 271 35 8339 62715 26414.446 531 732 886.114 0 55 189 3.9714285714285715
6892 22549 13248 272 35 8351 62976 26496.234 535 737 559.650 0 54 197 3.9714285714285715
7014 23204 13504 277 35 8367 61250 27260.464 539 740 1218.832 0 54 199 3.9714285714285715
7182 23424 13818 282 35 8381 61568 27311.210 544 744 1309.018 0 55 203 3.9714285714285715
7329 24037 14123 286 35 8143 64105 28513.925 548 749 1115.521 0 56 208 3.9714285714285715
7540 24547 14561 290 36 8156 65432 30116.200 551 753 1123.969 0 58 209 4.055555555555555
7726 25469 14911 295 36 8432 64326 29558.310 558 758 1290.579 0 60 219 4.055555555555555
7873 25726 15189 296 36 8449 64526 28324.657 560 762 520.208 0 61 223 4.055555555555555
8049 26231 15474 300 36 8464 64584 28361.216 565 766 1088.007 0 63 233 4.055555555555555
8187 26977 15730 302 36 9112 61698 28916.567 571 773 615.454 0 63 238 4.055555555555555
8379 27183 16153 303 36 9141 66421 29122.037 575 776 566.574 0 62 237 4.055555555555555
8584 28033 16525 307 36 9164 66973 29265.782 581 783 993.036 0 64 244 4.055555555555555
8710 28040 16744 312 36 9173 67241 29224.049 585 784 1224.742 0 62 246 4.055555555555555
8907 29184 17178 316 37 9196 67807 29345.382 591 792 1084.623 0 62 258 4.135135135135135
9060 29293 17510 317 37 9632 65912 31169.798 593 795 560.467 0 62 256 4.135135135135135
9293 29832 17934 320 37 9657 66359 31302.500 600 799 913.854 0 60 263 4.135135135135135
9552 31026 18402 320 37 8928 66916 30335.095 607 809 377.581 0 62 265 4.135135135135135
9711 31435 18716 323 37 8947 67291 30430.098 612 813 949.720 0 62 275 4.135135135135135
9951 31884 19108 324 38 8965 65556 31347.167 614 818 585.902 0 62 288 4.184210526315789
10109 32691 19301 324 38 8989 66052 31534.040 621 824 387.181 0 62 286 4.184210526315789
10311 32738 19650 332 38 9374 66343 32529.315 626 827 1838.704 0 63 299 4.184210526315789
10492 33252 19939 332 38 8700 69013 30811.196 632 832 389.048 0 62 297 4.184210526315789
10675 34185 20256 338 38 8727 69649 31743.877 637 838 1434.303 0 64 302 4.184210526315789
10943 34878 20723 345 38 8747 70113 31009.902 646 846 1605.752 0 62 309 4.184210526315789
11211 35143 21222 349 38 8763 70491 30297.525 647 850 1081.818 0 61 317 4.184210526315789
11527 36392 21715 349 39 9132 71166 31506.823 656 858 397.208 0 63 320 4.230769230769231
11763 36905 22103 352 39 9565 71654 32751.868 663 863 923.302 0 64 328 4.230769230769231
11987 36962 22485 353 39 9578 72075 32881.080 668 869 556.245 0 66 347 4.230769230769231
12226 38144 22888 357 39 9627 71857 37301.617 677 877 1037.903 0 66 354 4.230769230769231
12466 38566 23311 357 39 9659 72158 36601.523 684 883 418.061 0 68 361 4.230769230769231
12800 38932 23853 357 39 9680 71601 35271.365 686 889 422.958 0 66 362 4.230769230769231
13115 40026 24324 361 39 9724 72397 35549.416 698 899 1130.567 1 69 365 4.230769230769231
13389 40837 24753 363 40 9768 77589 34119.256 704 906 787.236 0 67 378 4.3
13685 41362 25186 364 40 8997 78200 32134.165 710 913 637.077 0 69 381 4.3
14012 42028 25671 368 40 9028 76684 34091.148 720 923 1093.741 0 71 398 4.3
14293 42788 26134 374 40 9058 77373 33389.955 720 930 1458.364 0 69 404 4.3
14534 42948 26556 379 40 9080 78734 35298.269 720 937 1185.677 0 70 411 4.3
14876 44504 27102 383 40 9123 79804 35642.468 721 948 1170.338 0 73 420 4.3
15303 45529 27815 387 40 9156 79658 33110.450 727 957 1057.622 0 75 432 4.3
15663 46572 28420 387 41 9598 78277 36591.404 739 965 468.165 0 78 450 4.341463414634147
16027 46841 29008 391 41 8854 83383 31785.067 745 973 1177.700 0 77 455 4.341463414634147
16464 48541 29636 398 41 10697 84384 36907.459 754 986 1347.680 0 76 465 4.341463414634147
16811 49267 30147 402 41 9720 83917 37185.610 763 995 1081.225 0 78 485 4.341463414634147
17211 49681 30866 406 41 9325 84590 39383.155 775 1004 1196.208 0 80 497 4.341463414634147
17706 51228 31650 410 41 9370 85387 38635.290 784 1016 1178.527 0 79 491 4.341463414634147
18101 51509 32300 414 41 9838 87562 37436.515 793 1019 1105.668 0 78 503 4.341463414634147
18529 52766 32984 418 41 10394 84054 38667.382 805 1035 1200.010 0 77 523 4.341463414634147
19000 54893 34320 423 42 11035 85155 40442.757 817 1048 1359.184 0 79 528 4.428571428571429
19398 55653 34886 429 42 9987 86991 41267.504 825 1057 1372.329 0 77 552 4.428571428571429
19888 56790 35649 435 42 10569 90116 42919.810 837 1070 1571.476 0 78 553 4.428571428571429
20368 57222 36512 442 42 10607 90725 43136.639 848 1076 1559.804 0 79 587 4.428571428571429
20839 58287 37329 447 42 10668 92942 37017.947 859 1087 1361.238 0 82 592 4.428571428571429
21322 61224 38154 449 43 8530 93108 35339.725 874 1102 903.627 0 82 594 4.511627906976744
21771 61598 38941 458 43 8897 97280 32306.605 881 1110 1731.009 0 82 630 4.511627906976744
22204 62473 39619 463 43 8925 98141 38795.952 897 1116 1180.269 0 83 632 4.511627906976744
22665 64603 40413 467 43 10912 96010 45082.105 908 1139 1135.107 0 82 640 4.511627906976744
23183 64866 41313 472 43 10375 96796 42524.131 916 1143 1221.899 0 82 644 4.511627906976744
23792 67044 42318 473 43 9452 99612 36828.475 927 1164 723.183 0 85 686 4.511627906976744
24229 68289 43056 478 43 9494 100757 32808.243 927 1175 1311.721 0 86 701 4.511627906976744
24897 69783 44273 484 43 10010 100408 47327.096 935 1191 1315.214 0 87 689 4.511627906976744
25545 71221 45348 487 43 10610 101585 42947.758 951 1201 1038.640 0 90 723 4.511627906976744
26083 73504 46406 496 44 12009 106321 39877.223 958 1216 1881.452 0 89 736 4.590909090909091
26691 74720 47335 498 44 11363 101982 47919.080 974 1226 906.232 0 91 757 4.590909090909091
27369 76541 48417 504 44 13012 102075 49326.658 986 1244 1726.326 0 90 772 4.590909090909091
27881 77051 49266 511 44 10245 105065 42548.443 994 1254 1875.595 0 91 787 4.590909090909091
28552 79672 50278 514 44 11578 106773 45144.116 1017 1272 1186.700 0 94 793 4.590909090909091
29263 80826 51520 517 45 11635 103429 53409.788 1032 1287 1154.218 0 96 829 4.733333333333333
29945 82427 52679 526 45 11708 106781 47344.098 1042 1301 2199.176 0 97 832 4.733333333333333
30620 85194 53729 533 45 13503 109302 54399.839 1065 1321 1898.007 0 95 852 4.733333333333333
31265 85527 54795 535 45 13608 109708 57519.484 1075 1327 938.501 0 98 903 4.733333333333333
31928 88308 55814 539 45 13734 116100 50167.368 1095 1353 1355.647 0 97 901 4.733333333333333
32771 88859 57221 541 45 12884 112785 51293.404 1111 1367 971.965 0 99 925 4.733333333333333
33499 90331 58208 549 45 12989 117200 53250.724 1128 1385 2165.024 0 96 945 4.733333333333333
34200 94080 59635 557 46 13136 114849 58875.565 1153 1412 2110.725 0 97 965 4.869565217391305
35016 94675 60935 560 46 13219 115482 54586.473 1168 1422 1180.970 0 97 988 4.869565217391305
35753 96380 62072 567 46 11642 125825 43922.051 1191 1445 1920.397 0 102 1000 4.869565217391305
36424 98071 63077 569 46 10405 125439 47856.655 1207 1469 1021.441 0 101 1000 4.869565217391305
37234 99815 64284 572 46 14610 120596 66466.435 1215 1485 1279.760 0 102 1000 4.869565217391305
37851 100928 65171 579 46 17317 124353 69843.383 1227 1502 2168.516 1 104 1000 4.869565217391305
38576 102482 66176 587 46 14877 126068 58484.305 1245 1521 2138.866 0 105 1000 4.869565217391305
39309 104081 67277 593 46 10660 132369 49982.246 1269 1550 1827.686 0 108 1000 4.869565217391305
39938 105307 68169 597 46 14042 128391 66173.515 1293 1563 1501.032 0 108 1000 4.869565217391305
40698 108503 69372 600 46 13179 130686 66682.179 1299 1594 1439.651 0 105 1000 4.869565217391305
41519 109790 70714 607 46 12375 134855 59379.032 1311 1613 2047.731 0 105 1000 4.869565217391305
42170 109735 71779 619 46 12435 135253 54202.981 1329 1631 2755.082 0 106 1000 4.869565217391305
42844 110902 72878 627 46 17104 137071 63010.958 1347 1649 2160.129 0 103 1000 4.869565217391305
43384 114602 73739 633 47 12654 139657 53460.464 1383 1674 1891.159 2 107 1000 4.8936170212765955
44129 114472 74899 641 47 13679 141794 61826.121 1395 1691 2136.443 0 106 1000 4.8936170212765955
44675 117070 75566 644 47 12846 146520 60317.998 1429 1721 1446.115 2 109 1000 4.8936170212765955
45422 118208 76768 649 47 13940 146159 58716.076 1446 1748 1807.860 0 109 1000 4.8936170212765955
46053 117719 77761 653 47 13006 147411 65546.909 1458 1766 1530.623 1 109 1000 4.8936170212765955
46657 118454 78523 658 47 15308 146549 74024.724 1486 1784 1958.023 0 112 1000 4.8936170212765955
47248 121098 79477 664 47 15480 152046 70372.399 1512 1814 2227.281 0 109 1000 4.8936170212765955
47889 121717 80463 668 47 15613 154152 73458.392 1540 1836 1774.781 0 111 1000 4.8936170212765955
48328 120568 81191 677 47 15697 157497 71537.106 1552 1850 2852.714 0 110 1000 4.8936170212765955
48843 121980 81870 685 48 15826 152215 80465.804 1571 1878 2529.834 0 107 1000 5.041666666666667
49474 122870 82692 692 48 20919 161417 82610.038 1596 1901 2356.120 0 107 1000 5.041666666666667
50028 123764 83420 701 48 19232 161480 82421.134 1627 1924 2493.701 0 110 1000 5.041666666666667
50526 126507 83825 707 48 17813 163612 73785.345 1659 1952 2389.092 0 110 1000 5.041666666666667
50980 127325 84479 716 48 17983 165931 71868.828 1683 1982 2911.532 0 110 1000 5.041666666666667
51392 125951 85076 720 48 14021 167123 62659.335 1699 1998 1886.940 0 108 1000 5.041666666666667
52028 128589 85813 733 48 16740 167972 80972.525 1731 2034 3237.785 0 107 1000 5.041666666666667
52580 127369 86429 737 48 16826 178023 64619.911 1746 2052 1975.357 0 107 1000 5.041666666666667
53127 130643 87237 741 48 13327 181274 67457.972 1787 2092 1635.020 3 109 1000 5.041666666666667
53743 129622 88022 746 48 18761 173761 88071.571 1799 2099 1702.508 0 107 1000 5.041666666666667
54320 130272 88800 748 48 20839 178051 79765.936 1829 2118 1653.155 0 110 1000 5.041666666666667
54880 133064 89416 754 48 21121 181058 86525.533 1853 2162 2457.119 2 110 1000 5.041666666666667
55321 131748 89829 758 48 16074 182961 79877.149 1876 2174 1998.266 0 104 1000 5.041666666666667
55854 134315 90534 769 48 16247 186165 80706.360 1906 2210 3453.310 2 107 1000 5.041666666666667
56621 135550 91601 773 48 17918 189889 82855.770 1938 2243 2120.160 0 107 1000 5.041666666666667
57144 137523 92890 777 49 12939 194150 88186.687 1963 2260 1978.911 0 110 1000 5.163265306122449
57566 136206 93490 781 49 12985 195407 83854.680 1970 2276 2136.336 0 103 1000 5.163265306122449
57874 139226 93715 787 49 15378 194373 87789.250 2009 2317 2509.611 2 105 1000 5.163265306122449
58500 137854 94748 790 49 15437 195558 88274.301 2023 2330 1846.297 0 104 1000 5.163265306122449
59019 141393 95296 792 49 25239 199779 109211.394 2069 2371 1783.491 0 105 1000 5.163265306122449
59542 139714 95992 796 49 25382 201015 109789.862 2089 2386 2313.147 1 107 1000 5.163265306122449
59684 139920 95980 801 49 23033 203086 99321.857 2107 2407 2374.766 0 103 1000 5.163265306122449
60136 142539 96345 805 49 19165 206816 88891.995 2142 2455 2130.791 2 107 1000 5.163265306122449
60659 141216 97393 808 50 21200 200671 111267.744 2156 2468 2066.305 0 101 1000 5.28
60929 143989 97567 810 50 26436 207099 108412.149 2196 2506 1857.197 0 103 1000 5.28
61251 144539 97775 814 50 24014 213194 95072.088 2228 2536 2334.973 0 103 1000 5.28
61635 142435 98128 816 50 24129 214454 101717.505 2250 2551 2014.606 1 104 1000 5.28
61969 143009 98569 818 50 24363 210537 109202.665 2273 2573 2022.276 1 105 1000 5.28
62438 143211 99017 826 50 24570 214959 110537.512 2302 2606 3426.359 0 104 1000 5.28
62874 143852 99422 838 50 16749 221918 85921.899 2335 2644 4087.790 1 106 1000 5.28
63390 144149 99864 841 50 16869 224322 86590.401 2362 2667 2263.257 1 108 1000 5.28
63839 144080 100182 843 50 17001 226976 94465.416 2391 2697 1953.278 0 108 1000 5.28
64334 146812 100516 849 50 31978 230962 116074.742 2427 2740 3041.022 0 107 1000 5.28
64717 144708 100898 855 50 18951 230725 99588.548 2445 2747 3012.575 0 106 1000 5.28
64900 144598 100905 861 50 21085 233556 105038.059 2476 2785 3012.555 0 108 1000 5.28
65106 145013 100893 870 50 21261 235894 113483.840 2505 2812 3567.253 0 106 1000 5.28
65288 145151 101071 880 50 26447 237914 107303.799 2536 2850 4102.539 0 104 1000 5.28
65609 145160 101209 885 50 23964 242746 98976.618 2565 2878 2913.502 1 100 1000 5.28
65830 145823 101339 888 51 21788 240934 104478.814 2601 2913 2375.296 0 103 1000 5.333333333333333
65981 145800 101283 896 51 24382 246382 114203.343 2627 2941 3486.362 0 102 1000 5.333333333333333
66335 148351 101165 899 51 24702 252329 106381.112 2679 2987 2543.901 0 103 1000 5.333333333333333
66691 148436 101415 900 51 24931 251344 122353.180 2714 3024 2187.113 0 102 1000 5.333333333333333
66954 145437 101481 907 51 25046 252674 122616.725 2725 3035 3565.970 0 104 1000 5.333333333333333
67694 148601 102187 910 51 25396 256558 115762.097 2782 3083 2708.728 3 103 1000 5.333333333333333
68133 148508 102493 915 51 23009 259101 134257.136 2807 3117 2976.013 0 100 1000 5.333333333333333
68557 148840 102999 919 51 28820 264114 112933.687 2837 3157 3036.471 0 97 1000 5.333333333333333
68789 149131 102940 922 51 19109 269307 95326.573 2877 3185 2572.826 0 97 1000 5.333333333333333
69158 148928 103002 928 51 19238 271905 136960.194 2907 3219 3274.440 1 97 1000 5.333333333333333
69629 146513 103635 933 51 37184 267857 161727.147 2911 3236 3350.589 0 98 1000 5.333333333333333
70015 146563 104070 935 51 26563 269358 158594.002 2950 3260 2634.062 1 97 1000 5.333333333333333
70348 146764 104283 942 51 21643 276434 130327.709 2982 3291 3945.504 0 96 1000 5.333333333333333
70654 146910 104304 944 51 21797 279102 115045.867 3021 3333 2597.797 0 94 1000 5.333333333333333
70977 146924 104571 951 51 34152 278338 154814.907 3047 3357 3667.422 2 92 1000 5.333333333333333
71415 147108 104717 957 51 22130 289294 102762.936 3080 3397 3694.105 0 92 1000 5.333333333333333
71398 147487 104712 965 52 22281 287476 117799.624 3092 3426 3502.835 1 89 1000 5.4423076923076925
71678 149587 104437 970 52 22537 291892 127776.490 3148 3480 3276.435 2 93 1000 5.4423076923076925
72061 150149 104717 972 52 35530 295390 156718.145 3178 3512 2762.095 1 89 1000 5.4423076923076925
72160 147321 104623 980 52 25344 295994 117574.723 3193 3529 4134.403 0 90 1000 5.4423076923076925
72549 147722 104819 984 52 31968 301202 139624.022 3224 3555 3195.980 0 89 1000 5.4423076923076925
72573 149767 104460 991 52 41100 305596 151540.401 3272 3615 3821.454 1 90 1000 5.4423076923076925
72967 149745 104557 994 52 41494 307009 165097.031 3320 3640 3186.391 1 89 1000 5.4423076923076925
73451 147258 105072 998 52 26128 309975 105944.065 3320 3664 3608.845 0 86 1000 5.4423076923076925
73713 150074 105203 1002 52 23735 312604 116417.654 3380 3724 3087.284 2 88 1000 5.4423076923076925
73835 147094 105229 1005 52 37522 316033 138143.133 3396 3734 3073.926 0 86 1000 5.4423076923076925
74266 147413 105548 1008 52 37859 314683 157357.503 3429 3764 3084.494 1 86 1000 5.4423076923076925
74676 147865 105899 1014 52 26960 320614 138709.183 3463 3806 3778.849 0 86 1000 5.4423076923076925
75272 151395 106209 1015 52 34359 327532 161229.702 3527 3871 2801.684 2 87 1000 5.4423076923076925
75475 151421 106258 1021 52 34653 326980 163649.001 3561 3903 4110.385 0 86 1000 5.4423076923076925
75903 148472 106636 1028 52 34797 327711 143268.388 3582 3914 4579.516 0 88 1000 5.4423076923076925
76440 151390 106821 1029 52 31375 333075 156951.874 3652 3980 2956.929 3 90 1000 5.4423076923076925
76307 148397 106649 1035 52 35382 332977 170310.176 3652 3998 4194.596 0 85 1000 5.4423076923076925
76439 148214 106563 1040 52 40281 336584 180946.601 3700 4028 3967.483 1 87 1000 5.4423076923076925
76862 148641 106974 1046 52 52153 341571 202057.216 3736 4078 4563.748 1 84 1000 5.4423076923076925
77098 148528 106981 1051 52 52621 346991 204379.114 3772 4113 4444.429 0 84 1000 5.4423076923076925
77042 150931 106515 1058 52 53341 350079 195161.328 3827 4168 4947.489 2 86 1000 5.4423076923076925
77139 147917 106462 1061 52 41661 355064 167057.630 3851 4181 3689.604 0 86 1000 5.4423076923076925
77540 147789 106608 1065 52 47642 357026 198877.793 3885 4214 3938.733 1 87 1000 5.4423076923076925
77723 147724 106495 1072 52 23701 361536 148648.613 3914 4267 5052.669 0 83 1000 5.4423076923076925
78253 150458 106875 1079 52 37926 366886 156860.129 3986 4315 4331.116 2 84 1000 5.4423076923076925
78687 150493 107112 1082 52 55645 365771 191923.825 4020 4363 3728.532 0 83 1000 5.4423076923076925
78635 147569 107150 1086 53 24190 371361 144344.070 4033 4380 3997.040 0 82 1000 5.547169811320755
78903 147680 107185 1091 53 24358 374750 150848.253 4063 4424 4650.767 1 82 1000 5.547169811320755
79170 147345 107255 1097 53 34539 377943 151308.097 4120 4463 4323.942 0 84 1000 5.547169811320755
79736 150478 107903 1102 53 34989 377270 194541.042 4173 4519 4275.973 2 84 1000 5.547169811320755
79808 150399 107563 1106 53 58085 382900 205964.450 4226 4570 4259.483 1 83 1000 5.547169811320755
79695 149856 107167 1110 53 51490 386666 212236.058 4226 4604 4508.288 0 82 1000 5.547169811320755
80140 146966 107567 1115 53 40185 386218 196646.544 4247 4616 4745.025 0 81 1000 5.547169811320755
80371 146870 107743 1119 53 40507 391615 216873.669 4289 4660 4453.276 0 80 1000 5.547169811320755
80481 146670 107660 1126 53 40819 390785 205087.741 4324 4701 5235.122 1 78 1000 5.547169811320755
80465 146712 107469 1130 53 52945 402317 184565.731 4366 4742 4310.413 1 77 1000 5.547169811320755
80757 149383 107310 1136 53 69610 406509 244946.636 4437 4809 4597.339 2 79 1000 5.547169811320755
80804 148871 107054 1143 53 26201 411762 134715.216 4476 4852 5576.307 0 78 1000 5.547169811320755
81220 145795 107359 1149 53 54308 407695 209866.259 4508 4871 4332.061 0 79 1000 5.547169811320755
81442 145652 107345 1154 53 42440 414892 193049.750 4530 4904 5042.272 1 77 1000 5.547169811320755
81895 148549 107516 1158 53 33684 418579 189367.566 4596 4976 4404.386 2 80 1000 5.547169811320755
82324 145600 107758 1164 53 82616 420197 279051.684 4631 4985 5236.388 0 81 1000 5.547169811320755
82014 144855 106986 1173 53 26973 427270 148884.094 4655 5028 6643.031 0 80 1000 5.547169811320755
82365 147372 106955 1187 53 34414 428796 177805.432 4724 5101 6518.040 0 79 1000 5.547169811320755
82270 144132 106635 1191 53 44071 426808 226196.901 4747 5112 4680.115 0 79 1000 5.547169811320755
82604 143957 106788 1194 53 44420 436321 182958.538 4782 5163 4361.834 1 77 1000 5.547169811320755
83047 143819 106950 1196 53 44798 439964 199373.244 4834 5201 4319.609 1 79 1000 5.547169811320755
83391 143861 106987 1201 54 66437 437996 273575.387 4877 5242 5039.646 0 76 1000 5.722222222222222
83483 143748 106774 1209 54 25105 451851 208992.833 4912 5275 6503.947 0 76 1000 5.722222222222222
83640 143587 106658 1217 54 25261 455477 193675.240 4955 5329 6289.715 1 76 1000 5.722222222222222
84060 143735 106839 1223 54 46101 457015 205358.995 5003 5376 5131.734 1 73 1000 5.722222222222222
84158 146241 106566 1232 54 68878 458679 265342.747 5067 5442 6165.596 1 75 1000 5.722222222222222
84465 143038 106570 1234 54 32376 461987 206898.599 5094 5469 4676.118 0 76 1000 5.722222222222222
84247 142572 105732 1240 54 32617 466154 193368.536 5135 5494 5508.467 1 77 1000 5.722222222222222
84270 145183 105109 1245 54 42052 467726 221879.164 5204 5577 5210.891 1 75 1000 5.722222222222222
84672 144610 105198 1254 54 54620 471476 225729.216 5236 5619 6542.444 0 75 1000 5.722222222222222
84962 141916 105331 1261 54 84674 481951 236887.620 5262 5641 5654.285 0 74 1000 5.722222222222222
85192 144631 105280 1264 55 55462 488731 235753.364 5335 5714 5119.860 0 75 1000 5.890909090909091
85448 141641 105470 1270 55 55628 489962 207395.539 5355 5736 6031.487 0 76 1000 5.890909090909091
85570 143850 105043 1274 55 73238 487226 248329.304 5427 5814 5164.475 2 78 1000 5.890909090909091
85788 143364 104897 1279 55 49823 498050 201742.315 5461 5848 5397.586 1 77 1000 5.890909090909091
86194 143590 105141 1282 55 74452 494331 281760.071 5515 5906 4989.206 1 76 1000 5.890909090909091
86497 143570 105060 1286 55 50580 506424 204474.417 5569 5942 5788.079 0 76 1000 5.890909090909091
86658 140696 104964 1294 55 50724 499001 236339.863 5563 5962 6559.593 0 75 1000 5.890909090909091
86829 140505 104615 1302 55 35149 516261 167454.062 5639 6011 6606.426 1 74 1000 5.890909090909091
86652 140284 104125 1305 55 100131 509345 312574.865 5667 6062 4858.178 1 75 1000 5.890909090909091
86698 139865 103784 1306 55 59057 509400 294449.400 5723 6110 4901.256 1 76 1000 5.890909090909091
86893 139688 103604 1311 55 77585 516352 321332.063 5779 6156 5852.496 0 72 1000 5.890909090909091
87079 141883 103243 1314 55 78510 526620 304732.954 5836 6230 5743.509 0 73 1000 5.890909090909091
87407 141620 103258 1318 55 79158 527406 349459.192 5898 6279 5705.932 1 73 1000 5.890909090909091
87397 138089 102894 1326 55 28828 538730 208984.434 5924 6303 7558.096 0 72 1000 5.890909090909091
87863 140737 102941 1335 55 61452 538795 271858.775 5982 6374 7217.350 1 71 1000 5.890909090909091
88087 138117 103126 1342 55 61599 536616 299104.806 6005 6398 7142.297 0 68 1000 5.890909090909091
88470 140460 103066 1347 55 107152 540815 356401.358 6088 6468 6371.887 2 71 1000 5.890909090909091
88853 140182 103265 1357 55 48414 549204 266143.450 6127 6522 8289.948 0 69 1000 5.890909090909091
89071 137880 103529 1362 56 124337 544384 377464.823 6150 6551 6115.935 0 69 1000 6.071428571428571
89292 138008 103409 1367 56 125157 548613 379976.706 6196 6601 6396.381 1 68 1000 6.071428571428571
89194 137234 102939 1380 56 33879 565967 209514.210 6241 6641 9591.018 0 67 1000 6.071428571428571
89678 137116 103181 1385 56 56399 561558 256797.555 6299 6707 6019.970 2 69 1000 6.071428571428571
89705 136730 102631 1388 56 74067 565753 284175.001 6356 6743 5780.691 1 68 1000 6.071428571428571
89796 136433 102443 1398 56 65248 574807 276670.745 6396 6799 7533.154 1 68 1000 6.071428571428571
89823 135739 102116 1407 56 98579 575770 384927.552 6454 6859 7922.874 1 69 1000 6.071428571428571
89915 135688 101947 1413 56 66205 577918 330267.579 6511 6892 7472.684 0 68 1000 6.071428571428571
89961 135413 101658 1420 56 51255 585594 292086.339 6543 6941 7329.710 1 66 1000 6.071428571428571
89854 137565 101396 1424 56 77125 591632 337167.533 6616 7026 6577.581 2 69 1000 6.071428571428571
89998 134644 101325 1433 56 59197 594543 241111.483 6649 7045 8551.054 0 67 1000 6.071428571428571
90270 134528 101535 1437 56 59592 596754 326089.477 6682 7093 6094.465 0 66 1000 6.071428571428571
90689 136996 101655 1439 56 60283 604381 301223.220 6765 7193 6075.844 2 68 1000 6.071428571428571
91128 136890 101837 1445 56 119782 608667 375688.825 6814 7238 7152.041 1 68 1000 6.071428571428571
90923 133753 101355 1453 56 46910 614732 243997.498 6848 7268 7934.516 0 67 1000 6.071428571428571
90875 136356 100957 1457 56 80428 618960 372398.439 6917 7360 6171.478 0 65 1000 6.071428571428571
91014 133367 100807 1463 56 80626 620543 372340.732 6950 7364 7789.986 0 64 1000 6.071428571428571
91205 133133 100538 1466 56 54432 626282 286682.910 7018 7424 6694.018 1 66 1000 6.071428571428571
91299 132560 100071 1471 56 163708 630727 416724.244 7053 7480 7204.429 0 65 1000 6.071428571428571
91319 132425 99821 1474 56 82333 635593 308025.729 7116 7528 6367.987 1 66 1000 6.071428571428571
91192 132386 99500 1483 56 48784 644996 225937.891 7169 7586 8641.180 1 67 1000 6.071428571428571
91429 134817 99517 1492 56 49293 650192 261297.508 7244 7683 8355.290 1 66 1000 6.071428571428571
91534 131648 99351 1498 56 56237 649396 291208.828 7280 7696 7588.505 0 67 1000 6.071428571428571
91929 131724 99592 1506 56 111333 650431 386984.932 7327 7749 8035.419 1 64 1000 6.071428571428571
91965 131270 99240 1511 56 85121 653222 377218.763 7364 7800 7456.862 1 64 1000 6.071428571428571
91858 133497 98692 1515 56 86087 673249 315700.489 7464 7892 7385.644 0 67 1000 6.071428571428571
91996 131064 99107 1522 57 86262 663742 333815.731 7473 7918 7751.952 0 65 1000 6.157894736842105
92250 133571 99125 1526 57 87274 671589 345593.312 7568 7992 7587.762 2 67 1000 6.157894736842105
92642 133258 99420 1534 57 87829 674234 379585.564 7633 8062 8740.223 0 65 1000 6.157894736842105
92894 133105 99394 1538 57 88406 678941 381465.053 7682 8113 7486.490 1 63 1000 6.157894736842105
93164 130452 99477 1541 57 51923 689334 290866.188 7694 8116 7002.655 0 62 1000 6.157894736842105
93492 132662 99438 1546 57 135922 695223 423869.301 7803 8215 7820.599 0 63 1000 6.157894736842105
93712 129919 99561 1553 57 180904 696896 461958.623 7815 8238 8668.414 0 63 1000 6.157894736842105
93813 129649 99322 1556 57 90434 701782 328080.787 7882 8302 7216.418 1 62 1000 6.157894736842105
93895 132108 99209 1561 57 79744 714622 294042.157 7963 8400 7534.564 1 62 1000 6.157894736842105
93775 128804 98812 1565 57 105194 705332 394046.091 7977 8419 7323.193 0 63 1000 6.157894736842105
93777 128467 98537 1569 57 70252 714266 350091.519 8035 8481 7791.208 0 61 1000 6.157894736842105
93984 128228 98522 1572 57 37045 730478 269848.224 8092 8528 7427.663 1 61 1000 6.157894736842105
94168 127979 98417 1578 57 37254 735366 317827.404 8162 8577 8157.174 1 61 1000 6.157894736842105
94058 130199 97971 1587 57 108464 726190 423078.231 8253 8689 9538.509 2 63 1000 6.157894736842105
94406 130132 98239 1594 57 109109 741750 379121.546 8299 8726 9393.159 1 62 1000 6.157894736842105
94672 130439 98340 1597 57 126286 735917 473603.414 8369 8800 7653.412 1 61 1000 6.157894736842105
94803 130186 98133 1599 57 73256 747378 312780.427 8418 8869 7587.163 1 61 1000 6.157894736842105
94791 127484 97933 1607 57 110844 747030 415700.162 8440 8869 8948.643 0 60 1000 6.157894736842105
94949 127195 97840 1619 57 73883 758767 287346.835 8493 8948 11216.622 1 60 1000 6.157894736842105
94833 126902 97374 1623 57 112268 755304 402266.079 8557 9009 7884.001 1 61 1000 6.157894736842105
95008 126547 97373 1631 57 113023 758237 458541.128 8614 9059 9986.122 1 60 1000 6.157894736842105
94963 126332 97047 1637 57 130843 765340 435844.999 8679 9123 9553.491 1 60 1000 6.157894736842105
94997 126034 96820 1640 57 75752 777174 347786.070 8738 9178 8256.513 1 59 1000 6.157894736842105
95092 128454 96414 1644 57 100704 779369 455716.279 8838 9278 8451.441 1 59 1000 6.157894736842105
95151 128237 96265 1647 57 101402 795955 379742.676 8920 9337 8432.411 0 60 1000 6.157894736842105
95332 125671 96388 1649 57 178264 785235 538681.669 8920 9373 7993.116 0 61 1000 6.157894736842105
95216 125309 95855 1653 57 179590 791180 541634.027 9000 9412 9088.588 1 62 1000 6.157894736842105
95495 125102 95937 1655 57 118225 803426 414687.563 9044 9492 8036.483 1 58 1000 6.157894736842105
95220 126842 95237 1659 57 119420 811999 418908.644 9138 9576 8444.184 1 57 1000 6.157894736842105
95369 124150 95269 1666 57 69040 813371 340288.736 9156 9603 10067.152 0 58 1000 6.157894736842105
95235 123925 95078 1671 57 91237 814710 387040.932 9227 9667 9252.973 0 58 1000 6.157894736842105
95025 123305 94560 1673 57 189580 828752 560055.330 9279 9714 8223.705 1 56 1000 6.157894736842105
94877 122699 94334 1679 57 140277 820882 505735.592 9335 9788 10109.011 1 58 1000 6.157894736842105
94808 124799 93973 1681 57 141737 827164 528443.923 9444 9883 8502.733 1 57 1000 6.157894736842105
95239 124948 94275 1687 57 142653 837430 464067.466 9509 9961 10645.960 1 58 1000 6.157894736842105
95487 124883 94311 1692 57 165415 843272 560538.357 9571 10000 9596.248 1 57 1000 6.157894736842105
95444 122040 94036 1697 57 94563 848363 374912.014 9590 10028 10069.999 0 58 1000 6.157894736842105
95748 121738 94208 1704 57 125708 847395 458363.345 9653 10098 9926.917 1 57 1000 6.157894736842105
95554 121242 93873 1707 57 167732 855336 519192.296 9711 10155 8927.176 1 56 1000 6.157894736842105
96000 123358 94064 1713 57 147091 874471 453186.856 9812 10277 10286.341 2 58 1000 6.157894736842105
95842 120679 93960 1719 57 169813 869105 482325.964 9821 10277 10120.634 0 56 1000 6.157894736842105
96078 123520 94379 1723 58 171490 874906 582460.685 9939 10377 9292.232 0 56 1000 6.310344827586207
96214 120717 94277 1727 58 97941 878316 437596.191 9957 10406 10070.575 1 57 1000 6.310344827586207
96751 123288 94424 1733 58 98962 887999 408030.723 10065 10534 11092.440 2 57 1000 6.310344827586207
96857 122924 94412 1739 58 86685 902511 359099.178 10135 10593 10980.989 1 56 1000 6.310344827586207
96655 122503 94023 1746 58 87200 901087 384448.456 10201 10641 11091.628 1 56 1000 6.310344827586207
97072 122427 94092 1748 58 100713 904619 407472.788 10263 10730 8875.480 1 57 1000 6.310344827586207
97080 119686 93870 1753 58 58594 915250 299441.784 10289 10739 9972.258 0 56 1000 6.310344827586207
97446 121881 93657 1759 58 101901 920352 379776.330 10397 10838 10762.591 0 57 1000 6.310344827586207
97635 121670 93552 1761 58 117846 925927 406714.107 10460 10908 9305.427 1 56 1000 6.310344827586207
97545 119011 93405 1763 58 156506 916509 564161.554 10480 10940 9453.120 0 55 1000 6.310344827586207
97477 120910 92958 1768 58 158126 926313 568472.886 10594 11037 11019.333 2 55 1000 6.310344827586207
97385 120312 92485 1768 58 158985 935895 539844.577 10655 11092 8798.143 0 54 1000 6.310344827586207
97304 119390 91839 1773 58 138838 943723 455868.059 10723 11154 11131.821 1 55 1000 6.310344827586207
97138 116804 91623 1779 58 120810 945627 409091.940 10741 11197 10888.232 0 54 1000 6.310344827586207
97297 119247 91279 1781 58 121964 955353 413054.713 10852 11298 9464.764 2 54 1000 6.310344827586207
97171 116485 91084 1789 58 162102 956596 525067.814 10869 11318 11466.214 0 52 1000 6.310344827586207
97439 116158 91053 1795 58 141481 960278 506450.252 10936 11375 11751.796 0 52 1000 6.310344827586207
97772 118338 91106 1800 58 142862 967960 527259.046 11038 11505 10933.857 2 54 1000 6.310344827586207
97534 115714 90751 1801 58 81929 978437 366157.756 11070 11508 9706.858 0 51 1000 6.310344827586207
97679 115618 90564 1803 58 166006 973984 556891.728 11125 11591 10052.608 0 52 1000 6.310344827586207
97785 115321 90417 1810 58 144746 983285 474661.167 11200 11648 12527.195 0 52 1000 6.310344827586207
97728 117691 90147 1813 58 126931 993550 457974.642 11328 11776 10583.527 2 53 1000 6.310344827586207
97652 115042 90091 1818 58 146466 995676 491749.628 11341 11798 11134.744 0 53 1000 6.310344827586207
97743 114983 90038 1826 58 196057 1002825 622072.984 11419 11869 12682.057 1 54 1000 6.310344827586207
98121 117363 90204 1827 58 269007 1020531 711434.097 11517 11980 10086.169 1 53 1000 6.310344827586207
98447 114824 90204 1833 58 129404 1013738 460468.095 11535 12009 11889.810 0 53 1000 6.310344827586207
98343 117033 89888 1838 58 130636 1023800 490836.932 11654 12129 11383.517 2 51 1000 6.310344827586207
98552 114535 90065 1839 58 98894 1029992 416371.026 11700 12141 10253.012 0 50 1000 6.310344827586207
98344 114078 89737 1847 58 99432 1035928 371721.439 11760 12223 12824.283 1 51 1000 6.310344827586207
98448 113774 89709 1851 58 234150 1045923 645796.422 11824 12271 11576.173 0 51 1000 6.310344827586207
98245 113223 89251 1861 58 176726 1049450 523023.089 11887 12355 13035.597 1 51 1000 6.310344827586207
98363 115328 89197 1864 58 274568 1049183 755637.771 11989 12453 10745.693 1 52 1000 6.310344827586207
98196 114879 88856 1868 58 501527 1062230 933143.851 12065 12552 11995.493 0 51 1000 6.310344827586207
98319 112130 88789 1871 58 325752 1067616 883842.509 12101 12556 11586.349 0 50 1000 6.310344827586207
98736 114393 88886 1873 58 157314 1080627 478891.835 12188 12684 10885.292 0 51 1000 6.310344827586207
98945 111918 89076 1876 59 157600 1075481 521756.230 12066 12698 10964.125 0 50 1000 6.47457627118644
98790 111684 88546 1879 59 210861 1079909 642462.134 12246 12777 11617.842 1 51 1000 6.47457627118644
98945 111827 88712 1881 59 183864 1082019 601298.815 12307 12845 11396.233 0 53 1000 6.47457627118644
98905 113963 88208 1885 59 185407 1091351 599488.178 12429 12956 12422.880 1 53 1000 6.47457627118644
98952 111547 88084 1887 59 91774 1111268 345487.635 12429 13001 11481.507 0 51 1000 6.47457627118644
99169 113750 87997 1893 59 92629 1122035 347568.615 12615 13149 12146.459 2 53 1000 6.47457627118644
99250 113704 88180 1898 59 141812 1115069 492678.055 12678 13186 11751.302 1 52 1000 6.47457627118644
99534 113566 88109 1900 59 123801 1132653 412523.789 12741 13285 11671.314 1 53 1000 6.47457627118644
99937 111224 88251 1905 59 190036 1121180 605716.622 12741 13289 12113.227 0 50 1000 6.47457627118644
99927 111002 88048 1907 59 190972 1127056 592052.880 12804 13351 11837.650 1 49 1000 6.47457627118644
100120 111155 87977 1907 59 192117 1136037 585731.511 12918 13429 10984.089 1 50 1000 6.47457627118644
100090 113106 87859 1909 59 148212 1167334 685054.482 13046 13545 11824.365 0 49 1000 6.47457627118644
100201 110534 87810 1912 59 259074 1147401 745064.980 13046 13575 12619.454 0 49 1000 6.47457627118644
100198 112694 87631 1914 59 261474 1158158 751733.303 13176 13710 12124.815 1 50 1000 6.47457627118644
100301 112131 87470 1919 59 227515 1166628 659980.287 13241 13786 13518.542 1 51 1000 6.47457627118644
100633 112116 87714 1922 59 305524 1168594 806096.175 13293 13873 12915.953 0 50 1000 6.47457627118644
100269 109423 87287 1925 59 305992 1176252 782444.031 13344 13876 12933.872 0 50 1000 6.47457627118644
100128 109300 87109 1927 59 307576 1176509 815894.648 13410 13962 12457.885 1 49 1000 6.47457627118644
99716 111163 86201 1931 59 232486 1192509 687717.970 13559 14075 13633.285 1 51 1000 6.47457627118644
99658 108541 85955 1932 59 481623 1195737 977089.009 13545 14105 11995.679 0 49 1000 6.47457627118644
99661 108492 85895 1936 59 234147 1206567 679132.171 13649 14175 14206.696 0 47 1000 6.47457627118644
99796 110335 85764 1939 59 204435 1208566 635215.589 13771 14301 13653.162 1 48 1000 6.47457627118644
99826 107768 85496 1940 59 177382 1210597 597469.360 13801 14326 12205.176 0 49 1000 6.47457627118644
100022 109567 85369 1942 59 178934 1221503 602897.682 13922 14469 12679.195 0 48 1000 6.47457627118644
100282 107135 85530 1944 59 179232 1223600 601669.740 13939 14480 13346.200 0 48 1000 6.47457627118644
100375 107066 85513 1947 59 207913 1227506 658026.071 14022 14561 13800.572 0 46 1000 6.47457627118644
100127 108787 84914 1950 59 502474 1237463 1033848.964 14162 14706 14091.030 2 49 1000 6.47457627118644
100094 106206 84648 1953 59 242726 1253998 700926.328 14145 14713 14135.309 0 49 1000 6.47457627118644
99678 105876 84026 1955 59 282069 1250456 798381.015 14232 14776 13246.187 0 49 1000 6.47457627118644
99678 107660 83972 1956 59 284735 1262406 810455.731 14359 14918 13192.223 1 50 1000 6.47457627118644
99991 105095 83931 1960 59 285227 1264609 804348.422 14359 14943 14889.322 0 48 1000 6.47457627118644
99817 104861 83614 1962 59 594265 1267509 1089680.733 14430 15013 13809.726 0 48 1000 6.47457627118644
99962 104711 83615 1964 59 215715 1281368 637460.391 14545 15106 14053.135 1 49 1000 6.47457627118644
100103 107137 83788 1969 59 603318 1285634 1110205.858 14646 15241 14782.306 1 49 1000 6.47457627118644
99811 104399 83497 1971 59 336854 1289447 895838.317 14719 15249 13956.116 0 50 1000 6.47457627118644
99944 104553 83532 1972 59 338575 1296083 890943.816 14782 15328 13693.950 1 50 1000 6.47457627118644
99789 106131 83231 1979 59 295140 1309039 810401.545 14865 15460 17198.830 1 48 1000 6.47457627118644
100085 105698 83349 1981 59 343063 1313396 895435.785 14969 15541 14051.130 0 48 1000 6.47457627118644
100393 105638 83383 1987 59 167348 1323599 565157.532 15068 15614 16317.092 0 47 1000 6.47457627118644
100342 103198 83141 1989 59 167581 1325498 565988.181 15071 15637 13921.338 0 48 1000 6.47457627118644
100144 105200 82759 1995 59 348530 1334485 904015.871 15218 15787 15239.541 2 47 1000 6.47457627118644
100317 103190 82913 1995 59 467504 1337157 1019313.380 15221 15798 13493.959 0 46 1000 6.47457627118644
100332 105372 82742 1998 59 128475 1356069 462177.380 15357 15954 15354.060 2 46 1000 6.47457627118644
100084 102873 82390 1998 59 228033 1349225 692469.200 15404 15975 13669.145 0 46 1000 6.47457627118644
100338 103032 82600 2000 59 171874 1369204 542788.598 15478 16054 14581.449 0 45 1000 6.47457627118644
100220 104747 82361 2003 59 173267 1380880 546056.895 15619 16177 14985.493 2 45 1000 6.47457627118644
100742 104776 82605 2006 60 747772 1374698 1232467.407 15677 16277 15564.064 0 45 1000 6.733333333333333
101203 102792 83053 2010 60 232537 1383538 680195.434 15710 16286 16281.246 0 44 1000 6.733333333333333
101369 105038 83153 2011 60 486364 1395364 1051521.922 15850 16414 14814.488 1 46 1000 6.733333333333333
101375 104777 83089 2012 60 204072 1398189 637111.307 15959 16496 14569.363 1 44 1000 6.733333333333333
101118 104589 82456 2013 60 133547 1411978 478290.474 16023 16602 14543.827 1 46 1000 6.733333333333333
101448 104292 82414 2017 60 318416 1413352 874105.231 16118 16692 15679.710 1 46 1000 6.733333333333333
101162 101857 82198 2020 60 318969 1415833 875373.674 16118 16730 15864.287 0 46 1000 6.733333333333333
100849 103534 81828 2023 60 321729 1435398 861583.638 16278 16872 16351.529 2 46 1000 6.733333333333333
100744 103160 81412 2025 60 373922 1432432 966768.666 16359 16939 16121.146 0 46 1000 6.733333333333333
100836 100818 81446 2026 60 242015 1433811 725006.216 16359 16946 15223.970 0 44 1000 6.733333333333333
100636 102664 81197 2029 60 243938 1445446 729366.151 16505 17073 16304.781 1 45 1000 6.733333333333333
101095 100751 81637 2030 60 919936 1446536 1351133.329 16522 17115 15476.824 0 46 1000 6.733333333333333
101034 100703 81235 2033 60 328553 1458783 894278.009 16604 17200 17160.991 0 44 1000 6.733333333333333
100881 102423 80851 2039 60 594847 1465874 1191324.479 16736 17336 18279.833 1 45 1000 6.733333333333333
101224 102256 80844 2041 60 516147 1473437 1134996.786 16819 17423 16699.061 1 46 1000 6.733333333333333
101546 100296 81037 2044 60 288213 1491051 793644.070 16869 17461 17472.470 0 46 1000 6.733333333333333
101229 101967 80582 2049 60 290462 1503036 797152.372 16987 17595 17959.743 1 47 1000 6.733333333333333
101750 101883 80783 2052 60 816368 1499573 1335799.516 17114 17683 17498.381 1 48 1000 6.733333333333333
101816 99632 80689 2056 60 252855 1501227 742526.113 17120 17723 18351.444 0 46 1000 6.733333333333333
101862 101245 80301 2060 60 341082 1514935 907329.785 17291 17874 17150.280 0 48 1000 6.733333333333333
101761 101176 79967 2060 60 532754 1525940 1140177.970 17372 17962 15827.003 1 49 1000 6.733333333333333
101905 101240 79989 2064 60 398890 1534561 978621.065 17458 18036 18480.351 0 45 1000 6.733333333333333
101979 100904 79854 2064 60 346386 1539672 913091.224 17554 18142 16061.361 0 47 1000 6.733333333333333
102234 100548 79779 2067 60 347952 1545725 937296.722 17641 18232 18094.402 0 47 1000 6.733333333333333
102206 100390 79802 2068 60 468475 1548674 1108507.316 17717 18303 16996.195 1 46 1000 6.733333333333333
102400 98345 79812 2070 60 350047 1555114 935829.159 17725 18323 17802.641 0 45 1000 6.733333333333333
102225 98117 79640 2071 60 407362 1573756 988779.717 17817 18410 17187.664 0 45 1000 6.733333333333333
102472 99744 79550 2072 60 410599 1585851 1000513.986 17965 18594 17236.142 1 47 1000 6.733333333333333
102669 99794 79635 2077 60 356442 1583773 942920.926 18048 18667 18857.342 1 46 1000 6.733333333333333
102708 99584 79508 2077 60 358201 1591657 953412.701 18138 18760 16821.704 0 47 1000 6.733333333333333
103115 99535 79680 2083 60 558314 1594313 1207775.477 18185 18853 19929.989 0 46 1000 6.733333333333333
103256 97449 79783 2086 60 417277 1599673 1044094.388 18228 18869 19208.371 0 46 1000 6.733333333333333
103323 99214 79434 2090 60 363334 1614660 963516.174 18410 19022 18974.171 2 45 1000 6.733333333333333
103302 99023 79233 2095 60 567349 1617413 1219505.308 18502 19117 20335.253 1 44 1000 6.733333333333333
103139 98722 78924 2096 60 424886 1629023 1054128.249 18594 19221 17962.068 1 44 1000 6.733333333333333
103200 98602 78782 2098 60 154586 1643894 546199.815 18641 19297 18508.507 0 43 1000 6.733333333333333
103650 98608 79063 2101 60 239164 1647406 721550.025 18756 19396 18081.876 0 44 1000 6.733333333333333
103584 96325 78763 2102 60 667242 1644791 1320765.058 18760 19416 18003.249 0 43 1000 6.733333333333333
103701 96425 78948 2106 60 240630 1655145 722947.130 18853 19516 20776.521 0 42 1000 6.733333333333333
103721 96256 79036 2109 60 433205 1661111 1067825.689 18921 19593 18796.018 0 43 1000 6.733333333333333
103691 96161 78779 2111 60 504420 1668012 1162600.429 19015 19717 19209.548 1 44 1000 6.733333333333333
103785 96184 78764 2112 60 437677 1678365 1076643.842 19110 19764 18778.842 0 45 1000 6.733333333333333
103597 97956 78415 2115 60 184202 1696735 614049.104 19301 19934 20415.630 1 45 1000 6.733333333333333
