14 0 0 4 0 7029 56235 18329.254 508 510 24771.833 4 4 1 0.0
16 0 0 5 0 7030 50932 18827.729 508 510 6531.143 0 5 1 0.0
17 0 0 8 0 7032 50981 19294.200 508 510 13476.300 0 5 1 0.0
20 15 6 11 1 7198 49853 19822.179 508 512 11941.077 0 6 2 2.0
24 18 7 15 1 7195 49767 19754.954 502 514 11281.353 0 6 2 2.0
27 21 8 16 1 7188 49508 19674.012 502 514 2680.278 0 7 2 2.0
32 27 11 19 1 7184 49336 19595.242 502 518 6712.905 0 8 2 2.0
35 30 12 20 1 7184 49336 19583.241 502 520 2450.273 0 9 2 2.0
39 35 15 23 1 7182 49279 19534.004 496 522 5861.600 0 11 2 2.0
43 66 36 26 2 7176 50537 20055.716 496 524 5029.643 0 11 2 2.0
47 66 38 27 2 7173 50537 20030.305 496 524 1658.690 0 12 2 2.0
48 61 36 27 2 7173 50537 20030.305 496 523 173.966 0 12 2 2.0
50 61 38 28 2 7171 50092 19953.324 491 524 1813.867 0 11 2 2.0
55 64 41 29 2 7166 50092 19906.834 491 524 1739.323 0 11 3 2.0
59 103 41 29 3 7164 50092 19893.419 491 524 162.226 0 11 3 2.0
60 111 43 30 3 7165 50092 19887.222 492 526 1677.094 0 12 3 2.0
61 103 47 31 3 7166 49796 19843.217 492 526 1461.970 0 12 3 2.0
64 103 50 34 3 7163 49796 19794.294 488 527 3875.667 0 11 3 2.0
71 103 51 36 3 7171 49796 19811.061 488 527 2569.763 0 11 3 2.0
76 106 55 36 4 7172 49672 20326.229 490 527 184.868 0 11 3 2.25
79 114 59 37 4 7178 49549 20289.165 488 527 1433.744 0 12 3 2.25
82 111 56 40 4 7175 49549 20237.971 488 521 3502.452 0 13 3 2.25
83 122 55 41 4 7174 49426 20196.425 487 525 1175.442 0 12 3 2.25
85 122 59 41 4 7172 49302 20161.339 485 525 174.442 0 12 3 2.25
93 127 67 43 4 7171 49179 20110.868 483 525 2167.667 0 12 4 2.25
97 169 69 47 5 7169 49179 20058.574 483 526 3936.184 0 12 4 2.2
104 196 79 48 5 7168 49055 20019.187 483 530 1006.480 0 13 4 2.2
104 197 78 48 5 7169 48932 19993.917 480 529 149.580 0 14 4 2.2
111 197 80 49 5 7171 48871 19526.056 478 529 996.569 0 13 4 2.2
113 193 84 49 5 7173 48940 19538.612 478 528 156.706 0 14 4 2.2
117 192 84 50 5 7175 49004 19549.580 478 522 899.904 0 14 4 2.2
118 225 89 53 5 7171 48863 19488.640 475 528 2321.727 0 15 4 2.2
125 268 149 54 6 7172 48925 19480.176 473 527 926.054 0 15 4 2.1666666666666665
133 279 159 55 6 7171 48871 19450.542 473 527 886.421 0 18 5 2.1666666666666665
137 262 156 55 6 7171 48878 19441.431 473 526 157.228 0 18 5 2.1666666666666665
148 276 170 56 6 7173 46991 19434.442 470 526 1005.845 0 18 5 2.1666666666666665
147 298 176 57 6 7173 46883 19411.771 468 526 888.746 0 18 5 2.1666666666666665
150 300 183 58 6 7173 47141 19421.004 468 525 881.717 0 18 5 2.1666666666666665
147 272 170 60 6 7170 47055 19359.666 468 525 1495.790 0 18 5 2.1666666666666665
155 282 183 61 6 7167 47055 19332.334 465 525 813.365 0 17 5 2.1666666666666665
154 289 185 61 6 7165 46900 19308.241 463 525 156.968 0 17 5 2.1666666666666665
163 310 200 61 6 7167 48727 19792.804 465 523 180.111 0 17 6 2.1666666666666665
169 342 207 64 7 7167 48738 19768.391 466 523 2059.591 0 17 6 2.2857142857142856
174 355 216 65 7 7169 48685 19754.626 466 523 715.552 0 16 6 2.2857142857142856
181 387 222 66 7 7171 48642 19745.921 468 524 704.412 0 16 6 2.2857142857142856
191 476 240 67 8 7315 48861 20289.541 468 526 772.580 0 17 6 2.25
186 487 245 69 8 7315 48861 20263.640 468 526 1421.986 0 17 6 2.25
195 487 257 70 8 7315 48870 20258.179 468 525 743.514 0 17 7 2.25
188 578 252 71 9 7305 48583 20144.850 463 527 812.027 0 17 7 2.3333333333333335
198 571 264 71 9 7305 48592 20148.366 463 526 162.219 0 16 7 2.3333333333333335
205 573 270 71 9 7307 48638 20164.773 463 527 162.192 0 16 7 2.3333333333333335
215 586 286 71 9 7307 48638 20164.773 463 528 162.274 0 16 7 2.3333333333333335
216 594 284 71 10 7299 48444 20095.555 458 527 161.712 0 16 7 2.4
225 623 303 71 10 7298 48416 20085.832 458 525 161.863 0 14 7 2.4
229 631 312 71 10 7297 48379 21172.519 458 525 168.027 0 14 7 2.4
233 623 317 71 10 7299 48444 21188.537 458 522 167.849 0 14 8 2.4
236 681 319 71 11 7171 48287 20698.025 453 526 174.562 0 16 8 2.6363636363636362
242 691 327 72 11 7171 48305 20636.021 453 525 751.757 0 15 8 2.6363636363636362
253 710 340 72 11 7174 48249 20076.911 453 524 185.378 0 15 8 2.6363636363636362
264 754 355 73 11 7175 48249 20081.619 453 524 793.253 0 14 8 2.6363636363636362
276 776 379 75 11 7175 48231 20061.810 453 519 1162.766 0 14 9 2.6363636363636362
282 812 379 76 11 7173 53050 20574.062 448 524 698.321 0 16 9 2.6363636363636362
291 964 388 77 12 7173 53179 20595.055 448 526 695.418 0 18 9 2.5833333333333335
304 985 409 78 12 7170 53072 20551.771 448 525 719.900 0 17 10 2.5833333333333335
306 1039 420 80 12 7174 53007 20535.842 448 525 1103.561 0 16 10 2.5833333333333335
316 1060 442 80 12 7174 52835 20499.113 443 525 178.402 0 16 10 2.5833333333333335
320 1066 442 82 12 7172 52835 20001.735 443 527 1108.000 0 16 10 2.5833333333333335
334 1164 492 84 13 7175 52835 19997.290 443 527 1141.767 0 16 10 2.6923076923076925
333 1179 494 87 13 7175 52684 19960.935 443 526 1504.101 0 15 11 2.6923076923076925
339 1164 497 90 13 7176 52512 19924.051 438 526 1389.402 0 15 11 2.6923076923076925
353 1224 527 90 13 7177 52555 19932.210 438 528 164.500 0 15 11 2.6923076923076925
364 1256 552 90 14 7178 52598 20871.178 438 528 169.565 0 15 12 2.7857142857142856
365 1218 555 91 14 7178 52620 19901.150 438 527 601.828 0 14 11 2.7857142857142856
373 1268 560 91 14 7179 52913 19943.733 433 528 177.903 0 15 12 2.7857142857142856
388 1284 568 91 14 7179 52826 19941.080 433 527 177.914 0 15 12 2.7857142857142856
402 1333 587 92 14 7179 52849 19936.026 433 528 620.479 0 15 12 2.7857142857142856
408 1353 611 92 15 7180 52735 19926.747 433 528 180.979 0 15 12 2.8666666666666667
416 1384 634 94 15 7181 52720 19910.462 435 528 929.375 0 14 13 2.8666666666666667
434 1420 672 95 15 7181 46978 19072.299 435 529 611.134 0 14 13 2.8666666666666667
452 1511 721 97 15 7182 45617 19504.122 435 528 961.202 0 14 14 2.8666666666666667
465 1498 752 99 15 7184 45629 19503.025 435 530 874.485 0 14 14 2.8666666666666667
476 1503 766 99 16 7186 45531 19506.441 430 530 182.851 0 15 15 2.9375
487 1534 799 101 16 7186 47298 19085.945 434 530 862.369 0 15 15 2.9375
503 1571 831 103 16 7186 47353 19076.252 436 530 901.933 0 15 15 2.9375
527 1608 870 104 16 7188 45710 19500.262 436 531 543.972 0 15 16 2.9375
530 1651 889 106 16 7190 45753 19496.480 437 532 975.796 0 17 16 2.9375
543 1687 904 106 16 7191 47435 19085.960 432 533 185.046 0 16 16 2.9375
548 1669 920 106 16 7193 45203 20457.589 432 532 189.093 0 16 16 2.9375
564 1730 953 107 16 7194 45203 20454.317 432 533 583.780 0 17 17 2.9375
569 1782 948 109 17 7197 51157 22423.855 432 535 966.586 0 17 17 3.1176470588235294
576 1811 949 112 17 7198 50942 22343.030 427 535 1294.044 0 17 17 3.1176470588235294
591 1884 972 115 18 7201 50942 22330.748 427 535 1256.017 0 18 18 3.2777777777777777
604 1894 1003 115 18 7203 50726 21711.584 427 536 183.350 0 18 18 3.2777777777777777
620 1919 1036 116 18 7204 50726 21725.887 427 537 554.788 0 17 18 3.2777777777777777
637 1917 1064 116 18 7205 50511 21712.837 422 537 186.144 0 17 19 3.2777777777777777
664 2015 1125 117 18 7208 50511 21294.362 422 539 556.832 0 16 20 3.2777777777777777
677 2024 1154 117 19 7210 50296 21271.604 422 540 192.983 0 16 20 3.4210526315789473
708 2115 1227 117 19 7212 50296 21288.572 422 542 193.395 0 16 21 3.4210526315789473
721 2168 1243 118 19 7214 50081 21260.039 417 542 491.692 0 17 22 3.4210526315789473
746 2240 1296 119 19 7216 50339 21300.807 423 544 527.884 0 17 22 3.4210526315789473
757 2277 1316 119 19 7219 50210 21297.687 425 544 194.860 0 17 22 3.4210526315789473
776 2290 1359 119 19 7220 50210 21732.220 425 545 198.926 0 17 22 3.4210526315789473
800 2361 1380 120 20 7223 50296 21752.276 427 546 564.352 0 18 24 3.5
812 2381 1391 120 20 7225 50296 21765.194 427 547 198.041 0 17 25 3.5
830 2441 1437 121 20 7227 52405 21434.852 427 548 531.919 0 17 24 3.5
864 2541 1509 125 20 7230 52512 21445.458 427 547 1388.850 0 18 26 3.5
885 2606 1540 128 20 7232 52577 21449.732 427 550 1047.538 0 19 26 3.5
896 2678 1578 129 21 7235 52512 21436.613 422 551 504.023 0 19 26 3.5714285714285716
915 2678 1593 132 21 7237 52491 21417.853 425 551 1016.687 0 19 27 3.5714285714285716
923 2698 1619 133 21 7238 49267 20144.941 426 552 537.200 0 18 27 3.5714285714285716
942 2714 1638 133 21 7240 49478 20173.700 427 552 205.963 0 18 28 3.5714285714285716
979 2823 1715 136 21 7244 49502 20177.514 429 554 1013.681 0 19 29 3.5714285714285716
1006 2944 1744 136 22 7245 49576 20191.935 430 556 202.094 0 19 29 3.590909090909091
1019 3038 1773 137 22 7248 49644 20205.632 431 556 501.309 0 20 31 3.590909090909091
1053 3154 1833 138 22 7254 47729 19840.621 432 558 466.907 0 20 31 3.590909090909091
1093 3211 1888 139 22 7258 47794 19860.252 432 558 545.262 0 20 31 3.590909090909091
1113 3437 1927 140 23 7259 47787 19856.427 433 560 488.063 0 20 32 3.5217391304347827
1130 3518 1965 143 23 7260 47889 19843.915 434 560 1111.779 0 20 33 3.5217391304347827
1148 3607 1973 144 23 7263 45955 20267.255 435 561 520.185 0 20 33 3.5217391304347827
1183 3711 2028 144 23 7264 50116 19884.110 438 563 214.555 0 20 34 3.5217391304347827
1221 3754 2106 145 23 7407 50331 21272.759 438 563 519.422 0 21 35 3.5217391304347827
1265 3886 2202 147 23 7410 50427 20834.429 438 565 839.966 0 21 37 3.5217391304347827
1303 4130 2286 148 24 7415 50603 22732.664 440 566 474.913 0 20 38 3.5
1335 4215 2369 149 24 7417 51329 24201.117 441 567 509.272 0 20 38 3.5
1359 4254 2442 151 24 7420 51329 22365.554 441 567 806.078 0 21 40 3.5
1414 4350 2530 153 24 7420 51114 22702.198 440 569 847.671 0 22 40 3.5
1437 4378 2578 156 24 7422 50899 22667.972 436 568 937.405 0 22 42 3.5
1455 4708 2675 157 25 7424 50899 22668.668 436 570 534.440 0 22 42 3.52
1507 4719 2772 158 25 7427 50959 22673.359 436 572 494.456 0 22 43 3.52
1533 4811 2824 160 25 7429 51040 21749.389 435 572 685.395 0 22 44 3.52
1559 5004 2854 160 26 7433 51161 21797.851 431 574 228.179 0 22 46 3.576923076923077
1613 5087 2945 162 26 7435 51228 20916.398 431 576 802.738 0 23 46 3.576923076923077
1644 5220 3016 164 26 7438 51322 20932.257 431 576 643.398 0 23 47 3.576923076923077
1690 5411 3125 166 26 7442 51437 20562.762 430 578 554.000 0 23 48 3.576923076923077
1714 5441 3188 167 26 7444 51504 22741.056 433 578 499.254 0 23 49 3.576923076923077
1756 5624 3261 167 26 7447 51601 23606.718 434 579 238.538 0 24 50 3.576923076923077
1808 5905 3363 167 27 7453 51793 20250.746 436 581 245.592 0 24 52 3.5555555555555554
1822 5984 3406 169 27 7617 51871 20820.931 436 582 722.146 0 23 54 3.5555555555555554
1876 6080 3514 171 27 7622 51946 21634.435 437 583 675.382 0 24 53 3.5555555555555554
1905 6264 3577 174 27 7627 52051 21657.946 438 584 836.920 0 24 54 3.5555555555555554
1939 6401 3643 177 27 7630 52156 21659.894 438 586 907.196 0 24 55 3.5555555555555554
1976 6544 3713 178 27 7632 52276 21676.278 438 587 435.750 0 24 57 3.5555555555555554
2016 6873 3802 179 28 7635 52388 21697.287 433 588 481.757 0 25 58 3.5714285714285716
2051 7009 3882 180 28 7639 52463 21295.244 439 588 492.665 0 26 59 3.5714285714285716
2118 7034 4013 180 28 7645 50608 23529.334 441 590 246.192 0 26 60 3.5714285714285716
2179 7288 4153 182 29 7648 51329 25449.624 441 591 670.870 0 27 63 3.7241379310344827
2206 7334 4205 185 29 7653 51329 25463.834 443 593 950.952 0 27 63 3.7241379310344827
2246 7449 4278 186 29 7656 51329 24153.502 443 595 515.394 0 26 64 3.7241379310344827
2288 7548 4365 188 29 7661 51055 23177.131 438 596 589.100 0 27 66 3.7241379310344827
2348 7885 4460 188 29 7666 51191 24594.850 438 597 248.884 0 27 67 3.7241379310344827
2410 8096 4582 190 29 7501 53294 24009.175 438 598 708.979 0 28 69 3.7241379310344827
2455 8151 4647 191 30 7504 53383 24021.157 438 599 484.016 0 28 70 3.8333333333333335
2504 8441 4739 193 30 7509 53535 24057.094 433 604 662.421 0 28 70 3.8333333333333335
2533 8385 4743 193 30 7512 53636 22708.237 433 604 250.441 0 29 74 3.8333333333333335
2581 8674 4845 193 31 7516 53775 22763.432 433 605 251.313 0 28 74 3.935483870967742
2660 8913 5006 194 31 7521 53924 22367.292 433 608 382.903 0 29 75 3.935483870967742
2734 9163 5124 196 31 7525 54047 23857.477 428 609 733.566 0 29 77 3.935483870967742
2799 9312 5187 196 31 7532 54272 22927.898 434 610 263.126 0 29 80 3.935483870967742
2875 9445 5342 197 31 7535 54374 22940.081 436 612 464.397 0 29 82 3.935483870967742
2948 9847 5491 199 32 7539 54505 22968.848 437 614 708.149 0 30 84 3.90625
3006 10119 5604 201 32 7720 52638 23158.326 439 615 674.635 0 30 86 3.90625
3085 10475 5796 202 32 7727 52844 23202.844 440 618 514.564 0 31 88 3.90625
3156 10524 5929 205 32 7731 52946 23202.661 441 618 965.995 0 32 90 3.90625
3194 10826 6033 207 32 7736 53084 23235.862 445 621 705.608 0 31 91 3.90625
3284 11081 6210 209 32 7740 53181 23247.113 447 622 731.896 0 31 94 3.90625
3393 11373 6439 212 32 7745 53323 23280.721 448 624 816.593 0 32 95 3.90625
3454 11545 6654 214 33 7750 53460 22819.306 450 626 674.694 0 31 98 3.909090909090909
3551 11705 6866 215 33 7755 53597 22850.117 452 627 503.700 0 33 101 3.909090909090909
3654 12022 7109 215 33 7763 53817 24951.247 454 630 265.751 0 32 104 3.909090909090909
3729 12409 7262 218 33 7770 53994 23994.281 456 630 862.450 0 33 107 3.909090909090909
3812 12687 7454 219 34 7776 54169 25503.230 457 633 494.122 0 33 106 4.0
3900 12993 7678 221 34 7782 54322 23203.453 460 637 683.215 0 34 113 4.0
4002 13158 7904 223 34 7785 54406 22196.949 462 638 620.484 0 33 112 4.0
4111 13583 8113 225 34 7794 54661 25664.048 464 640 530.216 0 34 115 4.0
4174 13978 8241 226 35 7799 54792 24718.061 465 643 488.596 0 35 122 4.057142857142857
4237 14229 8393 228 35 7805 54948 24750.335 469 643 696.291 0 35 120 4.057142857142857
4340 14773 8590 234 35 7815 55232 24771.330 471 646 1502.331 0 35 121 4.057142857142857
4422 14858 8794 235 35 7820 55356 24281.615 474 649 495.059 0 36 129 4.057142857142857
4507 15179 8930 236 35 8047 54315 26615.561 474 651 507.130 0 37 131 4.057142857142857
4610 15782 9144 237 35 8057 54521 25692.043 478 654 504.498 0 39 129 4.057142857142857
4745 16424 9429 240 36 8064 54673 26265.589 482 658 832.773 0 40 132 4.111111111111111
4867 16905 9647 242 36 8074 54862 26364.782 484 661 641.598 0 39 138 4.111111111111111
4980 17317 9930 247 36 8084 58758 24790.219 486 664 1288.659 0 41 145 4.111111111111111
5111 17787 10222 249 36 8096 55311 26481.300 489 666 661.502 0 42 142 4.111111111111111
5236 18312 10486 249 36 8103 55457 25987.156 493 669 286.012 0 43 149 4.111111111111111
5361 18363 10727 253 36 8108 55559 26017.789 493 671 990.612 0 44 156 4.111111111111111
5473 19200 10959 255 36 8124 55875 26128.998 497 674 678.066 0 45 158 4.111111111111111
5567 19288 11163 256 36 8132 57793 25115.140 499 676 475.205 0 42 162 4.111111111111111
5655 19631 11361 257 36 8146 56322 25753.382 501 679 461.066 0 43 164 4.111111111111111
5781 20178 11591 259 37 8157 56537 25820.501 503 682 697.958 0 43 164 4.135135135135135
5901 20663 11851 260 37 8167 56742 27540.592 509 686 427.664 0 43 167 4.135135135135135
6048 21518 12159 261 37 8182 61112 24393.262 512 690 474.357 0 46 172 4.135135135135135
6203 22135 12445 264 38 8191 60070 29704.888 515 693 767.353 0 46 180 4.2105263157894735
6363 22708 12795 268 38 8205 58903 30279.884 518 697 1052.548 0 46 180 4.2105263157894735
6477 23438 13076 270 38 8226 58903 30354.925 522 700 688.199 0 48 186 4.2105263157894735
6643 23665 13418 272 38 8234 58387 29244.699 525 702 711.245 0 48 185 4.2105263157894735
6765 24093 13688 274 38 8007 60419 27340.566 525 705 677.420 0 48 190 4.2105263157894735
6900 24791 13999 275 39 8523 63880 28522.149 525 710 519.430 0 51 193 4.256410256410256
7015 25509 14252 278 39 8541 64251 28655.408 525 714 792.457 0 53 199 4.256410256410256
7120 25732 14481 280 39 8550 64434 28709.183 519 719 701.287 0 53 206 4.256410256410256
7277 26410 14816 281 39 8561 64647 28795.310 519 722 443.124 0 52 206 4.256410256410256
7472 27635 15233 281 40 8075 63226 28001.182 523 728 336.233 0 53 212 4.3
7659 28385 15567 285 40 8087 63591 28110.876 527 731 1008.760 0 54 221 4.3
7771 28344 15787 287 40 8097 63957 28819.335 531 732 679.561 0 55 226 4.3
7970 29127 16212 287 40 8111 64172 28928.848 535 739 337.412 0 54 222 4.3
8174 30068 16596 289 40 8129 64565 29639.959 541 743 701.285 0 55 231 4.3
8357 30872 16882 294 41 8144 64933 29169.057 546 749 1203.723 0 56 241 4.463414634146342
8594 31625 17358 297 41 8160 65364 29873.013 552 753 915.552 0 57 248 4.463414634146342
8822 31964 17828 300 41 8171 64877 27959.682 554 758 918.778 0 57 250 4.463414634146342
8983 32893 18123 303 41 8190 65391 28783.195 562 764 859.652 0 59 257 4.463414634146342
9180 33908 18550 308 42 8478 63849 31067.068 563 769 1181.029 0 58 256 4.571428571428571
9371 34148 18989 311 42 8491 64135 29323.240 565 772 881.073 0 60 271 4.571428571428571
9492 34513 19224 313 42 9135 67405 29385.424 565 776 702.098 0 59 268 4.571428571428571
9748 35497 19801 314 42 8527 66983 27725.505 559 784 528.639 0 61 282 4.571428571428571
9982 36083 20265 320 42 8546 67449 27815.704 569 790 1270.876 0 62 278 4.571428571428571
10197 37156 20668 323 43 8563 66621 32570.492 573 794 802.763 0 62 290 4.651162790697675
10472 38507 21188 325 43 8306 68524 29714.302 581 800 709.361 0 65 291 4.651162790697675
10714 38707 21635 329 43 8317 70894 28503.860 585 805 1004.834 0 66 305 4.651162790697675
10946 39753 22120 334 43 8338 69402 26755.335 591 812 1098.039 0 66 305 4.651162790697675
11230 40621 22693 338 43 9331 70797 27893.477 595 817 969.744 0 67 325 4.651162790697675
11501 41090 23180 341 44 8664 68169 27937.356 600 821 752.930 0 68 332 4.659090909090909
11739 41846 23598 344 44 8684 68635 28060.204 605 825 830.893 0 66 340 4.659090909090909
12029 43185 24189 346 44 8710 69247 30847.505 613 834 659.710 0 69 334 4.659090909090909
12299 44148 24729 349 44 8731 70662 34033.262 621 841 914.131 0 69 356 4.659090909090909
12529 44954 25152 355 44 8757 70337 33435.220 627 846 1371.969 0 69 354 4.659090909090909
12837 46091 25823 360 44 8781 70914 31992.023 632 854 1152.390 0 68 371 4.659090909090909
13156 46433 26476 364 44 8799 71322 31417.876 638 858 985.109 0 68 366 4.659090909090909
13469 48709 27203 369 45 8830 72049 33897.141 646 868 1166.606 0 69 381 4.666666666666667
13796 49332 27807 373 45 8848 72479 33289.046 652 872 1029.512 0 71 390 4.666666666666667
14183 50230 28611 378 45 8877 73148 31394.206 656 880 1092.479 0 71 393 4.666666666666667
14424 51734 29160 382 45 9686 76933 32283.591 668 887 952.451 0 74 417 4.666666666666667
14801 52865 29929 386 45 9313 74642 32124.634 676 898 1019.013 0 70 411 4.666666666666667
15187 54093 30718 388 45 9344 75349 34528.255 683 904 735.346 0 69 429 4.666666666666667
15570 54407 31528 392 45 9368 75879 32474.280 687 909 1112.766 0 72 433 4.666666666666667
15931 55933 32240 395 46 9406 76572 35698.214 698 916 971.597 0 71 460 4.760869565217392
16282 56909 32879 399 46 9442 75147 37869.711 708 929 1090.180 0 74 463 4.760869565217392
16538 57933 33339 403 46 8420 82238 34664.379 715 937 1073.805 0 76 480 4.760869565217392
16922 59063 34063 404 46 8445 83046 32151.620 724 946 601.670 0 73 478 4.760869565217392
17315 60343 34869 409 46 8470 83813 34252.473 733 955 1216.290 0 75 489 4.760869565217392
17718 62627 35595 415 46 8505 84914 33817.079 745 968 1333.341 0 79 500 4.760869565217392
18160 65382 36481 416 47 8865 83697 32682.972 751 978 585.502 0 79 513 4.76595744680851
18539 66589 37183 420 47 9279 82530 34963.974 763 988 997.517 0 79 523 4.76595744680851
18956 67742 37959 422 47 9317 83415 34259.735 772 998 739.243 0 81 535 4.76595744680851
19444 68968 38844 431 47 9356 84317 32248.030 784 1009 1646.088 0 81 549 4.76595744680851
19970 69646 39861 435 47 9386 85017 38654.256 790 1013 984.252 0 84 565 4.76595744680851
20369 71676 40535 439 47 9033 88253 39475.135 790 1032 1200.027 0 82 575 4.76595744680851
20836 72127 41350 444 47 9059 88953 32895.504 790 1037 1381.527 0 84 592 4.76595744680851
21171 73224 41907 447 47 9092 89853 33250.501 782 1048 921.911 0 84 598 4.76595744680851
21683 74574 42843 452 47 9131 90892 33451.684 782 1057 1313.588 0 87 615 4.76595744680851
22129 76130 43609 455 47 10059 89690 37673.259 782 1073 813.409 0 84 625 4.76595744680851
22683 78434 44511 458 47 9638 90901 44652.491 785 1087 937.315 0 84 629 4.76595744680851
23167 79408 45440 464 48 9667 91589 38344.951 794 1096 1600.056 0 83 654 4.770833333333333
23685 81822 46360 471 48 9724 92906 40715.560 807 1110 1632.835 0 87 673 4.770833333333333
24110 81956 47001 474 48 10255 91466 37743.870 815 1118 981.937 0 83 680 4.770833333333333
24680 83341 48001 477 48 10305 92481 43513.145 830 1129 1019.273 0 87 700 4.770833333333333
25283 84692 49116 484 48 9841 95643 39692.928 842 1142 1611.014 0 89 717 4.770833333333333
25870 86675 50155 490 48 9891 98904 37272.177 854 1156 1455.429 0 86 730 4.770833333333333
26448 89158 51105 494 48 9057 102322 33510.750 870 1171 1214.948 2 90 751 4.770833333333333
26977 90991 51956 497 48 11832 99984 49994.921 882 1184 964.315 0 87 761 4.770833333333333
27576 91616 53050 502 48 13637 97944 53881.390 893 1193 1382.409 0 86 778 4.770833333333333
28260 93983 54236 507 49 13717 98266 57439.602 909 1211 1450.094 0 89 784 4.857142857142857
28922 97021 55352 512 49 9647 104891 42581.809 922 1225 1478.360 0 91 804 4.857142857142857
29490 97629 56291 516 49 12935 102029 55500.686 932 1235 1145.786 0 90 832 4.857142857142857
30253 99703 57630 522 49 13033 103279 49641.520 948 1249 1709.134 0 92 838 4.857142857142857
30985 101865 58908 526 49 11543 103996 45324.794 964 1263 1380.807 0 93 874 4.857142857142857
31631 103311 59797 530 49 10943 105301 45293.883 977 1277 1236.398 0 97 900 4.857142857142857
32328 106058 61048 533 50 11683 104257 52821.059 992 1295 1181.619 0 96 897 4.92
33183 108968 62342 540 50 11791 110522 48834.343 1013 1311 1813.841 1 99 939 4.92
33804 109501 63372 542 50 11145 113573 43520.953 1026 1327 1067.004 0 99 977 4.92
34592 112867 64571 549 50 12772 115522 50553.933 1044 1349 1799.886 0 100 976 4.92
35325 114417 65574 555 50 12869 115411 60072.198 1069 1361 1657.443 0 104 1000 4.92
36198 116705 67003 561 50 12978 117034 59483.000 1084 1385 1778.728 0 102 1000 4.92
37061 118445 68268 568 50 12224 113611 57799.521 1098 1399 1871.618 0 104 1000 4.92
37802 120357 69352 570 50 12318 115227 55156.058 1118 1420 1138.079 0 107 1000 4.92
38344 120044 70132 576 50 12379 124877 48317.970 1127 1432 1757.017 0 106 1000 4.92
39043 122147 71390 580 51 10977 126413 45803.187 1143 1452 1490.847 0 104 1000 5.0
39655 124992 72102 584 51 11063 124169 52548.356 1167 1472 1476.614 1 107 1000 5.0
40380 126650 73140 587 51 10499 127986 52335.662 1188 1489 1192.022 0 105 1000 5.0
41186 128252 74357 593 51 11202 127408 47237.423 1205 1513 1664.546 1 108 1000 5.0
41977 129785 75504 595 51 11272 129042 59334.524 1225 1531 1146.159 0 107 1000 5.0
42600 129454 76443 601 51 13903 130804 63950.234 1239 1544 1870.488 0 110 1000 5.0
43415 131155 77729 610 51 15138 130234 70073.135 1261 1563 2379.832 0 110 1000 5.0
44058 132239 78550 616 51 10182 137736 52337.278 1279 1581 2054.335 0 110 1000 5.0
44524 135743 79146 621 52 14272 136294 62772.448 1303 1605 1481.523 1 112 1000 5.038461538461538
45147 135076 80171 627 52 12403 136701 54855.390 1315 1620 2001.099 0 110 1000 5.038461538461538
45915 136386 81290 634 52 17042 138383 67735.298 1337 1638 2161.519 0 113 1000 5.038461538461538
46363 137440 81858 637 52 17187 137930 68647.117 1355 1660 1510.362 0 110 1000 5.038461538461538
46914 138509 82645 642 52 17336 139641 69355.623 1371 1680 1818.936 0 108 1000 5.038461538461538
47528 141780 83415 649 52 13740 139815 69432.053 1399 1708 2234.733 1 109 1000 5.038461538461538
48085 140705 84173 657 52 12828 143162 60923.520 1419 1720 2287.668 0 110 1000 5.038461538461538
48805 142007 85169 662 52 12919 144983 59745.225 1436 1740 1914.407 0 110 1000 5.038461538461538
49331 142880 85663 672 52 13010 146819 69061.881 1455 1760 2670.280 0 110 1000 5.038461538461538
49746 143265 85985 680 52 14119 147102 76111.854 1477 1784 2215.686 0 109 1000 5.038461538461538
50242 146388 86379 682 52 11517 155584 55577.588 1511 1814 1454.482 1 111 1000 5.038461538461538
50786 146966 87061 688 52 11589 157545 54616.222 1528 1835 1953.497 0 111 1000 5.038461538461538
51385 148422 87883 695 53 14499 155102 63318.607 1554 1858 1794.043 0 109 1000 5.0754716981132075
52185 149769 89122 702 53 15852 154874 75662.372 1573 1881 2206.237 0 110 1000 5.0754716981132075
52617 147718 89654 710 53 15928 153737 80992.247 1582 1890 2676.989 0 112 1000 5.0754716981132075
52958 148467 89934 714 53 13674 164567 55058.774 1614 1920 1892.789 0 107 1000 5.0754716981132075
53355 149277 90332 718 53 14907 159989 75483.341 1634 1943 1654.386 0 107 1000 5.0754716981132075
53885 150164 91071 726 53 16340 162144 76174.933 1656 1962 2680.191 0 107 1000 5.0754716981132075
54386 150771 91531 732 53 16475 164837 86780.425 1680 1990 2381.677 0 106 1000 5.0754716981132075
54922 151562 92072 735 53 16620 166928 87766.705 1710 2016 1827.754 0 105 1000 5.0754716981132075
55526 154791 92753 741 53 15446 169314 73235.870 1742 2053 2403.902 0 107 1000 5.0754716981132075
56056 155791 93421 746 53 15571 171471 81641.080 1768 2074 2049.693 0 107 1000 5.0754716981132075
56723 156529 94228 751 53 15701 174435 85170.141 1792 2100 2277.772 0 109 1000 5.0754716981132075
57290 157059 94904 756 53 20814 177763 82239.471 1823 2122 2267.624 1 107 1000 5.0754716981132075
57866 157715 95595 760 53 23189 178461 98469.523 1842 2151 1889.051 0 106 1000 5.0754716981132075
58105 157941 95603 767 53 23420 180745 99523.068 1874 2172 2557.170 2 108 1000 5.0754716981132075
58584 157916 96082 776 53 16163 182875 92736.401 1889 2187 2898.733 0 108 1000 5.0754716981132075
58983 155910 96716 786 53 13764 187198 71756.508 1897 2205 3164.174 0 102 1000 5.0754716981132075
59355 159086 96871 790 54 13893 190204 72786.925 1938 2242 2005.689 2 106 1000 5.185185185185185
59695 159603 97131 798 54 16531 190330 77944.668 1968 2269 2811.919 0 107 1000 5.185185185185185
60280 160385 97742 801 54 20038 192996 96349.440 1991 2290 2014.565 0 105 1000 5.185185185185185
60697 157705 98133 802 54 14126 195631 89632.245 2001 2305 1550.626 0 103 1000 5.185185185185185
61199 158279 98599 806 54 24844 191989 115300.888 2022 2334 2163.783 1 104 1000 5.185185185185185
61414 158720 98574 813 54 22624 202178 84245.395 2042 2352 2973.140 1 105 1000 5.185185185185185
61815 158948 98872 820 54 17094 197794 81644.797 2078 2378 2259.314 0 101 1000 5.185185185185185
62447 162082 99522 826 54 17296 201297 93397.612 2112 2420 2689.162 0 102 1000 5.185185185185185
62750 159217 99779 839 54 19041 200059 97574.739 2120 2435 4247.771 0 104 1000 5.185185185185185
63230 159526 100203 841 54 21148 207209 90295.727 2152 2460 1903.155 0 100 1000 5.185185185185185
63750 161979 100545 847 54 17664 207658 84163.562 2186 2501 2603.073 1 100 1000 5.185185185185185
64251 159793 101140 855 54 14880 213243 81211.250 2204 2514 2872.301 0 99 1000 5.185185185185185
64334 159541 100851 863 54 19628 210971 97075.138 2231 2540 2730.892 0 97 1000 5.185185185185185
64328 161945 100315 870 54 19864 214586 95462.655 2269 2580 3001.939 2 100 1000 5.185185185185185
64467 159116 100391 875 54 16552 217954 93099.741 2279 2583 2450.694 0 99 1000 5.185185185185185
64839 162515 100496 877 54 18346 219446 99751.627 2327 2637 1965.193 0 98 1000 5.185185185185185
65370 159995 101030 882 54 18414 220620 93694.954 2329 2649 2627.747 0 97 1000 5.185185185185185
65626 163145 100860 886 55 22716 222227 110879.019 2386 2689 2509.760 2 99 1000 5.3090909090909095
66075 161070 101463 889 55 17048 227913 92764.262 2399 2708 2372.433 0 95 1000 5.3090909090909095
66496 164343 101532 901 55 17253 232038 93922.947 2437 2755 3827.416 3 100 1000 5.3090909090909095
67024 164468 101982 904 55 15887 236740 74522.433 2473 2781 2413.406 0 98 1000 5.3090909090909095
67289 164398 101880 912 55 26191 235773 107680.161 2503 2818 2860.503 0 100 1000 5.3090909090909095
67610 161417 102007 917 55 23630 231797 126645.877 2509 2820 2918.194 0 99 1000 5.3090909090909095
67999 161797 102144 922 55 23832 234377 127720.232 2548 2858 2896.315 1 95 1000 5.3090909090909095
68252 161725 101974 929 55 26756 242006 125727.651 2578 2890 3469.855 0 94 1000 5.3090909090909095
68830 164447 102182 934 55 27120 247674 113589.772 2634 2927 2644.562 2 96 1000 5.3090909090909095
69212 164355 102363 942 55 27356 250277 114598.519 2652 2966 3284.376 2 96 1000 5.3090909090909095
69731 161563 102967 948 55 22192 246940 125848.108 2672 2977 3069.331 0 97 1000 5.3090909090909095
69826 164592 102662 956 55 27854 255679 119718.567 2722 3027 3627.811 1 99 1000 5.3090909090909095
70374 161760 103253 966 55 18494 256968 90391.302 2732 3040 3621.841 0 97 1000 5.3090909090909095
70567 161659 103123 972 55 20539 259604 96090.163 2761 3069 2906.066 0 97 1000 5.3090909090909095
70997 162298 103574 979 55 20703 262461 99631.325 2769 3109 3180.363 0 98 1000 5.3090909090909095
71280 162201 103460 988 56 32152 261325 131013.326 2808 3135 3607.382 2 95 1000 5.410714285714286
71491 164359 103272 990 56 36644 266853 142173.296 2850 3183 2499.172 2 98 1000 5.410714285714286
71748 161591 103480 996 56 21151 270204 101785.670 2861 3201 2917.528 0 92 1000 5.410714285714286
71972 161272 103302 1002 56 26312 266146 133846.555 2903 3233 3057.680 1 95 1000 5.410714285714286
72248 161478 103486 1013 56 19412 275406 102119.259 2917 3257 4371.136 0 94 1000 5.410714285714286
72603 164605 103633 1019 56 30047 278282 135670.496 2973 3314 3347.936 2 94 1000 5.410714285714286
72870 161310 103706 1023 56 30157 279492 150216.591 3001 3326 2781.464 0 96 1000 5.410714285714286
72816 161155 103208 1032 56 30379 281936 114168.810 3011 3353 4310.268 1 90 1000 5.410714285714286
73097 164226 102967 1036 56 27511 292439 100365.334 3067 3409 3002.126 4 92 1000 5.410714285714286
73397 161046 103066 1042 56 27597 282599 132076.935 3097 3416 2924.926 0 93 1000 5.410714285714286
73787 163941 103054 1045 56 31335 292475 160648.321 3142 3475 2812.391 2 94 1000 5.410714285714286
74263 161496 103462 1050 56 39800 289217 158778.845 3157 3484 3556.743 0 90 1000 5.410714285714286
74730 164396 103517 1056 56 28421 293155 135117.301 3210 3552 3624.253 0 93 1000 5.410714285714286
75134 161448 103858 1060 56 28512 298809 130573.125 3222 3557 3143.985 0 89 1000 5.410714285714286
75482 161415 103925 1063 56 40891 298128 194505.592 3250 3592 3089.775 0 92 1000 5.410714285714286
75868 161889 104130 1069 56 25939 302701 134332.696 3285 3632 3936.548 1 91 1000 5.410714285714286
76295 164732 104196 1075 56 32981 310620 157432.375 3358 3678 3649.457 2 95 1000 5.410714285714286
76686 161865 104474 1083 56 33083 313383 146433.071 3361 3702 4392.326 0 91 1000 5.410714285714286
76296 163674 103423 1095 56 33486 316192 148076.201 3409 3758 4857.977 1 87 1000 5.410714285714286
76401 160309 103323 1100 56 29910 314453 129642.338 3426 3767 3712.353 0 86 1000 5.410714285714286
76725 160324 103454 1107 56 30150 316113 152892.191 3454 3810 3504.449 1 85 1000 5.410714285714286
77011 162456 103144 1109 56 27255 322280 134594.584 3506 3863 2757.726 2 88 1000 5.410714285714286
77354 159289 103273 1119 56 27337 325740 126185.817 3533 3867 4353.814 1 85 1000 5.410714285714286
77412 158765 103008 1121 56 64879 324473 210327.054 3562 3908 2962.847 0 84 1000 5.410714285714286
77683 161328 102944 1123 56 24969 333932 141275.968 3613 3961 3107.613 2 86 1000 5.410714285714286
78019 158556 103373 1129 57 39794 335173 168790.136 3631 3982 3865.382 0 86 1000 5.508771929824562
78392 158694 103269 1133 57 40119 340690 157251.916 3663 4022 3711.980 1 84 1000 5.508771929824562
78853 161063 103227 1137 57 22909 345631 121439.829 3717 4072 3422.926 2 84 1000 5.508771929824562
79282 161007 103402 1141 57 28739 344362 147110.175 3753 4112 3306.278 0 84 1000 5.508771929824562
79700 161136 103528 1151 57 25899 350020 164403.272 3789 4147 5021.460 0 83 1000 5.508771929824562
79885 157757 103506 1157 57 25967 351197 168765.139 3807 4172 4029.104 0 82 1000 5.508771929824562
79981 157866 103312 1164 57 23461 356715 124492.627 3837 4197 4331.238 1 83 1000 5.508771929824562
79950 157231 102990 1171 57 42143 356122 187875.170 3883 4242 4120.287 1 85 1000 5.508771929824562
80334 157450 103141 1178 57 33354 358546 149549.964 3913 4282 4364.567 1 82 1000 5.508771929824562
80834 157594 103356 1183 57 29905 361714 164038.602 3951 4323 3895.919 1 84 1000 5.508771929824562
80857 160019 102867 1190 57 38354 369851 202428.909 4008 4378 4456.830 2 83 1000 5.508771929824562
81123 156563 102860 1190 57 43499 372507 172532.245 4026 4389 2920.745 0 85 1000 5.508771929824562
81157 156293 102504 1193 57 43818 372013 181775.797 4050 4421 3582.235 0 81 1000 5.508771929824562
81665 158993 102620 1201 57 27580 379071 128894.463 4110 4494 4947.339 0 81 1000 5.508771929824562
81925 158411 102326 1204 57 44741 380773 219977.651 4150 4535 3491.473 1 80 1000 5.508771929824562
82112 155308 102401 1207 57 31216 381211 155123.591 4150 4550 3687.192 0 79 1000 5.508771929824562
82191 154960 102050 1212 57 51336 384577 196943.488 4190 4589 4078.657 2 79 1000 5.508771929824562
82317 154686 102015 1216 57 40261 390868 178033.881 4247 4634 4041.135 1 80 1000 5.508771929824562
82358 154457 101852 1221 57 40573 394310 183732.273 4266 4669 4263.539 0 76 1000 5.508771929824562
82661 154426 101823 1228 57 46296 395522 204966.031 4305 4696 4647.081 0 78 1000 5.508771929824562
82808 156825 101177 1234 57 46933 401563 248321.070 4387 4778 4748.806 3 81 1000 5.508771929824562
82808 153651 100977 1238 57 36750 400400 199174.439 4387 4791 4501.415 0 78 1000 5.508771929824562
83116 153233 100884 1240 57 37033 403453 179075.305 4449 4818 3730.936 1 79 1000 5.508771929824562
82904 152804 100247 1247 57 33091 409108 176406.647 4491 4864 4957.705 1 79 1000 5.508771929824562
82864 155664 100036 1251 58 62610 414881 237498.761 4537 4936 4432.694 2 77 1000 5.637931034482759
82966 154557 99643 1256 58 29977 420523 198847.475 4598 4974 4971.647 1 79 1000 5.637931034482759
83296 154146 99547 1260 58 30180 424029 151948.285 4624 5016 4462.942 0 78 1000 5.637931034482759
83305 153823 99123 1264 58 30400 427826 194976.976 4670 5065 4330.503 0 77 1000 5.637931034482759
83697 153607 99079 1269 58 73839 425397 281634.379 4716 5092 4830.477 0 76 1000 5.637931034482759
83736 149946 98847 1277 58 30682 432703 164824.032 4734 5130 5541.352 0 74 1000 5.637931034482759
83789 152477 98487 1281 58 31012 438405 179125.938 4784 5185 4381.684 2 73 1000 5.637931034482759
83617 148884 98057 1286 58 34989 437356 181830.449 4802 5187 4652.709 0 73 1000 5.637931034482759
83720 151262 97523 1292 58 27998 447848 164602.206 4869 5278 4780.953 0 76 1000 5.637931034482759
83842 148213 97504 1294 58 66885 441145 255549.764 4888 5278 4212.224 0 76 1000 5.637931034482759
84360 148741 98061 1300 58 67411 444841 257085.292 4926 5324 5421.893 1 73 1000 5.637931034482759
84661 148970 98229 1306 58 52345 452917 240599.072 4973 5370 4995.313 1 73 1000 5.637931034482759
85121 148844 98567 1311 58 25568 462659 164886.402 5010 5410 5288.372 1 74 1000 5.637931034482759
85556 151348 98342 1315 58 69308 461820 245227.993 5079 5485 4634.110 0 75 1000 5.637931034482759
85417 147770 97948 1319 58 69537 462959 238776.155 5115 5494 4954.775 0 75 1000 5.637931034482759
85654 150310 97693 1322 58 70405 469563 267710.116 5184 5563 4759.209 1 74 1000 5.637931034482759
85753 146857 97669 1324 58 37227 470652 228916.932 5203 5586 4509.090 0 74 1000 5.637931034482759
85941 149829 97513 1331 58 37657 477059 177751.193 5257 5664 5774.579 2 72 1000 5.637931034482759
86304 147424 98159 1335 59 124772 471798 343301.070 5279 5676 4842.203 0 71 1000 5.830508474576271
86410 149766 97617 1339 59 55765 487020 220438.362 5346 5754 5156.151 0 71 1000 5.830508474576271
86708 149157 97452 1341 59 83650 482958 307956.463 5375 5790 4770.299 1 71 1000 5.830508474576271
86757 145705 97198 1344 59 43601 489806 188372.518 5391 5814 5154.452 0 71 1000 5.830508474576271
86922 145818 97034 1349 59 56746 494667 236891.824 5444 5853 5204.496 0 71 1000 5.830508474576271
86947 148221 96792 1349 59 57418 501049 266783.364 5525 5928 4241.489 1 71 1000 5.830508474576271
87316 145338 96934 1352 59 75045 504065 276700.442 5536 5945 5063.843 0 72 1000 5.830508474576271
87719 145220 97152 1357 59 75542 504243 320388.276 5573 5989 5860.399 1 71 1000 5.830508474576271
87810 147186 96746 1366 59 40016 512160 225540.940 5655 6072 7574.400 2 72 1000 5.830508474576271
88196 144179 96881 1367 59 35493 518177 166805.939 5668 6088 4594.888 0 71 1000 5.830508474576271
88427 143874 96930 1372 60 88425 511842 349627.998 5711 6141 5463.838 1 71 1000 5.966666666666667
88348 143092 96621 1379 60 77766 517626 296593.821 5752 6178 6775.191 0 70 1000 5.966666666666667
88601 143087 96679 1389 60 68513 527604 260759.904 5795 6232 7480.201 0 71 1000 5.966666666666667
88545 145721 96057 1397 60 60777 534296 225189.959 5875 6289 6805.869 3 72 1000 5.966666666666667
88662 142647 96033 1401 60 53452 535631 227294.962 5889 6320 5424.786 0 71 1000 5.966666666666667
88849 142451 95727 1409 60 41711 537370 231629.663 5933 6361 6572.089 1 66 1000 5.966666666666667
88814 142368 95536 1415 60 54182 537123 262091.619 5991 6409 6468.987 0 67 1000 5.966666666666667
88858 144434 95220 1418 60 54774 544093 272386.317 6057 6486 5565.872 2 67 1000 5.966666666666667
89355 144529 95241 1421 60 42719 561468 176754.486 6136 6534 5826.453 0 69 1000 5.966666666666667
89334 144033 95080 1425 60 55579 555089 282521.643 6170 6593 5740.853 0 69 1000 5.966666666666667
89289 140880 95018 1427 60 48925 558097 228811.374 6179 6590 5574.704 0 68 1000 5.966666666666667
89402 140637 94642 1432 60 109899 555393 358726.466 6230 6655 5472.511 0 65 1000 5.966666666666667
89441 142898 94151 1436 60 43818 568726 218495.828 6309 6737 5861.248 2 67 1000 5.966666666666667
89787 139931 94336 1443 60 43909 572661 197067.136 6333 6749 6613.969 0 68 1000 5.966666666666667
89589 142311 93785 1448 60 74895 575815 310149.085 6405 6825 6156.319 2 66 1000 5.966666666666667
89650 142017 93599 1451 60 99009 575876 345491.212 6444 6879 5878.396 0 65 1000 5.966666666666667
89899 141810 93726 1453 60 99757 588373 349532.040 6497 6933 5679.522 1 66 1000 5.966666666666667
90128 138935 93791 1458 60 87173 583743 325402.070 6523 6960 7090.035 0 64 1000 5.966666666666667
90330 139029 93754 1467 60 76724 589985 330808.527 6586 7006 8184.176 0 65 1000 5.966666666666667
90551 138937 93568 1473 60 77285 590373 316120.174 6644 7047 6712.599 1 66 1000 5.966666666666667
90418 138909 93165 1480 60 52313 599738 278833.887 6670 7099 7558.431 1 64 1000 5.966666666666667
90507 141346 92830 1482 60 52854 606069 286030.715 6755 7188 6116.272 1 64 1000 5.966666666666667
90767 138358 93028 1487 61 41052 611974 277443.212 6787 7207 7249.001 0 65 1000 6.245901639344262
90710 140489 92551 1492 61 41449 618836 276333.417 6862 7278 6688.613 2 65 1000 6.245901639344262
91086 137563 92794 1492 61 91559 614567 327298.656 6867 7318 5445.910 0 65 1000 6.245901639344262
90777 139609 92281 1501 61 121978 623578 400517.836 6955 7383 7738.261 2 65 1000 6.245901639344262
91164 139558 92255 1505 61 42200 631824 236958.225 7007 7440 6225.589 1 67 1000 6.245901639344262
90951 139035 92021 1508 61 48220 634227 261735.807 7059 7497 6292.167 0 62 1000 6.245901639344262
91220 135842 92154 1512 61 107945 635510 358515.460 7069 7506 6874.039 0 63 1000 6.245901639344262
91397 135760 92111 1519 61 108755 634835 413063.505 7142 7562 7590.279 1 64 1000 6.245901639344262
91420 135424 91833 1521 61 125738 640967 436974.062 7177 7614 6256.889 1 62 1000 6.245901639344262
91413 137676 91490 1525 61 110663 649979 368095.181 7262 7697 7380.663 1 63 1000 6.245901639344262
91507 137550 91418 1533 61 73924 653118 346124.532 7319 7758 8135.595 1 62 1000 6.245901639344262
91985 135040 91693 1537 61 64782 654590 323703.146 7332 7779 7230.415 0 61 1000 6.245901639344262
92124 137118 91478 1541 61 112909 661388 390623.138 7421 7854 7243.397 2 62 1000 6.245901639344262
92472 137382 91733 1543 61 113665 668150 372882.383 7472 7918 6708.620 1 61 1000 6.245901639344262
92793 134574 91832 1548 61 50758 674328 279476.586 7500 7918 7582.768 0 62 1000 6.245901639344262
92941 134438 91756 1553 61 66449 678864 317979.723 7552 7978 7645.674 0 61 1000 6.245901639344262
92828 136273 91370 1555 61 58799 691036 272438.107 7588 8074 6566.182 0 62 1000 6.245901639344262
92865 133288 91366 1559 61 153921 681503 435845.251 7512 8097 7054.841 0 61 1000 6.245901639344262
92998 135925 91352 1564 61 135264 687218 432460.944 7661 8181 7941.215 0 63 1000 6.245901639344262
93024 135716 91451 1569 61 135999 691963 428862.984 7729 8230 8108.912 1 63 1000 6.245901639344262
93502 133041 91804 1572 61 59996 697534 270185.083 7721 8258 7533.179 1 63 1000 6.245901639344262
93826 135753 91829 1578 61 216809 705910 518354.536 7835 8358 7764.594 0 63 1000 6.245901639344262
94172 133054 91916 1581 61 246443 705932 571880.405 7827 8356 7438.609 0 61 1000 6.245901639344262
93854 135248 91220 1584 61 247030 713827 574557.486 7944 8468 7653.832 0 63 1000 6.245901639344262
93882 132185 91218 1588 61 286895 710218 584238.795 7944 8470 7706.006 0 61 1000 6.245901639344262
94062 132134 91110 1592 61 109450 733118 533112.178 8006 8525 8284.649 0 62 1000 6.245901639344262
94161 134652 90581 1598 61 110720 742044 538308.423 8126 8635 8892.742 0 61 1000 6.245901639344262
94219 134231 90543 1605 61 48450 739882 292965.981 8157 8682 9331.143 0 61 1000 6.245901639344262
94656 134373 90880 1606 61 72417 738135 327196.874 8237 8759 6964.183 1 62 1000 6.245901639344262
94644 134197 90616 1610 61 83482 745132 330945.088 8278 8793 7826.814 1 63 1000 6.245901639344262
94919 133873 90677 1615 61 73361 750366 288041.356 8360 8867 8236.373 1 62 1000 6.245901639344262
95005 131008 90709 1620 61 73460 749627 394365.815 8360 8882 8153.484 0 62 1000 6.245901639344262
95180 133366 90525 1623 61 74210 757894 399038.707 8443 8971 7366.998 2 62 1000 6.245901639344262
94929 132397 90105 1627 61 172069 758819 516332.185 8518 9031 7883.985 0 60 1000 6.245901639344262
94996 129468 89923 1633 61 408361 758152 656635.995 8518 9065 9324.507 0 59 1000 6.245901639344262
94941 129040 89772 1634 61 130835 768412 475370.052 8560 9122 7512.953 1 60 1000 6.245901639344262
95247 129114 89786 1643 61 86786 772482 378312.813 8645 9167 10126.965 0 57 1000 6.245901639344262
95440 129086 89557 1647 61 175717 775601 534728.643 8688 9236 8522.851 1 56 1000 6.245901639344262
95487 131259 89326 1650 61 101242 783762 469878.119 8774 9337 8455.156 0 58 1000 6.245901639344262
95546 130921 89066 1655 61 134692 791742 521153.427 8825 9401 9459.004 0 59 1000 6.245901639344262
95710 127873 88851 1661 61 179264 790625 545209.217 8825 9412 9360.239 0 59 1000 6.245901639344262
95756 127893 88548 1666 61 156381 796235 514907.236 8869 9463 9285.832 1 58 1000 6.245901639344262
95870 127955 88422 1669 61 157451 801807 547901.238 8913 9530 8382.357 1 60 1000 6.245901639344262
96199 130219 88560 1675 61 159076 810265 523268.351 9001 9627 9624.280 1 60 1000 6.245901639344262
96604 130110 88802 1681 61 120837 813153 472209.741 9081 9701 10046.448 1 62 1000 6.245901639344262
96818 127227 88905 1692 61 121050 821147 454745.957 9091 9723 11501.744 0 57 1000 6.245901639344262
96813 127109 88980 1698 61 121753 819593 471207.448 9171 9767 9814.719 1 58 1000 6.245901639344262
96980 129591 88777 1702 61 70913 837347 328791.550 9262 9892 9587.431 0 58 1000 6.245901639344262
96704 126463 88411 1706 61 251025 834589 608117.598 9262 9894 8895.246 0 55 1000 6.245901639344262
96654 128789 88152 1708 61 82219 846186 355784.257 9400 9992 8422.833 0 58 1000 6.245901639344262
96927 128909 88242 1712 61 294965 851581 631562.936 9446 10082 8986.344 0 59 1000 6.245901639344262
96865 128490 87858 1717 61 95457 859278 361118.474 9493 10145 9717.426 0 58 1000 6.245901639344262
97165 128410 87848 1721 62 146155 864586 467452.937 9587 10191 8906.342 1 59 1000 6.370967741935484
97341 125778 87821 1724 62 224526 857895 626036.112 9587 10211 9019.589 0 54 1000 6.370967741935484
97824 128435 88006 1727 62 56592 880629 281990.145 9720 10324 9154.345 1 57 1000 6.370967741935484
97737 127883 87721 1731 62 129324 879151 449126.022 9758 10415 8992.375 1 56 1000 6.370967741935484
97835 125283 87862 1740 62 112596 876482 456811.278 9806 10404 11562.826 0 55 1000 6.370967741935484
97935 126954 87526 1744 62 113722 885681 460622.869 9904 10526 9694.294 2 58 1000 6.370967741935484
97901 126506 87303 1747 63 558927 886681 811565.294 9953 10585 9338.300 0 57 1000 6.634920634920635
97881 123522 87262 1750 63 201866 893407 646435.095 9992 10595 9772.953 0 56 1000 6.634920634920635
98042 125806 86971 1755 63 204094 902208 604543.117 10091 10704 10850.503 1 56 1000 6.634920634920635
98421 125380 86974 1758 63 67181 916370 339735.935 10130 10770 9932.902 1 54 1000 6.634920634920635
98097 122386 86410 1764 63 316832 907841 764677.132 10158 10788 9954.243 0 53 1000 6.634920634920635
98344 122187 86474 1767 63 319189 913197 770004.176 10236 10880 9876.836 1 55 1000 6.634920634920635
98691 122241 86689 1767 63 245380 929390 663980.138 10287 10919 8624.994 0 52 1000 6.634920634920635
98740 122080 86523 1770 63 241595 921990 701780.396 10338 10987 9396.792 1 52 1000 6.634920634920635
99025 124410 86314 1773 63 119857 935779 468574.964 10481 11096 10220.281 2 54 1000 6.634920634920635
99022 124026 86258 1779 63 138746 947732 459123.320 10533 11158 11020.449 1 53 1000 6.634920634920635
99437 121422 86415 1781 63 213155 945213 603943.336 10578 11194 9347.437 0 52 1000 6.634920634920635
99585 123670 86076 1782 63 215313 953058 630599.306 10668 11295 9554.715 0 54 1000 6.634920634920635
99772 123437 86087 1785 63 162730 956339 564974.275 10721 11376 10372.766 0 52 1000 6.634920634920635
99936 123316 86062 1787 63 163706 960071 604454.117 10825 11443 9914.278 0 53 1000 6.634920634920635
100088 123092 86008 1790 63 164608 970136 548156.417 10870 11515 10830.179 1 54 1000 6.634920634920635
100204 123000 85765 1792 63 124776 980593 448139.585 10965 11565 10150.518 1 54 1000 6.634920634920635
99986 119857 85319 1798 63 94553 982142 441053.320 10934 11599 10964.384 0 54 1000 6.634920634920635
100118 122429 85063 1802 63 95497 992541 474641.468 11075 11707 10560.308 2 54 1000 6.634920634920635
100416 119899 85293 1805 63 72700 1003152 286575.779 11118 11754 11090.765 0 55 1000 6.634920634920635
100555 120242 85267 1807 64 401132 993818 825257.609 11173 11795 10137.158 1 53 1000 6.84375
100612 122970 85083 1814 64 170637 1006598 570315.332 11284 11923 12595.006 2 55 1000 6.84375
100874 120365 85179 1820 64 148304 1017222 472836.956 11316 11937 11804.710 0 53 1000 6.84375
100940 120349 84981 1825 64 198415 1015101 678489.501 11402 12029 11583.533 0 54 1000 6.84375
100728 120078 84664 1829 64 173066 1016694 625174.169 11436 12088 12013.670 0 54 1000 6.84375
100924 119846 84617 1834 64 231997 1026051 742241.539 11549 12168 11908.870 0 55 1000 6.84375
100654 121621 84117 1837 64 132279 1037223 561503.567 11653 12291 11636.899 2 56 1000 6.84375
100692 119051 84151 1840 64 87156 1045382 406123.453 11674 12312 11191.547 0 53 1000 6.84375
100753 121364 84081 1844 64 205126 1050050 669182.095 11791 12405 11195.995 0 52 1000 6.84375
101079 121127 84072 1847 64 101621 1060057 455723.396 11895 12510 11728.723 1 53 1000 6.84375
100957 120558 83748 1848 64 155848 1065880 568341.028 11943 12564 10852.726 1 53 1000 6.84375
101179 120334 83880 1853 64 89412 1074270 428333.403 12023 12639 12460.889 1 53 1000 6.84375
101139 117756 83500 1855 64 136230 1069485 559769.173 12045 12671 11546.332 0 54 1000 6.84375
100881 120310 83170 1857 64 137555 1080302 565318.300 12138 12786 11134.869 1 54 1000 6.84375
100955 117494 82986 1857 64 244217 1080816 715791.348 12185 12808 10562.176 0 53 1000 6.84375
101331 117515 83203 1861 64 245629 1087146 735455.868 12219 12886 12542.399 1 54 1000 6.84375
101670 117760 83479 1861 64 381872 1090972 869936.986 12317 12942 10713.057 1 53 1000 6.84375
101742 119929 83245 1864 64 140694 1107911 498847.369 12426 13077 12501.935 1 51 1000 6.84375
102212 119951 83632 1867 64 163061 1118750 522417.815 12526 13169 11983.131 1 51 1000 6.84375
102452 117400 83725 1871 64 188448 1111052 686990.148 12537 13172 11848.582 0 51 1000 6.84375
102327 117204 83424 1875 64 189515 1117101 688438.299 12585 13260 13274.461 1 49 1000 6.84375
102497 119277 83181 1878 64 457034 1127739 979218.990 12760 13390 12741.240 1 51 1000 6.84375
102802 119109 83079 1887 64 222154 1141981 653132.882 12823 13442 16507.734 1 53 1000 6.84375
102319 115921 82619 1892 64 404214 1143959 1020209.985 12835 13466 13353.014 0 52 1000 6.84375
102208 115941 82509 1900 64 406368 1150112 1023083.164 12886 13537 15677.820 0 50 1000 6.84375
102121 115550 82186 1901 64 402391 1149508 894855.539 12978 13628 11910.395 0 50 1000 6.84375
102154 117592 82191 1901 64 196509 1161432 697317.332 13075 13759 11472.521 0 51 1000 6.84375
102121 117316 82198 1903 64 171170 1167613 646146.361 13177 13815 12588.117 1 49 1000 6.84375
101958 114298 82012 1905 64 148690 1171234 597263.030 13177 13841 12371.097 0 48 1000 6.84375
102067 114203 81827 1910 64 149462 1177541 597341.020 13275 13909 14121.205 1 49 1000 6.84375
102359 116599 82146 1915 64 231919 1186637 716091.672 13384 14064 13579.796 1 49 1000 6.84375
102222 114059 82200 1923 64 488484 1192719 1012502.786 13436 14089 15136.136 0 49 1000 6.84375
102199 113866 82020 1924 64 270021 1199709 749568.882 13503 14144 12092.400 1 49 1000 6.84375
102058 116188 81808 1926 64 314957 1204979 856216.313 13618 14269 13047.810 1 49 1000 6.84375
101909 113117 81457 1930 64 204497 1206838 682559.859 13663 14325 14489.459 0 50 1000 6.84375
102144 112875 81460 1938 64 278702 1228165 899599.304 13731 14369 15519.993 0 49 1000 6.84375
102460 112882 81622 1944 64 155138 1234820 569520.130 13822 14479 15619.839 1 50 1000 6.84375
102178 115042 81257 1949 64 430924 1228885 983270.180 13946 14593 14482.282 1 49 1000 6.84375
102250 112587 81331 1954 64 322250 1241701 806258.057 13946 14608 15320.080 0 50 1000 6.84375
102224 112504 81046 1959 64 324009 1248370 809851.985 14015 14682 14609.329 1 48 1000 6.84375
102176 114556 80871 1965 64 282889 1254132 829205.884 14155 14835 15161.582 0 49 1000 6.84375
102179 112156 80807 1966 64 283200 1255525 829803.430 14155 14841 12998.625 0 49 1000 6.84375
102411 112069 80804 1968 64 284886 1263081 818595.509 14296 14927 13332.756 0 48 1000 6.84375
102503 114429 80650 1972 64 287523 1274901 824232.331 14420 15049 14851.464 2 48 1000 6.84375
102506 114209 80639 1977 64 187421 1291747 583108.330 14477 15151 15587.652 1 49 1000 6.84375
102493 111867 80597 1982 64 141051 1287337 565664.944 14495 15176 14961.767 0 47 1000 6.84375
102510 111895 80595 1986 64 141722 1293698 567134.748 14567 15251 14280.595 1 47 1000 6.84375
102248 113831 80107 1988 64 339576 1303673 891862.212 14712 15401 14152.593 0 47 1000 6.84375
102494 113758 80001 1992 64 341364 1311030 939401.099 14785 15478 14831.929 0 47 1000 6.84375
102634 111113 79962 1995 64 396519 1309770 990396.370 14813 15493 14449.131 0 48 1000 6.84375
102777 111350 80159 1998 64 222419 1315263 748097.200 14887 15552 14886.548 1 46 1000 6.84375
102710 113738 80073 2000 64 110052 1338613 521603.745 15033 15710 13958.632 0 48 1000 6.84375
103015 111128 80353 2005 64 146221 1336380 581191.649 15078 15733 14748.031 0 48 1000 6.84375
102972 113006 80427 2007 64 405904 1340928 994799.363 15183 15860 13966.927 1 50 1000 6.84375
103407 113027 80639 2017 64 352547 1350876 903612.969 15297 15970 19236.642 0 51 1000 6.84375
103118 110343 80173 2020 64 408453 1351267 1021183.441 15304 15972 15213.255 0 49 1000 6.84375
102944 109926 79991 2021 64 646627 1362208 1174871.646 15401 16053 14256.226 0 50 1000 6.84375
102746 111937 79665 2021 64 414458 1373919 962728.660 15533 16224 13742.412 1 48 1000 6.84375
102831 109382 79641 2027 64 415227 1372957 1036951.938 15548 16238 16866.868 0 49 1000 6.84375
103210 111702 79634 2029 64 419417 1385815 1045869.382 15691 16400 15225.671 2 51 1000 6.84375
103211 109177 79660 2031 64 175604 1391016 671066.458 15766 16409 14934.590 0 49 1000 6.84375
103128 111685 79353 2034 64 177159 1408294 577549.282 15844 16564 15565.962 2 49 1000 6.84375
103340 109393 79530 2035 65 568149 1401804 1178297.760 15895 16564 14361.657 0 49 1000 7.046153846153846
103777 111729 79561 2039 65 319123 1414711 929338.190 16064 16712 16990.377 0 50 1000 7.046153846153846
103780 111392 79254 2040 65 320916 1422197 933890.310 16144 16799 14930.397 1 50 1000 7.046153846153846
104102 111332 79376 2042 65 278854 1428485 824758.353 16207 16890 15830.911 1 51 1000 7.046153846153846
104150 111133 79235 2045 65 157471 1443125 613216.764 16305 16978 15895.245 1 50 1000 7.046153846153846
104452 108592 79568 2046 65 503884 1445110 1054392.285 16352 17011 14730.312 0 47 1000 7.046153846153846
104697 108581 79613 2050 65 506598 1452718 1056651.085 16416 17095 17445.223 1 48 1000 7.046153846153846
105101 108721 79793 2054 65 283690 1458505 877315.818 16549 17181 17190.320 0 49 1000 7.046153846153846
105000 110989 79535 2058 65 286203 1471163 857847.957 16645 17353 16820.602 2 48 1000 7.046153846153846
105177 108748 79672 2059 65 331476 1473544 879229.927 16671 17381 15224.664 0 47 1000 7.046153846153846
104993 108324 79449 2061 65 287969 1480740 827972.352 16763 17437 15751.510 0 45 1000 7.046153846153846
104824 108038 79211 2066 65 519524 1486397 1107937.632 16880 17558 17896.956 1 47 1000 7.046153846153846
104670 107666 78949 2068 65 80845 1509317 489841.072 16961 17638 15944.545 0 46 1000 7.046153846153846
104893 110257 78893 2074 65 219667 1507799 707697.821 17139 17814 17157.322 2 48 1000 7.046153846153846
104751 107628 78922 2081 65 527881 1508990 1178001.890 17146 17810 18525.472 0 47 1000 7.046153846153846
104510 109281 78421 2083 65 256250 1519925 806428.366 17254 17955 16941.518 0 46 1000 7.046153846153846
104570 108667 78154 2085 65 462012 1527216 1108496.138 17348 18044 16635.311 1 45 1000 7.046153846153846
104817 106339 78236 2085 65 399490 1532443 993234.644 17388 18078 15681.336 0 45 1000 7.046153846153846
104330 108013 77607 2085 65 348152 1539423 976281.867 17533 18258 15843.747 2 47 1000 7.046153846153846
