18 0 0 3 0 7035 56235 18391.865 510 512 21360.800 5 6 1 0.0
23 0 0 5 0 7037 51179 19418.034 510 514 12902.857 0 6 2 0.0
24 0 0 7 0 7039 51228 19395.173 510 514 10724.778 0 6 2 0.0
27 0 0 9 0 7204 50068 19920.597 510 516 9032.727 0 7 2 0.0
33 16 26 12 1 7200 49924 19817.799 504 516 10619.643 0 8 2 2.0
37 20 34 17 1 7200 49924 19747.983 504 520 13058.737 0 9 2 2.0
40 20 36 18 1 7193 49666 19667.407 504 520 2420.250 0 10 2 2.0
43 20 36 21 1 7190 49580 19612.159 504 522 6149.087 0 9 2 2.0
47 22 40 24 1 7186 49408 19533.625 498 524 5430.269 0 10 2 2.0
50 24 42 26 1 7186 49408 19511.901 498 527 3477.107 0 12 2 2.0
53 42 70 27 2 7182 49293 19468.479 498 527 1861.517 0 12 2 2.0
55 46 74 30 2 7186 49416 19456.453 498 527 4591.969 0 12 3 2.0
59 51 83 33 2 7183 49318 19389.362 493 527 4035.286 0 12 3 2.0
58 51 83 34 2 7185 49401 19396.385 493 524 1357.639 0 13 3 2.0
63 50 90 34 2 7179 49175 19329.154 493 524 154.778 0 13 3 2.0
66 53 95 36 3 7180 49218 19319.023 493 524 2576.684 0 13 3 2.0
73 57 108 38 3 7176 49046 19800.967 488 524 2311.475 0 13 3 2.0
76 58 113 39 3 7177 49110 19792.166 490 524 1344.098 0 12 3 2.0
83 60 123 40 3 7353 49035 20398.017 491 524 1171.976 0 13 3 2.0
75 58 113 41 3 7360 48981 20418.243 490 522 1164.907 0 14 3 2.0
80 65 117 46 3 7360 48981 20364.066 490 522 4741.083 0 14 3 2.0
83 65 123 49 3 7356 48968 19719.615 490 522 2789.922 0 14 3 2.0
89 71 133 51 3 7350 48882 19668.914 487 522 1662.755 0 14 3 2.0
89 66 134 52 3 7346 48968 19655.617 485 522 1038.333 0 13 4 2.0
95 111 145 52 4 7346 48767 19621.341 485 522 139.056 0 15 4 2.0
97 129 150 55 4 7341 48882 19596.564 485 523 2379.439 0 16 4 2.0
100 135 153 56 4 7173 48940 19005.069 485 524 970.241 0 16 4 2.0
102 193 151 57 5 7171 48889 19481.184 480 523 872.119 0 14 4 2.0
102 189 155 58 5 7173 48940 19481.261 480 522 844.467 0 15 4 2.0
110 199 170 59 5 7172 48906 19457.123 480 524 759.131 0 15 4 2.0
115 203 179 60 5 7172 48906 19426.945 480 525 815.548 0 15 4 2.0
122 213 190 60 5 7172 48914 19417.926 475 525 136.855 0 15 4 2.0
129 240 202 60 5 7173 48957 19425.756 475 525 136.919 0 15 5 2.0
137 252 217 60 5 7326 48923 19966.117 475 525 144.871 0 15 5 2.0
141 297 222 61 6 7321 49026 19927.770 475 524 901.159 0 15 5 2.1666666666666665
141 287 226 62 6 7318 48933 19890.578 470 525 892.016 0 16 5 2.1666666666666665
142 286 225 66 6 7315 48964 19832.448 470 525 2850.441 0 16 5 2.1666666666666665
143 286 231 66 6 7313 48933 19811.923 470 526 139.132 0 16 5 2.1666666666666665
145 373 283 66 7 7307 48871 19771.067 470 525 138.824 0 16 5 2.142857142857143
149 368 286 66 7 7304 48918 19757.377 465 525 138.838 0 15 5 2.142857142857143
152 377 293 67 7 7303 48957 19741.157 467 525 736.565 0 14 5 2.142857142857143
155 384 297 68 7 7307 48964 19738.760 466 523 739.043 0 12 5 2.142857142857143
168 400 320 68 7 7304 48878 19707.659 469 522 148.286 0 12 6 2.142857142857143
180 423 340 68 7 7310 48910 19741.187 469 523 155.400 0 13 6 2.142857142857143
183 487 336 72 8 7312 47346 20130.547 466 523 2331.216 0 13 6 2.25
191 509 347 72 8 7313 47367 20137.111 466 522 153.311 0 11 6 2.25
193 516 357 74 8 7309 47260 20086.644 466 520 1244.092 0 13 6 2.25
202 557 376 74 8 7313 47361 20111.624 465 524 155.803 0 14 7 2.25
206 557 378 76 8 7309 47237 20053.641 461 525 1292.051 0 14 7 2.25
209 572 376 78 8 7308 47227 20030.607 461 524 1256.850 0 13 7 2.25
219 642 378 78 9 7306 47170 20013.150 461 523 147.738 0 13 7 2.2222222222222223
233 654 392 79 9 7306 47141 19997.768 461 524 596.370 0 13 8 2.2222222222222223
247 684 420 80 9 7304 47084 19969.106 456 524 718.695 0 14 8 2.2222222222222223
253 750 432 80 10 7304 47103 19974.767 456 523 143.976 0 14 8 2.3
269 773 460 80 10 7307 47193 20002.216 456 523 150.000 0 15 8 2.3
269 792 461 80 10 7304 47081 19968.046 456 524 149.695 0 14 9 2.3
280 800 479 80 10 7479 47107 20551.732 451 524 155.646 0 14 9 2.3
290 816 495 83 10 7479 47124 20527.524 451 524 1656.259 0 14 9 2.3
294 853 494 83 11 7479 47087 20520.231 451 524 155.976 0 15 9 2.4545454545454546
307 886 509 83 11 7471 47094 20494.827 451 526 156.047 0 15 9 2.4545454545454546
310 888 527 84 11 7463 47188 20475.876 446 526 688.012 0 15 10 2.4545454545454546
322 899 549 87 11 7480 47134 20483.886 448 527 1632.135 0 15 10 2.4545454545454546
327 924 560 87 11 7486 47157 20508.862 448 527 165.663 0 16 10 2.4545454545454546
336 990 569 89 12 7483 47290 20498.581 449 528 1056.495 0 16 10 2.5
355 1024 602 90 12 7472 47298 20446.931 451 529 667.859 0 16 11 2.5
353 1070 620 90 12 7480 47345 20484.704 451 530 170.859 0 16 11 2.5
354 1054 626 90 12 7481 47345 20488.198 451 530 170.913 0 15 11 2.5
362 1072 632 92 12 7480 47622 20512.177 453 531 1095.862 0 15 11 2.5
365 1101 638 96 12 7475 47636 20463.689 453 530 1833.765 0 14 11 2.5
364 1128 632 96 13 7700 47658 21178.215 453 530 170.592 0 15 11 2.6923076923076925
386 1203 672 96 13 7700 47708 21188.121 456 532 170.847 0 15 12 2.6923076923076925
390 1225 700 99 13 7700 47715 21161.221 457 534 1467.901 0 15 12 2.6923076923076925
403 1229 727 100 14 7681 47765 21101.068 456 534 612.010 0 15 12 2.7142857142857144
416 1275 734 103 14 7477 47866 20453.219 456 534 1505.105 0 16 13 2.7142857142857144
431 1284 764 103 14 7478 47859 20454.709 456 534 164.438 0 17 13 2.7142857142857144
447 1328 792 103 14 7480 47880 20464.868 456 535 164.629 0 16 13 2.7142857142857144
463 1407 826 103 14 7475 47981 20466.818 451 538 164.790 0 17 14 2.7142857142857144
473 1479 844 104 14 7474 48074 20471.506 451 538 597.406 0 16 14 2.7142857142857144
486 1477 862 105 15 7477 48214 20494.770 451 537 544.421 0 16 15 2.7333333333333334
506 1513 899 105 15 7698 48274 21195.171 451 539 171.449 0 16 15 2.7333333333333334
512 1610 910 108 15 7689 48406 21165.867 446 541 1302.391 0 17 16 2.7333333333333334
526 1651 934 108 15 7478 48393 20496.222 446 541 171.409 0 17 16 2.7333333333333334
541 1720 959 109 15 7481 48472 20507.456 446 542 535.054 0 17 16 2.7333333333333334
549 1754 980 109 16 7483 48525 20522.964 446 543 170.351 0 16 16 2.8125
571 1812 1015 112 16 7492 48638 20962.892 441 544 1196.965 0 17 17 2.8125
590 1843 1057 115 16 7992 48644 22437.696 445 544 1217.043 0 18 18 2.8125
607 1957 1084 117 16 7992 47648 22022.795 447 546 898.857 0 18 18 2.8125
645 2044 1150 120 16 7992 47648 22005.108 447 547 1251.844 0 18 19 2.8125
659 2098 1178 121 16 7971 47277 21946.210 447 547 530.935 0 18 20 2.8125
683 2190 1213 121 17 7943 46952 21882.462 447 549 175.033 0 19 21 3.0
691 2192 1218 121 17 7943 47012 21895.380 447 550 175.203 0 19 20 3.0
710 2285 1256 123 17 7943 47047 21891.631 447 550 805.072 0 20 21 3.0
729 2359 1280 125 17 7921 47090 21820.531 442 552 835.874 0 20 22 3.0
740 2404 1292 125 17 7921 47133 21828.689 442 551 170.354 0 20 22 3.0
764 2559 1349 126 18 7921 47193 21834.760 442 553 517.695 0 20 23 2.9444444444444446
768 2556 1346 129 18 7921 47384 22692.064 442 554 1118.756 0 18 23 2.9444444444444446
795 2654 1384 130 18 7382 49539 21093.409 437 555 487.523 0 19 23 2.9444444444444446
806 2741 1407 131 18 7701 47517 21212.643 437 555 432.617 0 20 24 2.9444444444444446
817 2743 1434 132 18 7251 47501 19831.228 437 557 445.888 0 20 24 2.9444444444444446
827 2823 1449 132 18 7255 47801 19886.757 439 558 185.791 0 20 24 2.9444444444444446
851 2862 1502 134 18 7256 49936 20314.589 439 558 650.154 0 19 25 2.9444444444444446
870 3025 1550 135 19 7259 50016 20336.217 441 559 467.453 0 20 26 2.9473684210526314
909 3128 1618 136 19 7260 50159 20343.552 441 561 506.746 0 21 27 2.9473684210526314
941 3233 1681 136 19 7264 50218 20372.412 443 562 189.152 0 20 28 2.9473684210526314
973 3341 1738 137 19 7742 50315 21839.299 440 562 421.525 0 19 28 2.9473684210526314
999 3428 1797 139 19 7556 50358 21279.316 440 563 795.248 0 19 29 2.9473684210526314
1018 3436 1824 139 19 7558 50434 21303.009 440 565 200.326 0 20 30 2.9473684210526314
1033 3599 1865 140 19 8190 51071 23056.399 440 567 500.993 0 20 30 2.9473684210526314
1067 3983 2044 141 20 7743 50659 21888.166 435 568 474.776 0 21 31 3.0
1102 4084 2125 141 20 7746 50805 21916.057 440 567 205.301 0 22 32 3.0
1114 4136 2157 143 20 7763 50880 21964.783 435 571 772.614 0 22 33 3.0
1148 4182 2236 143 20 7760 50989 21972.775 435 570 210.048 0 21 33 3.0
1166 4369 2284 143 21 7760 48926 22466.910 435 570 214.041 0 21 35 3.0
1182 4532 2304 144 21 7762 51172 22030.450 435 573 551.863 0 22 35 3.0
1189 4579 2312 147 21 7765 51239 22025.336 430 573 1120.020 0 22 34 3.0
1235 4871 2445 147 22 7774 51378 22074.402 430 575 216.490 0 22 35 3.0
1278 4935 2523 149 22 7778 51359 22074.159 430 575 803.656 0 23 37 3.0
1316 5063 2617 149 22 7777 51522 21633.446 430 577 217.887 0 23 38 3.0
1345 5066 2684 150 22 7787 51622 22647.678 425 579 494.382 0 23 38 3.0
1395 5188 2787 151 22 7791 51712 22667.709 427 578 492.974 0 24 41 3.0
1430 5312 2857 152 22 7794 51884 21731.687 427 580 433.630 0 24 41 3.0
1464 5746 2965 155 23 7794 52047 21736.138 429 583 1011.637 0 25 43 3.0434782608695654
1505 5863 3064 156 23 7805 52133 22740.980 430 582 486.430 0 23 42 3.0434782608695654
1538 5920 3135 157 23 7808 52176 22246.821 432 584 510.044 0 24 44 3.0434782608695654
1555 6040 3189 161 23 8185 52318 23197.514 434 586 1302.129 0 25 46 3.0434782608695654
1616 6239 3337 164 23 8185 52413 23187.982 434 588 1025.084 0 23 47 3.0434782608695654
1634 6219 3347 168 23 8190 52465 23176.654 436 589 1258.035 0 25 48 3.0434782608695654
1679 6398 3446 170 23 8178 52585 23150.658 436 589 724.517 0 25 48 3.0434782608695654
1728 6523 3545 171 23 7833 52689 22278.887 439 591 467.566 0 26 50 3.0434782608695654
1758 6686 3649 171 24 7830 52796 22296.535 439 592 215.613 0 25 51 3.125
1788 6841 3703 172 24 7835 53006 21875.063 439 592 424.149 0 26 51 3.125
1830 7223 3796 175 25 7499 53221 20909.302 442 596 926.294 0 26 53 3.12
1890 7285 3924 178 25 7502 53315 21385.820 443 597 847.072 0 26 54 3.12
1927 7529 3999 180 25 7505 53428 21404.411 445 599 653.192 0 27 55 3.12
1980 7561 4099 180 25 7506 53451 21415.912 446 599 219.731 0 27 56 3.12
2030 7712 4204 181 25 8228 53589 23411.095 447 601 480.426 0 27 58 3.12
2078 7839 4311 182 25 7516 53762 21471.317 449 602 471.946 0 28 60 3.12
2149 8004 4464 183 25 7519 53851 20530.838 451 604 429.427 0 28 63 3.12
2185 8311 4541 183 26 7522 53944 21024.373 451 606 235.914 0 27 62 3.1153846153846154
2226 8554 4666 183 26 7526 54087 21064.752 453 608 236.697 0 29 64 3.1153846153846154
2284 8592 4791 186 26 7879 54209 22079.251 454 608 918.293 0 28 65 3.1153846153846154
2336 8784 4889 189 26 7887 54339 22594.977 456 611 929.801 0 29 67 3.1153846153846154
2374 8911 4992 191 26 7539 54482 21594.048 457 611 723.896 0 28 67 3.1153846153846154
2421 8947 5112 193 26 7540 54534 21613.049 459 613 586.251 0 29 68 3.1153846153846154
2459 9162 5190 194 27 7544 54654 21637.049 461 614 462.066 0 30 70 3.1481481481481484
2513 9317 5310 195 27 7548 54789 21669.381 461 616 453.005 0 30 72 3.1481481481481484
2553 9412 5411 197 27 8151 54918 23367.514 463 619 747.759 0 31 74 3.1481481481481484
2609 9642 5537 200 28 8149 52932 24397.808 464 618 907.658 0 31 75 3.2142857142857144
2668 9800 5682 203 28 8159 53061 24421.664 466 620 980.805 0 30 77 3.2142857142857144
2749 10194 5835 205 28 8156 53221 24423.468 469 622 728.097 0 30 78 3.2142857142857144
2799 10377 5947 205 28 8161 53307 24456.612 469 623 251.609 0 31 82 3.2142857142857144
2849 10578 6072 207 28 8166 55579 23962.801 472 626 734.311 0 31 81 3.2142857142857144
2927 10834 6245 209 29 7948 53683 23902.637 472 626 685.303 0 32 83 3.2413793103448274
2977 11167 6362 213 29 7955 53869 23914.498 474 629 1191.884 0 33 84 3.2413793103448274
3038 11124 6473 217 29 7957 53970 23893.408 476 629 1131.027 0 33 87 3.2413793103448274
3089 11485 6590 219 29 7965 54127 23932.231 479 632 727.475 0 32 91 3.2413793103448274
3157 11781 6753 220 29 8179 54282 24558.889 481 635 500.568 0 33 91 3.2413793103448274
3216 12290 6849 221 30 7987 54454 24068.128 481 635 468.892 0 34 93 3.2666666666666666
3297 12355 7017 222 30 7989 54712 23564.641 484 638 502.219 0 33 94 3.2666666666666666
3369 12613 7159 227 30 7995 54862 23562.209 486 640 1255.563 0 34 98 3.2666666666666666
3442 12712 7304 227 30 8490 54996 24891.188 487 642 266.424 0 34 99 3.2666666666666666
3511 13082 7467 229 30 8498 55146 24926.412 489 646 656.827 0 36 101 3.2666666666666666
3606 13435 7648 230 30 7819 55330 23122.406 492 646 475.629 0 35 103 3.2666666666666666
3697 13540 7817 234 31 7823 55441 23650.054 494 648 996.903 0 35 105 3.2903225806451615
3789 14104 7984 235 31 8255 55696 24895.191 496 651 426.624 0 36 108 3.2903225806451615
3902 14428 8194 236 31 8264 55844 24948.176 498 654 492.765 0 38 109 3.2903225806451615
3987 14417 8384 238 31 8266 55988 24963.691 499 655 642.883 0 38 112 3.2903225806451615
4090 14693 8571 241 31 8284 54136 26164.914 503 658 814.630 0 38 116 3.2903225806451615
4184 14856 8752 243 32 8304 54349 26279.019 504 659 696.024 0 39 120 3.375
4278 15259 8925 244 32 8315 54640 26359.508 508 662 495.972 0 38 122 3.375
4341 15504 9093 245 32 8318 54780 26385.227 509 665 468.761 0 37 126 3.375
4464 15884 9330 247 32 8324 54985 26428.976 512 668 644.012 0 38 124 3.375
4522 15928 9440 247 32 8331 55089 26480.779 515 669 274.643 0 38 128 3.375
4589 16146 9576 247 32 8340 55286 26553.015 518 671 275.727 0 39 130 3.375
4703 16879 9798 248 33 8354 55580 26663.969 522 675 439.592 0 40 131 3.4242424242424243
4798 17241 10014 248 33 8137 60190 25025.396 524 677 289.312 0 40 136 3.4242424242424243
4907 17296 10229 252 33 8147 60362 23860.900 525 681 944.622 0 41 139 3.4242424242424243
5091 17720 10566 254 33 8412 60657 24613.858 529 683 619.328 0 43 141 3.4242424242424243
5217 18410 10821 257 33 8421 61022 24688.322 534 688 821.672 0 45 148 3.4242424242424243
5339 18940 11069 259 34 8433 59233 25967.088 538 692 617.985 0 46 151 3.5
5457 19300 11325 262 34 8443 59524 26022.738 540 694 847.458 0 46 155 3.5
5564 19346 11531 265 34 8453 59782 26079.043 544 697 809.506 0 48 161 3.5
5698 19960 11798 267 34 8229 58016 26166.548 548 703 645.569 0 48 165 3.5
5829 20037 12050 269 34 8239 60452 25601.384 549 703 674.993 0 49 166 3.5
5946 20503 12324 273 34 8773 58566 27637.847 553 709 1046.575 0 48 166 3.5
6052 20719 12541 274 34 8797 58875 27765.729 558 710 486.772 0 47 172 3.5
6223 21728 12926 276 35 8819 59294 27901.901 562 718 708.680 0 48 173 3.6
6415 22289 13353 279 35 8842 57675 29374.565 565 723 845.733 0 50 181 3.6
6567 22459 13685 281 35 8856 62112 28149.295 570 725 675.936 0 48 186 3.6
6686 22864 13972 287 35 8875 62473 28218.771 572 728 1355.304 0 49 194 3.6
6777 23436 14168 293 35 8908 60657 28967.249 580 735 1446.190 0 51 198 3.6
6983 23608 14606 295 35 8923 60921 29038.571 583 737 657.485 0 53 198 3.6
7123 24074 14889 298 36 8946 61335 29146.367 587 741 893.917 0 53 206 3.6666666666666665
7326 24603 15278 298 36 9430 61714 30396.987 592 746 312.520 0 54 207 3.6666666666666665
7524 25209 15645 299 36 8685 62139 28683.494 593 750 483.827 0 56 213 3.6666666666666665
7689 25814 16005 303 36 8705 62569 28801.388 593 756 1026.705 0 58 223 3.6666666666666665
7836 26324 16271 308 36 8722 62978 28876.399 587 759 1170.594 0 58 222 3.6666666666666665
8076 27033 16738 311 36 8742 63409 29003.461 587 766 828.489 0 59 229 3.6666666666666665
8302 28255 17173 315 36 8773 63982 28498.451 595 771 990.025 0 60 231 3.6666666666666665
8477 28921 17556 315 37 8799 64375 29399.613 599 776 332.855 0 60 240 3.72972972972973
8701 29642 18009 318 37 8820 69210 27409.658 607 781 895.697 0 62 247 3.72972972972973
8923 30462 18426 321 37 9583 65232 30680.327 610 789 847.260 0 63 248 3.72972972972973
9174 31241 18901 321 37 7808 70120 24857.300 616 795 349.458 0 64 260 3.72972972972973
9452 32051 19478 322 38 9634 66204 32533.507 619 800 536.318 0 63 262 3.9210526315789473
9675 32274 19915 324 38 9636 64406 33392.359 622 804 621.543 0 65 275 3.9210526315789473
9902 33006 20354 327 38 9654 64778 33507.413 628 808 881.182 0 64 277 3.9210526315789473
10180 33895 20889 331 38 8951 69704 30380.966 629 814 1112.051 0 64 283 3.9210526315789473
10358 34579 21252 335 38 8976 70273 28268.837 641 821 1003.246 0 66 300 3.9210526315789473
10551 35548 21637 336 39 9003 70759 30738.054 647 827 555.379 0 67 305 4.0
10788 36605 22102 338 39 9031 66891 33391.674 655 835 711.553 0 69 307 4.0
11025 36834 22527 340 39 9048 67239 33500.399 659 837 722.863 0 66 308 4.0
11270 37679 23011 343 39 8441 72203 31936.163 664 844 929.000 0 64 319 4.0
11525 39072 23536 346 39 10475 70670 35299.962 666 851 954.986 0 66 326 4.0
11751 39804 23964 350 40 9125 71023 32297.474 666 856 1126.304 0 68 340 4.025
12063 41246 24526 356 40 8226 76127 31746.831 666 865 1355.087 0 65 341 4.025
12365 42008 25148 358 40 8840 72292 33530.376 659 869 779.269 0 67 351 4.025
12571 42622 25546 363 40 9622 68627 35650.903 674 876 1275.581 0 68 355 4.025
12852 42869 26118 370 40 9649 69089 35766.160 680 882 1547.788 0 68 371 4.025
13105 43620 26623 377 40 10141 76160 34349.301 685 889 1633.894 0 70 374 4.025
13386 45142 27126 379 40 10181 70758 33146.566 688 897 684.619 0 69 378 4.025
13715 45358 27780 382 40 8967 75243 32573.847 688 902 787.891 0 72 389 4.025
14072 47205 28617 386 41 8997 75947 34648.276 688 913 1020.995 0 72 391 4.048780487804878
14360 48820 29121 387 41 9038 76909 34989.364 694 924 587.416 0 74 406 4.048780487804878
14802 49340 29960 389 41 10942 76505 38625.825 700 929 686.517 0 77 417 4.048780487804878
15139 51022 30509 393 41 10990 78457 37034.356 712 940 1121.111 0 79 437 4.048780487804878
15456 51171 31082 399 41 9525 78998 33838.791 718 949 1389.733 0 81 430 4.048780487804878
15850 52255 31811 401 41 9563 79800 33130.309 727 956 743.945 0 80 448 4.048780487804878
16245 54467 32582 406 42 9613 78574 39403.128 737 970 1192.069 0 81 461 4.142857142857143
16538 55444 33113 410 42 9656 79449 37700.985 748 977 1083.519 0 80 467 4.142857142857143
17026 55988 34099 414 42 10691 84420 38349.659 757 985 1050.839 0 82 481 4.142857142857143
17372 57185 34795 417 42 9727 85299 35222.916 766 994 927.446 0 80 483 4.142857142857143
17791 58850 35614 421 42 9346 86326 34463.534 775 1009 1127.310 0 81 505 4.142857142857143
18282 59531 36547 427 42 9816 86954 34620.447 784 1012 1373.434 0 81 517 4.142857142857143
18681 60625 37248 433 42 10904 87825 37231.727 795 1023 1413.021 0 80 519 4.142857142857143
19192 62677 38257 436 42 8700 91062 33071.198 806 1038 938.308 0 79 532 4.142857142857143
19615 63734 39172 438 43 10449 87344 37532.550 816 1047 748.370 0 80 545 4.162790697674419
20013 65736 39868 445 43 9125 90732 33470.357 828 1058 1567.640 0 81 565 4.162790697674419
20461 66792 40719 447 43 12566 87210 43284.367 839 1069 846.597 0 82 578 4.162790697674419
20854 66875 41469 454 43 10603 88655 42893.588 846 1077 1587.180 0 82 580 4.162790697674419
21251 68521 42208 458 44 11973 89704 42618.145 859 1088 1082.274 0 85 606 4.340909090909091
21779 71140 43125 463 44 12041 90577 48775.164 872 1102 1345.516 0 83 615 4.340909090909091
22209 71620 43910 467 44 10773 88520 44152.549 880 1110 1158.516 0 85 627 4.340909090909091
22639 73561 44642 472 44 10849 89842 44688.160 896 1126 1337.331 0 90 653 4.340909090909091
23157 73897 45625 476 44 14137 92769 49707.596 897 1132 1216.893 0 88 643 4.340909090909091
23655 76116 46438 479 44 11640 94111 45689.328 897 1147 998.322 0 91 683 4.340909090909091
24227 76933 47534 481 44 11676 90467 48562.605 901 1160 843.157 0 88 684 4.340909090909091
24678 79188 48279 485 44 11771 102934 43081.509 921 1176 1258.246 0 90 713 4.340909090909091
25205 79641 49249 493 44 10536 97124 45166.759 933 1186 1626.196 0 93 728 4.340909090909091
25704 81325 50229 496 44 12686 100422 43533.775 945 1196 1102.604 0 91 741 4.340909090909091
26247 83354 51351 500 45 11272 101541 43406.760 957 1211 1309.092 0 91 758 4.355555555555555
26912 85171 52520 505 45 11332 102700 43754.063 967 1222 1320.953 0 90 759 4.355555555555555
27524 86680 53556 508 45 13876 103835 49075.865 971 1239 1066.600 0 90 777 4.355555555555555
28166 88400 54677 517 45 13037 105049 46353.709 971 1251 2130.713 0 91 812 4.355555555555555
28687 89968 55558 522 45 11537 106285 43424.811 983 1265 1382.574 0 94 829 4.355555555555555
29360 92779 56604 527 45 9843 110206 41184.526 983 1283 1287.595 0 99 833 4.355555555555555
29976 93093 57727 530 45 13342 107240 49202.574 991 1295 980.090 0 98 865 4.355555555555555
30622 95993 58792 540 45 11790 108440 46236.492 1008 1317 2270.985 0 98 885 4.355555555555555
31301 97497 59829 545 45 11174 109932 44489.306 1028 1327 1524.938 0 102 904 4.355555555555555
32127 99318 61228 551 45 11247 113657 45662.598 1039 1353 1560.241 0 100 891 4.355555555555555
32976 100586 62769 556 46 13810 114710 51309.299 1064 1363 1406.050 0 102 933 4.413043478260869
33569 102219 63780 557 46 16405 111923 60838.459 1074 1379 860.741 0 102 947 4.413043478260869
34371 105269 65140 563 46 11473 120394 44118.485 1102 1402 1715.444 0 107 975 4.413043478260869
35176 105790 66497 568 46 14184 118017 54532.996 1117 1414 1412.472 0 108 998 4.413043478260869
35973 109316 67773 574 46 10339 123655 50099.127 1137 1442 1820.641 0 109 1000 4.413043478260869
36731 111063 68981 581 46 14440 121294 57535.413 1155 1459 1791.883 0 109 1000 4.413043478260869
37534 111512 70430 589 46 14531 124203 54365.900 1165 1474 2253.234 0 108 1000 4.413043478260869
38514 114617 72039 595 46 13626 126250 52938.389 1195 1498 1857.638 0 111 1000 4.413043478260869
39238 115813 73222 597 46 14837 127967 55781.507 1211 1517 1087.766 0 115 1000 4.413043478260869
40187 117473 74738 602 46 13871 125222 57846.884 1231 1536 1601.331 0 114 1000 4.413043478260869
40815 118906 75712 607 46 13976 131431 56940.946 1231 1559 1749.810 0 114 1000 4.413043478260869
41616 120455 77078 610 46 14094 128638 59082.529 1249 1576 1359.753 0 110 1000 4.413043478260869
42334 120174 78248 617 46 15329 129781 61724.950 1261 1591 1969.838 0 110 1000 4.413043478260869
43153 123065 79483 622 46 14325 134402 58236.102 1291 1615 1821.213 0 111 1000 4.413043478260869
43898 124221 80725 629 46 14444 142813 63910.662 1309 1641 2135.024 0 111 1000 4.413043478260869
44454 123618 81717 632 47 17107 139483 72575.840 1327 1649 1299.024 0 112 1000 4.425531914893617
44919 124894 82378 635 47 17250 141376 62878.126 1343 1675 1448.664 1 108 1000 4.425531914893617
45506 127173 83039 640 47 13712 139340 64785.890 1373 1705 1938.234 0 113 1000 4.425531914893617
46184 128491 84071 646 47 13821 145775 54977.327 1391 1723 1839.110 0 106 1000 4.425531914893617
46785 127768 84903 650 47 21348 146930 68309.434 1405 1739 1634.296 0 105 1000 4.425531914893617
47279 128531 85443 653 47 15137 146569 66638.184 1426 1761 1486.658 0 105 1000 4.425531914893617
47851 131397 86036 657 47 11450 153783 57861.440 1461 1793 1740.945 0 106 1000 4.425531914893617
48489 130557 87004 664 47 13191 152711 61836.822 1476 1807 1959.257 0 105 1000 4.425531914893617
49279 131941 88077 673 47 13291 152865 66558.011 1497 1830 2402.153 0 106 1000 4.425531914893617
49853 134824 88753 681 47 18718 153397 75397.779 1526 1860 2512.608 1 109 1000 4.425531914893617
50343 136415 89556 686 48 20765 155378 86465.305 1547 1883 2002.471 0 108 1000 4.5625
50814 134837 90158 689 48 17381 160523 79446.731 1568 1895 1738.575 0 109 1000 4.5625
51198 135021 90571 691 48 17536 160950 90179.801 1589 1917 1535.385 0 112 1000 4.5625
51711 135602 91050 699 48 17696 163002 80434.028 1617 1942 2695.014 0 110 1000 4.5625
52165 136650 91654 706 48 21560 165109 87639.948 1633 1965 2474.520 0 107 1000 4.5625
52811 137397 92337 711 48 21786 167279 99847.966 1659 1991 2149.310 0 109 1000 4.5625
53123 137945 92758 714 48 19947 169283 97503.101 1683 2016 1850.911 0 104 1000 4.5625
53589 140735 93148 719 48 24748 171771 98082.258 1723 2055 2187.207 0 103 1000 4.5625
54063 138688 93756 725 48 22460 170652 97594.419 1739 2075 2513.710 0 105 1000 4.5625
54496 139508 94134 731 48 22675 172852 86613.019 1761 2083 2468.030 0 104 1000 4.5625
54946 139977 94723 738 48 22981 174314 98972.735 1779 2117 2683.176 0 102 1000 4.5625
55387 142732 95082 747 48 20994 184852 83076.786 1821 2149 3210.475 0 103 1000 4.5625
55825 141111 95716 750 48 23332 185884 78733.430 1828 2163 1877.246 0 103 1000 4.5625
56082 141355 95905 759 48 23524 188084 84962.612 1855 2191 3052.212 0 102 1000 4.5625
56651 143946 96531 762 48 23894 191159 86324.391 1896 2231 1998.679 2 103 1000 4.5625
56964 143935 96717 765 48 29968 192981 92376.912 1915 2244 1945.941 0 105 1000 4.5625
57520 142482 97475 773 48 26885 183755 108534.753 1927 2257 3069.159 0 104 1000 4.5625
57831 145005 97601 779 48 27314 190701 101148.162 1972 2298 2727.543 1 108 1000 4.5625
58142 145241 97836 783 49 22350 193432 102554.929 1993 2326 2222.023 0 102 1000 4.6938775510204085
58630 145680 98198 788 49 22555 195689 94194.042 2016 2346 2496.019 0 99 1000 4.6938775510204085
59155 146331 98688 793 49 22762 197974 91752.239 2040 2379 2452.908 0 98 1000 4.6938775510204085
59522 144144 99122 797 49 18796 198646 84735.936 2067 2388 2201.758 0 100 1000 4.6938775510204085
59865 144625 99560 803 49 18939 203158 79537.445 2085 2419 2513.919 0 97 1000 4.6938775510204085
60288 144992 99832 807 49 15926 205387 77019.624 2110 2446 2297.493 0 98 1000 4.6938775510204085
60893 145482 100537 812 49 29076 207727 97548.822 2134 2470 2100.703 0 98 1000 4.6938775510204085
61319 145864 100982 813 49 29346 209950 105706.179 2164 2499 1768.523 0 98 1000 4.6938775510204085
61699 146277 101401 818 49 29622 209895 109598.037 2191 2523 2548.957 0 98 1000 4.6938775510204085
62040 148666 101472 826 49 30076 211117 110527.124 2235 2568 3444.618 0 99 1000 4.6938775510204085
62421 146382 101894 834 49 30209 219329 101909.239 2248 2580 3460.419 0 98 1000 4.6938775510204085
62936 149335 102263 841 49 20118 222897 85723.602 2289 2621 2972.543 2 99 1000 4.6938775510204085
63238 146851 102498 843 49 24754 219933 113927.143 2295 2631 1878.766 0 97 1000 4.6938775510204085
63811 149395 102892 847 50 25130 223325 105379.082 2338 2671 2536.243 2 101 1000 4.78
64309 149748 103324 857 50 25341 225752 98168.057 2368 2710 3664.141 0 96 1000 4.78
64861 149910 103796 866 50 40252 228322 123269.323 2406 2735 3563.431 0 97 1000 4.78
65393 147708 104344 870 50 40437 229521 131909.678 2418 2748 2712.787 0 96 1000 4.78
65694 147922 104319 878 50 23311 232178 99204.307 2453 2781 3645.935 0 94 1000 4.78
66263 150437 104584 887 50 19329 236430 100340.335 2495 2832 3720.015 0 99 1000 4.78
66668 148392 105058 891 50 37163 235341 125117.541 2513 2841 2516.956 0 94 1000 4.78
67200 151273 105421 899 50 29959 241902 120621.974 2561 2899 3627.832 0 97 1000 4.78
67559 148272 105667 904 50 17921 245454 91237.533 2582 2910 2934.615 0 97 1000 4.78
67877 148457 105954 910 50 18064 250514 84875.932 2607 2941 2780.016 0 95 1000 4.78
68020 150795 105584 919 50 22244 254713 97248.798 2651 2990 3220.553 2 97 1000 4.78
68504 150675 105976 924 50 31084 252819 119612.177 2681 3024 2886.763 0 96 1000 4.78
68960 148474 106495 929 50 25023 254147 101498.666 2706 3039 3073.411 1 94 1000 4.78
69311 151216 106403 937 50 28309 258622 111962.616 2757 3089 3488.504 2 97 1000 4.78
69676 150967 106585 938 50 23010 260074 125509.049 2790 3127 2196.297 0 97 1000 4.78
69793 150986 106648 946 51 40951 268516 138052.803 2814 3149 3589.850 1 97 1000 4.921568627450981
70131 151211 106965 948 51 32563 271370 130545.620 2846 3185 2509.616 0 93 1000 4.921568627450981
70282 148305 106892 952 51 32718 267837 138383.362 2861 3196 2910.537 0 93 1000 4.921568627450981
70539 151054 106702 961 51 42017 274476 127197.117 2883 3251 4023.794 1 93 1000 4.921568627450981
71049 151113 107258 966 51 42450 274934 140708.995 2925 3283 3172.591 0 90 1000 4.921568627450981
71435 148537 107675 976 51 37757 276173 129047.097 2939 3299 4640.390 0 91 1000 4.921568627450981
71926 151368 108106 981 51 38294 278283 140109.537 2981 3347 3165.855 2 91 1000 4.921568627450981
72476 148570 108494 985 51 34188 284002 126237.450 3009 3367 3084.503 0 93 1000 4.921568627450981
72572 148596 108266 989 51 34431 286965 137592.661 3035 3395 3196.311 1 91 1000 4.921568627450981
73111 151585 108643 996 51 39376 287071 143676.627 3091 3446 3800.734 0 92 1000 4.921568627450981
73238 148740 108591 996 51 39514 288303 144246.368 3106 3468 2230.078 0 88 1000 4.921568627450981
73636 151527 108756 1004 51 31634 295288 118230.818 3166 3519 4343.009 3 91 1000 4.921568627450981
74057 149012 109166 1012 51 45553 294349 153370.373 3180 3530 3877.729 0 91 1000 4.921568627450981
74443 149357 109538 1016 51 38112 295991 148736.229 3207 3567 3360.075 0 90 1000 4.921568627450981
75078 152317 109993 1025 51 36564 302525 141506.489 3267 3629 4403.137 3 94 1000 4.921568627450981
75191 151760 109780 1026 51 29196 307573 120751.883 3291 3666 2514.498 0 92 1000 4.921568627450981
75510 149028 110102 1033 51 53536 306516 172513.171 3323 3683 3671.433 0 91 1000 4.921568627450981
75871 151425 110200 1038 51 54380 310474 202642.615 3367 3729 3824.387 2 92 1000 4.921568627450981
76286 148566 110544 1045 51 37661 317612 157182.666 3379 3746 4416.536 0 91 1000 4.921568627450981
76001 150881 109734 1051 51 48884 322677 148235.581 3445 3810 3917.053 2 91 1000 4.921568627450981
76310 148305 109968 1053 51 49062 321619 158381.296 3467 3818 2919.591 0 90 1000 4.921568627450981
76651 150817 110007 1059 51 24548 328895 102299.935 3518 3881 3728.190 3 93 1000 4.921568627450981
76925 150778 110281 1064 52 44382 327679 159235.470 3565 3919 3171.330 1 95 1000 5.0576923076923075
77301 150539 110526 1065 52 57497 335534 162137.740 3595 3957 2873.458 0 91 1000 5.0576923076923075
77717 147935 110914 1067 52 39695 330934 200262.913 3612 3973 3229.004 0 90 1000 5.0576923076923075
78051 150971 111086 1071 52 40325 337844 178329.297 3676 4045 3575.616 2 94 1000 5.0576923076923075
78220 148239 111132 1081 52 58979 341531 175875.692 3700 4060 5069.646 0 87 1000 5.0576923076923075
78360 150660 111006 1085 52 36336 342573 155953.740 3756 4115 3950.504 0 90 1000 5.0576923076923075
78781 150618 111550 1092 52 23255 352593 147476.280 3788 4155 4171.420 1 87 1000 5.0576923076923075
78682 147125 111306 1097 52 23304 353569 118640.558 3825 4167 4011.775 0 88 1000 5.0576923076923075
79041 151432 112644 1100 53 47681 354657 169399.497 3882 4239 3379.304 3 89 1000 5.188679245283019
79217 148689 112693 1104 53 37348 358300 137261.890 3878 4255 3611.610 0 82 1000 5.188679245283019
79658 148808 112989 1111 53 42559 361581 157642.754 3927 4287 4461.849 1 84 1000 5.188679245283019
80088 149080 113351 1117 53 29962 364962 151840.952 3961 4330 4289.745 1 82 1000 5.188679245283019
80497 148953 113620 1122 53 30180 368221 126590.755 4012 4362 4130.905 1 85 1000 5.188679245283019
80761 152000 113652 1125 53 49713 369289 196174.572 4063 4427 3627.921 2 83 1000 5.188679245283019
81055 148921 113944 1130 53 34472 370645 203398.859 4078 4449 4402.291 0 83 1000 5.188679245283019
81455 149089 114404 1133 53 50384 378577 165699.229 4133 4490 4022.698 2 86 1000 5.188679245283019
81771 152169 114668 1137 53 39721 379848 175544.967 4188 4551 4029.181 1 85 1000 5.188679245283019
82051 151743 114705 1144 53 35443 383087 161730.756 4234 4595 5113.504 0 84 1000 5.188679245283019
82555 151737 115058 1150 53 25302 393693 160505.522 4276 4632 4252.849 0 83 1000 5.188679245283019
82780 148737 115239 1161 53 77004 385826 260053.748 4283 4648 5893.671 0 84 1000 5.188679245283019
82754 148608 114997 1172 53 28569 396170 191475.845 4329 4686 6463.457 1 81 1000 5.188679245283019
82944 151201 114774 1177 53 32458 399688 179840.167 4392 4761 4433.307 2 81 1000 5.188679245283019
82975 148179 114594 1182 53 60693 403396 196800.657 4408 4779 4673.931 0 80 1000 5.188679245283019
83320 147593 114765 1187 53 61207 406933 219053.011 4447 4815 4524.107 1 79 1000 5.188679245283019
83259 147160 114275 1189 53 70386 408464 238264.375 4498 4863 3902.456 1 78 1000 5.188679245283019
83452 147163 114386 1190 53 48108 409766 194095.803 4537 4903 3565.826 0 79 1000 5.188679245283019
83878 150363 114564 1200 53 48777 420761 182089.381 4611 4977 6213.313 0 80 1000 5.188679245283019
83933 147278 114518 1204 53 55620 417520 205432.606 4629 4995 4670.394 0 77 1000 5.188679245283019
84193 146941 114429 1205 53 56130 419422 215311.776 4668 5032 3779.812 1 79 1000 5.188679245283019
84281 149765 114229 1210 53 64801 429908 215885.237 4750 5104 4922.981 2 77 1000 5.188679245283019
84622 146705 114556 1212 53 74238 426917 242267.622 4758 5126 4146.404 0 79 1000 5.188679245283019
84926 149917 114474 1216 53 44783 433516 208668.802 4837 5202 4854.846 0 77 1000 5.188679245283019
84857 146341 114245 1220 53 86374 437014 251457.589 4841 5215 4629.678 0 78 1000 5.188679245283019
85090 149036 114257 1227 53 66986 443045 261755.476 4921 5295 5601.432 1 77 1000 5.188679245283019
85382 146174 114515 1232 53 69997 455815 213169.605 4945 5309 5194.512 0 79 1000 5.188679245283019
85355 145862 113993 1237 53 40525 450275 166609.186 4972 5350 4982.660 1 75 1000 5.188679245283019
85282 148277 113423 1245 53 41007 456687 211383.802 5053 5430 5419.450 0 75 1000 5.188679245283019
85573 148291 113351 1245 53 69194 457371 293998.034 5092 5474 3855.937 1 74 1000 5.188679245283019
85781 145291 113363 1249 53 53371 459006 270791.657 5116 5495 5220.262 0 75 1000 5.188679245283019
85912 148049 113112 1257 53 54041 467137 229323.749 5184 5554 6193.284 2 75 1000 5.188679245283019
86348 147680 113312 1259 53 33110 474687 182685.865 5243 5602 4548.539 1 77 1000 5.188679245283019
86899 147771 113561 1263 53 48277 476520 219254.696 5276 5654 4821.891 0 75 1000 5.188679245283019
87190 147550 113717 1264 53 85576 487409 276381.122 5329 5699 4359.379 1 76 1000 5.188679245283019
87053 144123 113413 1266 53 42962 484077 200786.640 5337 5715 4564.569 0 73 1000 5.188679245283019
86821 146204 112635 1268 53 95668 493013 231776.952 5411 5793 4474.451 2 74 1000 5.188679245283019
87237 146310 113067 1273 54 87569 499464 279932.318 5456 5848 5819.754 0 74 1000 5.296296296296297
87709 143685 113610 1280 54 56737 492468 239434.602 5456 5842 6755.514 0 73 1000 5.296296296296297
87466 146028 113044 1288 54 65504 498332 245186.488 5537 5930 6266.521 3 72 1000 5.296296296296297
87681 142800 113048 1292 54 57627 497730 245288.425 5564 5946 5251.764 0 73 1000 5.296296296296297
87882 145390 112714 1297 54 58334 505730 302882.157 5646 6034 5918.805 2 71 1000 5.296296296296297
88289 142633 113040 1300 54 87251 510663 293585.636 5646 6040 5399.732 0 70 1000 5.296296296296297
88401 142325 112851 1311 54 87969 511731 305973.559 5702 6103 7662.949 0 70 1000 5.296296296296297
88594 142305 112889 1312 54 77544 519311 275406.160 5758 6156 4802.062 0 71 1000 5.296296296296297
88795 145288 112668 1318 54 52834 525258 281138.723 5855 6239 6408.545 2 72 1000 5.296296296296297
89470 145702 113365 1319 54 79176 528555 271381.006 5891 6292 4735.139 1 71 1000 5.296296296296297
89429 144707 112965 1323 54 104764 532630 322676.551 5949 6317 5980.819 1 73 1000 5.296296296296297
89617 144227 112880 1328 54 70174 535438 288228.372 5981 6371 6500.305 1 71 1000 5.296296296296297
89750 143611 112605 1334 54 92725 547778 243018.140 6033 6428 6220.786 0 71 1000 5.296296296296297
89925 140746 112725 1341 54 70910 549301 220392.920 6064 6431 6383.086 0 70 1000 5.296296296296297
90463 143853 113232 1346 54 71823 550723 274293.184 6126 6536 6246.167 0 70 1000 5.296296296296297
90621 140874 113189 1351 54 55258 550059 304299.399 6142 6541 6394.038 0 70 1000 5.296296296296297
90843 141006 113058 1352 54 83033 562901 247381.751 6216 6604 5071.806 0 71 1000 5.296296296296297
90967 143552 112906 1358 54 114385 570358 299782.500 6282 6680 6488.677 2 70 1000 5.296296296296297
91053 140713 112875 1365 54 43708 567089 219965.814 6309 6708 7559.602 0 70 1000 5.296296296296297
91436 143151 112958 1371 54 74558 572070 277418.732 6384 6786 6324.364 0 72 1000 5.296296296296297
91563 139983 112987 1375 54 74750 573510 277603.098 6402 6811 6265.758 0 71 1000 5.296296296296297
91833 140067 113032 1387 54 86216 579218 361631.113 6458 6871 8322.698 0 70 1000 5.296296296296297
92095 142337 112794 1394 54 87320 583752 305986.845 6547 6959 7609.842 2 72 1000 5.296296296296297
92433 139500 113022 1402 54 87534 587490 322403.215 6565 6975 7573.951 0 71 1000 5.296296296296297
92780 139799 113100 1410 54 88206 591005 331367.111 6622 7027 7801.285 0 70 1000 5.296296296296297
92646 139155 112624 1415 54 88864 595625 333785.281 6659 7086 6475.965 1 71 1000 5.296296296296297
92623 138752 112330 1418 54 52493 601447 294993.697 6725 7128 6269.722 1 71 1000 5.296296296296297
92519 138217 111927 1425 55 40956 610328 311523.298 6758 7193 6849.203 0 71 1000 5.454545454545454
92684 140730 111411 1434 55 41406 620506 203488.803 6858 7292 7655.767 2 73 1000 5.454545454545454
92465 137500 111038 1439 55 138520 613004 413369.262 6858 7277 6182.675 0 71 1000 5.454545454545454
92622 140156 110859 1448 55 106269 620944 373744.223 6953 7389 8618.771 2 73 1000 5.454545454545454
92720 136991 110784 1452 55 61949 629214 285306.888 6987 7405 6655.981 0 72 1000 5.454545454545454
92749 136812 110456 1457 55 141667 626001 464989.677 7052 7448 7043.903 1 67 1000 5.454545454545454
92672 139076 109773 1462 55 165683 637451 375508.074 7152 7550 7600.631 0 70 1000 5.454545454545454
92704 136071 109627 1470 55 108984 641314 298122.554 7152 7573 8686.535 0 68 1000 5.454545454545454
93036 138646 109694 1471 55 110242 645145 384523.845 7258 7678 5815.428 2 69 1000 5.454545454545454
93523 136048 110011 1477 55 146195 646866 385104.009 7267 7692 7887.183 0 68 1000 5.454545454545454
93698 138821 109726 1477 55 128490 664184 317046.451 7366 7770 5745.031 2 70 1000 5.454545454545454
94108 138900 109835 1479 55 98156 664543 329076.624 7411 7847 6398.735 0 71 1000 5.454545454545454
94271 135687 109864 1486 55 98392 665970 301864.686 7448 7861 7796.319 0 72 1000 5.454545454545454
94333 135612 109595 1489 55 65944 666776 322968.880 7503 7924 6512.848 0 69 1000 5.454545454545454
94257 135430 109333 1494 55 58161 674032 341179.907 7540 7983 7512.336 0 70 1000 5.454545454545454
94303 135111 108821 1500 55 87609 685827 303741.299 7614 8045 7756.390 1 68 1000 5.454545454545454
94495 137760 108773 1502 55 178200 687447 424627.935 7701 8138 6571.121 2 67 1000 5.454545454545454
94566 134353 108760 1507 55 67775 688927 307177.075 7730 8169 7873.812 0 67 1000 5.454545454545454
94775 136938 108715 1511 55 103135 695935 425425.443 7825 8254 7162.101 2 65 1000 5.454545454545454
95048 136593 108811 1519 55 103883 709257 317863.835 7874 8309 9148.180 0 65 1000 5.454545454545454
95431 136335 108757 1522 55 91100 701342 404024.109 7934 8353 7041.643 1 67 1000 5.454545454545454
95228 135638 108219 1530 55 139302 708109 458092.063 8012 8411 9264.637 0 68 1000 5.454545454545454
95474 135371 108316 1533 55 92335 713659 443868.530 8043 8479 7728.870 0 65 1000 5.454545454545454
95679 132450 108208 1538 55 92515 717785 402973.017 8066 8497 8190.177 0 63 1000 5.454545454545454
96045 134856 108043 1539 55 54664 730109 369149.570 8174 8614 6952.519 0 65 1000 5.454545454545454
96387 134501 108257 1541 56 143297 728881 428816.840 8234 8664 7478.007 1 66 1000 5.625
96578 131583 108242 1546 56 94462 732594 352340.902 8240 8673 8643.871 0 66 1000 5.625
96759 134412 108101 1550 56 83321 739605 354008.883 8351 8800 8061.002 0 65 1000 5.625
96875 131351 107955 1554 56 126546 741113 397900.326 8380 8803 7904.246 1 66 1000 5.625
97253 131642 108272 1560 56 173295 755767 401679.921 8440 8878 8697.645 1 63 1000 5.625
97645 134122 108589 1564 56 148301 760008 463898.267 8541 8974 8175.743 2 62 1000 5.625
97567 130670 108158 1567 56 148803 761564 452175.700 8571 8994 8299.911 0 63 1000 5.625
97250 130344 107604 1572 56 149697 771502 358393.312 8625 9069 8685.196 1 61 1000 5.625
96962 130126 107071 1580 56 173662 772144 456531.766 8679 9132 8489.362 1 60 1000 5.625
97091 132486 106785 1586 56 132338 781162 410471.618 8783 9222 9112.732 2 61 1000 5.625
96837 131884 106088 1595 56 133290 782427 482831.987 8848 9294 10299.041 1 62 1000 5.625
97060 129067 106295 1599 56 153818 788268 485460.267 8853 9320 8492.025 0 60 1000 5.625
96686 128287 105559 1607 56 116898 793348 430157.716 8939 9379 10041.835 0 60 1000 5.625
96637 130491 105103 1617 56 78060 800340 459318.209 9029 9471 10511.413 1 59 1000 5.625
96711 130332 104982 1622 56 118897 804652 434589.236 9074 9546 9222.545 0 60 1000 5.625
97017 127712 105197 1625 56 119168 806412 435125.750 9109 9572 8319.397 0 60 1000 5.625
96981 129926 104778 1628 56 120511 815032 401804.000 9244 9680 8584.096 1 62 1000 5.625
96965 126886 104616 1629 56 184544 823349 441982.301 9244 9691 7650.736 0 61 1000 5.625
97508 129682 104931 1633 56 161983 826563 457495.862 9375 9802 9145.595 0 61 1000 5.625
97369 126723 104680 1638 56 122368 828013 406359.478 9378 9828 9423.309 0 59 1000 5.625
96997 126347 103948 1642 56 250580 831693 619770.952 9428 9886 8712.537 0 58 1000 5.625
97349 126220 104067 1645 56 252407 837292 623576.730 9488 9958 9156.118 1 60 1000 5.625
97653 126206 104145 1649 56 124789 849506 411123.676 9569 10009 9666.143 1 60 1000 5.625
98069 128649 104335 1654 56 167321 858674 512598.220 9664 10123 9082.633 2 62 1000 5.625
98257 125762 104360 1655 56 145504 857154 559364.018 9702 10167 8319.795 0 61 1000 5.625
98457 125659 104316 1659 56 259580 865044 605944.570 9763 10226 9855.448 0 59 1000 5.625
98650 125508 104288 1668 56 261161 871057 608909.858 9836 10286 11693.253 1 59 1000 5.625
98372 127479 103558 1675 56 228484 883931 548665.563 9940 10400 11329.657 2 61 1000 5.625
98051 126757 103050 1680 56 229974 880750 574160.901 9997 10467 9980.916 1 61 1000 5.625
98039 126449 102982 1690 56 130926 890509 414117.734 10052 10522 12437.979 0 59 1000 5.625
98238 123750 103022 1699 56 231742 892208 566731.814 10088 10537 11019.115 0 57 1000 5.625
98516 123650 103171 1706 56 275304 900123 613008.689 10138 10611 11005.783 1 58 1000 5.625
98662 125507 102772 1711 56 240933 912238 565314.023 10238 10726 9913.084 2 59 1000 5.625
99151 125312 102880 1713 56 178330 918580 489992.585 10329 10801 9340.033 1 59 1000 5.625
98818 122476 102510 1716 56 237840 920142 486241.646 10329 10821 9613.021 0 56 1000 5.625
98962 124563 102134 1721 56 136054 927315 511101.450 10450 10947 10666.514 0 58 1000 5.625
99119 121873 102154 1723 56 208886 925783 618748.427 10494 10974 9531.834 0 57 1000 5.625
99256 121702 102202 1726 56 182186 938640 465636.873 10554 11035 10201.161 0 58 1000 5.625
99077 121226 101809 1733 56 244131 939906 551559.017 10625 11097 11356.768 1 56 1000 5.625
99436 123840 101644 1739 56 105350 952961 363588.406 10753 11246 11325.747 0 59 1000 5.625
99634 121101 101679 1743 56 214297 954706 520380.077 10742 11264 10117.788 0 57 1000 5.625
99805 120859 101527 1746 56 215685 960994 507910.258 10840 11308 10049.335 1 56 1000 5.625
99682 120573 101073 1749 56 106819 966918 461906.529 10902 11396 10285.616 1 56 1000 5.625
99303 120431 100502 1750 57 291053 970696 592461.420 10956 11450 9401.793 1 55 1000 5.842105263157895
99343 120512 100506 1755 57 293332 975005 688820.385 11065 11518 11380.707 1 54 1000 5.842105263157895
99450 120436 100479 1759 57 166064 976383 603900.854 11120 11611 11192.906 0 54 1000 5.842105263157895
99535 120074 100346 1765 57 166981 986736 548253.123 11175 11668 11875.463 1 55 1000 5.842105263157895
99702 122509 100200 1770 57 194635 997012 564898.496 11286 11782 11503.479 2 54 1000 5.842105263157895
99907 122290 100216 1775 57 302023 1003281 628790.278 11398 11863 11470.366 0 56 1000 5.842105263157895
99944 119638 99957 1779 57 350094 1005159 664442.719 11401 11900 11171.730 0 54 1000 5.842105263157895
100090 121595 99601 1785 57 198344 1015922 530385.609 11532 12016 12286.927 2 57 1000 5.842105263157895
99906 118498 99428 1789 57 172245 1014963 614479.626 11560 12051 10672.172 0 55 1000 5.842105263157895
99926 120727 98914 1792 57 267580 1030558 658709.229 11675 12156 11143.702 1 55 1000 5.842105263157895
99915 117925 98757 1797 57 131167 1030543 476081.796 11675 12164 11983.741 0 53 1000 5.842105263157895
100085 120197 98524 1800 57 176087 1041158 613564.393 11829 12314 10510.837 0 55 1000 5.842105263157895
100290 117576 98641 1806 57 235025 1042961 678867.006 11849 12333 12062.779 0 54 1000 5.842105263157895
100439 117438 98765 1810 57 115970 1049375 564783.619 11908 12408 11558.667 1 54 1000 5.842105263157895
100163 116804 98069 1819 57 274522 1057800 675323.819 11967 12470 12872.619 1 55 1000 5.842105263157895
99997 118701 97285 1821 57 371520 1062160 812372.755 12118 12602 11134.265 2 56 1000 5.842105263157895
100138 115910 97253 1825 57 372248 1063820 834232.496 12128 12630 12259.226 0 55 1000 5.842105263157895
100056 115780 97059 1830 57 329086 1078684 778764.281 12188 12697 12531.544 1 55 1000 5.842105263157895
100352 115551 97212 1840 57 90275 1085320 605698.047 12272 12767 15407.186 0 55 1000 5.842105263157895
100573 117951 97142 1844 57 91136 1096347 534481.183 12384 12879 11783.979 2 55 1000 5.842105263157895
100911 117582 97244 1848 57 217900 1109362 554306.111 12472 12970 11931.891 1 56 1000 5.842105263157895
100688 117052 96721 1852 57 332368 1100286 816662.508 12532 13052 11846.270 0 54 1000 5.842105263157895
100780 117032 96564 1856 57 386916 1111262 780827.576 12625 13114 12786.772 1 53 1000 5.842105263157895
101014 114409 96644 1857 57 250583 1109346 752755.945 12641 13135 11080.798 0 53 1000 5.842105263157895
100937 116503 96258 1861 57 252960 1117528 744287.424 12757 13260 12513.235 2 54 1000 5.842105263157895
100754 113682 95918 1866 57 293066 1125821 660519.033 12787 13299 13189.331 0 54 1000 5.842105263157895
100870 116120 95952 1870 57 395712 1137418 798773.182 12918 13430 12795.469 0 52 1000 5.842105263157895
100860 113190 95591 1873 57 396944 1139429 799468.709 12915 13465 12477.540 0 52 1000 5.842105263157895
101172 113329 95815 1883 57 298275 1140046 769413.309 13021 13522 15617.497 0 52 1000 5.842105263157895
101199 113248 95789 1886 57 194436 1150936 645352.083 13108 13610 12468.688 1 51 1000 5.842105263157895
100924 115069 95126 1892 57 302761 1166281 668110.323 13227 13735 13793.544 2 52 1000 5.842105263157895
101081 112533 95190 1895 57 170481 1166453 537786.837 13244 13761 12419.212 0 53 1000 5.842105263157895
101131 112452 94967 1904 57 305156 1173165 747383.052 13316 13835 14411.114 1 52 1000 5.842105263157895
101044 112195 94495 1908 57 360862 1184183 816490.169 13382 13899 13431.271 1 52 1000 5.842105263157895
100650 113952 93774 1911 57 480498 1188990 892716.337 13551 14049 12730.925 2 53 1000 5.842105263157895
100876 113904 93810 1911 57 311605 1195963 782721.639 13611 14124 11389.918 0 52 1000 5.842105263157895
100719 113648 93513 1913 57 271106 1203274 710391.720 13686 14210 12504.096 0 52 1000 5.842105263157895
100809 113242 93384 1918 57 133076 1216101 529794.410 13754 14270 13962.172 1 50 1000 5.842105263157895
100907 110952 93348 1924 57 371031 1217947 849547.622 13797 14307 13563.089 0 49 1000 5.842105263157895
101160 113300 93310 1927 57 238584 1219696 789435.338 13939 14459 13003.049 0 51 1000 5.842105263157895
101129 110604 93146 1929 57 239006 1222049 790523.520 13949 14501 12654.592 0 51 1000 5.842105263157895
100901 112853 92874 1936 57 322664 1239930 759386.594 14119 14618 15977.977 2 53 1000 5.842105263157895
100922 112455 92818 1938 57 434288 1241962 970477.150 14170 14703 12637.618 0 52 1000 5.842105263157895
101203 109921 92693 1939 57 435553 1243617 972713.608 14199 14718 12435.755 0 51 1000 5.842105263157895
101224 112049 92449 1943 57 438989 1255884 932730.267 14325 14838 14608.962 1 51 1000 5.842105263157895
101273 111835 92274 1946 57 511791 1263520 958496.692 14422 14952 13683.345 1 52 1000 5.842105263157895
101321 109401 92283 1950 57 512709 1264359 1026150.409 14428 14961 14446.703 0 52 1000 5.842105263157895
101290 109135 92179 1953 57 248373 1285999 696179.890 14509 15043 14118.621 0 48 1000 5.842105263157895
101590 108764 92124 1957 57 288838 1292821 644395.285 14616 15139 13791.461 1 49 1000 5.842105263157895
102141 111020 92413 1961 57 451638 1296389 873538.659 14755 15279 13831.025 0 51 1000 5.842105263157895
102546 111063 92476 1964 57 253547 1301467 707480.148 14828 15370 14286.447 0 50 1000 5.842105263157895
102773 110775 92373 1968 57 254868 1308818 709065.606 14906 15459 14675.298 1 50 1000 5.842105263157895
102769 108223 92091 1970 57 255349 1311018 738839.095 14948 15459 13611.691 0 50 1000 5.842105263157895
102727 109975 91671 1976 57 344718 1323135 838439.102 15066 15596 15111.156 1 50 1000 5.842105263157895
102871 109792 91778 1977 57 259003 1327683 768019.900 15168 15683 13546.084 0 49 1000 5.842105263157895
102927 107437 91621 1982 57 259450 1329867 767592.715 15168 15720 15254.478 0 47 1000 5.842105263157895
102844 107752 91412 1984 58 541894 1339922 956523.012 15259 15795 14223.617 0 47 1000 6.086206896551724
102569 107421 91180 1987 58 307678 1358030 935106.493 15335 15876 14785.674 1 47 1000 6.086206896551724
102818 109583 91096 1989 58 264713 1357257 769405.344 15488 16032 14162.918 2 48 1000 6.086206896551724
103257 107489 91433 1995 58 354702 1357537 890472.437 15538 16060 16667.506 0 47 1000 6.086206896551724
103555 109961 91575 2000 58 357972 1370692 895852.187 15642 16220 16292.414 2 48 1000 6.086206896551724
103618 109523 91369 2004 58 311076 1377869 855438.563 15720 16300 15624.023 1 49 1000 6.086206896551724
103858 107160 91604 2004 58 360522 1386862 868913.261 15779 16330 13499.396 0 49 1000 6.086206896551724
104067 107137 91508 2009 58 362661 1396258 745579.624 15876 16412 16723.886 1 50 1000 6.086206896551724
104443 109562 91460 2010 58 236610 1401114 786810.594 16034 16590 14005.921 0 50 1000 6.086206896551724
104229 109256 91171 2012 58 317909 1419539 723518.000 16097 16655 14712.458 1 50 1000 6.086206896551724
104103 106759 91087 2015 58 663463 1413220 1107179.296 16141 16687 15338.351 0 47 1000 6.086206896551724
103992 106460 90923 2020 58 179463 1422533 664416.358 16221 16755 17088.049 1 48 1000 6.086206896551724
104072 106207 90876 2021 58 321759 1432125 767222.480 16303 16866 14463.742 1 48 1000 6.086206896551724
103929 106066 90601 2025 58 242012 1436823 843347.668 16402 16950 15529.229 1 48 1000 6.086206896551724
103909 105892 90513 2025 58 243355 1454432 695063.577 16484 17035 14242.454 0 47 1000 6.086206896551724
103502 105448 89792 2030 58 383568 1462441 1025631.250 16600 17155 16212.074 1 49 1000 6.086206896551724
103727 107711 89748 2036 58 512015 1464423 1103446.751 16743 17302 16287.467 2 49 1000 6.086206896551724
103870 107633 89764 2038 58 384050 1475211 859506.802 16802 17368 16002.045 0 47 1000 6.086206896551724
103768 104970 89614 2042 58 700992 1477299 1245615.408 16802 17395 16733.201 0 47 1000 6.086206896551724
103837 107171 89650 2047 58 707226 1490495 1256118.639 16970 17559 18062.667 2 47 1000 6.086206896551724
103738 104630 89474 2048 58 335794 1490346 903650.662 17029 17580 15380.121 0 48 1000 6.086206896551724
103934 106744 89493 2057 58 705652 1503298 1223105.322 17139 17729 19798.710 2 46 1000 6.086206896551724
104071 104344 89343 2060 58 392599 1509940 908939.041 17201 17768 16775.096 0 45 1000 6.086206896551724
103509 103945 88597 2065 58 612982 1518030 1104250.476 17287 17858 17323.774 1 45 1000 6.086206896551724
103078 103354 87974 2069 58 396719 1528071 874611.986 17355 17936 17403.265 1 47 1000 6.086206896551724
103331 105417 87987 2073 58 400256 1537583 926208.569 17528 18121 16762.658 2 47 1000 6.086206896551724
103494 103061 87934 2078 58 464176 1541572 982472.390 17528 18141 17398.606 0 45 1000 6.086206896551724
103758 103105 87989 2084 58 466415 1550022 983271.708 17638 18231 18944.090 1 45 1000 6.086206896551724
103525 102739 87589 2086 58 302267 1566298 767064.252 17703 18310 16666.205 1 46 1000 6.086206896551724
103624 104976 87682 2089 58 357209 1580009 1159414.685 17861 18485 17115.098 1 46 1000 6.086206896551724
103794 102676 87784 2098 58 357759 1582477 889557.765 17903 18491 21265.994 0 46 1000 6.086206896551724
103961 104834 87678 2102 58 356389 1596622 832010.798 18062 18667 18655.198 2 46 1000 6.086206896551724
103942 102427 87644 2105 58 413275 1587814 943132.364 18091 18705 16551.254 0 45 1000 6.086206896551724
103679 104131 87158 2106 58 416804 1601552 982432.107 18271 18853 16674.274 0 45 1000 6.086206896551724
103665 101534 86928 2113 58 483591 1603608 1043470.660 18293 18887 20186.621 0 46 1000 6.086206896551724
103763 101337 86860 2114 58 885836 1609166 1413237.367 18362 18983 16450.411 0 45 1000 6.086206896551724
104081 101071 86577 2118 58 565707 1619852 1114354.026 18468 19077 18709.855 0 46 1000 6.086206896551724
103894 103164 86261 2120 58 898544 1632322 1370567.011 18623 19236 17497.943 0 46 1000 6.086206896551724
103913 100867 86031 2124 58 899749 1634517 1368676.933 18637 19273 19241.740 0 46 1000 6.086206896551724
103837 102549 85371 2128 58 675591 1652929 1371762.373 18823 19448 18848.958 2 48 1000 6.086206896551724
104063 102492 85396 2130 58 372905 1659841 945049.201 18917 19525 18109.879 1 47 1000 6.086206896551724
104435 100506 85598 2131 58 437548 1670666 1296970.616 18917 19562 16879.975 0 46 1000 6.086206896551724
104896 100638 85932 2135 58 503640 1665593 1095085.457 19011 19662 19060.137 0 46 1000 6.086206896551724
104910 102321 85687 2137 58 588288 1682144 1131696.468 19181 19815 18178.237 0 46 1000 6.086206896551724
104872 101785 85495 2138 58 591375 1690274 1138433.086 19276 19927 17377.739 1 45 1000 6.086206896551724
104942 99571 85454 2142 58 380822 1694886 893351.225 19333 19946 19913.936 0 43 1000 6.086206896551724
104651 99388 85017 2143 58 513031 1703606 1066643.637 19427 20035 17596.281 1 43 1000 6.086206896551724
104518 99390 84985 2143 58 692699 1713724 1207893.194 19524 20153 17299.718 1 43 1000 6.086206896551724
104857 101037 84851 2144 58 335075 1723985 941118.621 19681 20296 18280.260 2 44 1000 6.086206896551724
105090 100874 84952 2147 58 451244 1732406 997861.704 19780 20410 19376.196 1 44 1000 6.086206896551724
104829 98406 84525 2149 58 451814 1727617 1129220.049 19820 20423 19280.207 0 43 1000 6.086206896551724
104728 98109 84325 2151 58 338813 1751449 796256.524 19921 20532 19098.972 0 43 1000 6.086206896551724
