22 0 0 0 3 0 7012.0 50240.0 18156.898 500 514 514 6 7 2 0 [] 0 1066 25 0 0 0 0.398 0.054 1.0 -1
24 0 0 0 5 0 7040.0 51278.0 18423.576 514 514 515 0 8 2 0 [] 16973.0 98317 25 114 17 1.85 31.581 25.065 1.0 -1
29 0 0 2 7 1 7043.0 51376.0 18925.653 508 516 514.429 0 8 2 12 [28-25] 697.0 220044 25 185 32 41.992 55.687 51.098 1.0 -1
28 0 0 2 9 1 7041.0 51327.0 19389.654 508 516 511.75 0 9 2 12 [] 12297.0 92477 25 128 19 4.539 18.254 13.296 1.0 -1
30 0 0 2 13 1 7034.0 51055.0 19285.427 505 516 509.333 0 10 2 12 [] 17494.0 133229 25 154 25 13.896 36.918 30.269 1.0 -1
31 0 0 9 18 2 7033.0 51006.0 19154.369 502 511 506.889 0 10 2 9.5 [14-18] 2423.0 155029 25 143 19 14.269 44.931 38.631 1.0 -1
33 0 0 9 20 2 7026.0 50759.0 19076.711 499 510 503.778 0 10 2 9.5 [] 9050.0 38 25 0 0 0 6.711 1.332 1.0 -1
33 0 0 9 20 2 7023.0 49279.0 19006.771 496 506 501.333 0 10 2 9.5 [] 17786.0 157294 25 155 25 16.502 36.918 29.286 1.0 -1
33 0 0 15 25 3 7016.0 49107.0 18898.63 494 505 498.333 0 11 2 8.333 [15-19] 2360.0 212118 25 193 26 24.931 51.944 45.486 1.0 -1
35 0 0 17 29 3 7014.0 48777.0 18787.689 491 502 497 0 10 2 8.333 [] 10812.0 38 25 0 0 0 9.342 1.925 1.0 -1
35 0 0 22 29 4 7012.0 48633.0 18757.073 489 502 493.778 0 11 2 8 [15-18] 1599.0 219335 25 172 32 31.024 44.103 41.468 1.0 -1
38 0 0 26 30 4 7006.0 48346.0 18675.704 486 498 492.556 0 11 2 8 [] 10804.0 25 25 0 0 0 4.201 1.871 1.0 -1
36 0 0 26 32 4 7006.0 48203.0 18626.797 484 497 489.333 0 11 2 8 [] 17773.0 164983 25 163 26 13.72 36.918 31.539 1.0 -1
39 0 0 30 33 5 6999.0 47916.0 18546.249 481 495 488.111 0 11 2 8.2 [12-16] 149.0 227295 25 169 28 33.402 55.17 48.852 1.0 -1
40 0 0 30 33 5 6999.0 47773.0 18519.19 479 494 485 0 11 2 8.2 [] 7493.0 95 25 0 0 0 1.17 0.133 1.0 -1
43 0 0 30 35 5 6993.0 47486.0 18428.908 476 493 483.667 0 11 2 8.2 [] 18177.0 253705 25 186 23 12.802 36.115 28.917 1.0 -1
49 0 0 42 35 6 6992.0 47342.0 18397.528 474 491 481.333 0 11 2 7.833 [14-19] 534.0 242014 25 235 27 39.042 49.908 45.213 1.0 -1
51 0 0 48 36 6 6991.0 47055.0 18336.235 471 490 479.333 0 12 2 7.833 [] 7314.0 105 25 0 0 0 1.011 0.296 1.0 -1
50 0 0 48 36 6 6986.0 46912.0 18292.023 469 490 476.778 0 13 2 7.833 [] 14613.0 140210 25 150 27 9.389 29.735 24.951 1.0 -1
52 0 0 48 36 6 6984.0 46625.0 18235.572 466 487 475.444 0 13 2 7.833 [] 19977.0 135737 25 122 19 13.139 41.456 31.667 1.0 -1
57 0 0 56 38 7 6983.0 46481.0 18189.767 464 487 472.667 0 13 3 8.429 [28-24] 830.0 130238 25 117 24 24.203 53.757 45.867 1.0 -1
61 0 0 58 38 7 6979.0 46195.0 18128.589 461 485 471.556 0 14 3 8.429 [] 7739.0 68 25 0 0 0 1.461 0.17 1.0 -1
62 0 0 58 38 7 6979.0 46051.0 18104.042 459 485 469.222 0 14 3 8.429 [] 13984.0 116606 25 152 26 11.754 24.106 20.259 1.0 -1
68 0 0 62 39 8 6979.0 45764.0 18043.4 456 485 469.111 0 15 3 8.375 [13-17] 679.0 209829 25 203 19 13.585 41.456 35.003 1.0 -1
65 0 0 66 39 8 6981.0 45707.0 18040.985 454 485 467.727 0 15 3 8.375 [] 12449.0 33 25 0 0 0 8.885 2.619 1.0 -1
69 0 0 66 40 8 6976.0 45786.0 18014.164 455 484 466.417 0 14 3 8.375 [] 17963.0 278197 25 232 28 20.441 36.115 31.706 1.0 -1
76 0 0 74 43 9 6972.0 43827.0 17966.362 453 481 464.583 0 14 3 8.667 [27-24] 40.0 298100 25 227 25 42.376 56.519 51.554 1.0 -1
76 0 0 78 45 9 6972.0 43827.0 17912.514 450 481 462.667 0 14 3 8.667 [] 5442.0 0 25 0 0 0 0 0 0.0 -1
82 0 0 78 48 9 7082.0 45162.0 19212.31 450 480 461 0 15 3 8.667 [] 13919.0 120941 25 178 30 13.822 24.106 20.652 1.0 -1
85 0 0 78 50 9 7076.0 45162.0 19173.975 447 480 458.6 0 14 3 8.667 [] 20448.0 175202 25 186 24 20.28 40.96 34.887 1.0 -1
81 0 0 78 52 10 7072.0 44731.0 19058.105 445 475 456.467 0 15 3 8.5 [33-26] 1336.0 222306 25 207 27 34.397 46.965 43.477 1.0 -1
77 0 0 78 54 10 7066.0 44731.0 19016.257 442 475 453.867 0 13 3 8.5 [] 7799.0 79 25 0 0 0 2.672 0.691 1.0 -1
75 0 0 78 55 10 7062.0 44301.0 18911.36 442 470 451.733 0 13 3 8.5 [] 17169.0 186638 25 162 18 5.081 29.725 22.069 1.0 -1
82 0 0 82 55 11 7054.0 44301.0 18878.677 437 470 450.467 0 13 3 8.273 [13-19] 536.0 307942 25 260 28 28.353 46.014 43.549 1.0 -1
85 0 0 86 55 11 7052.0 43871.0 18787.212 436 468 447.467 0 13 3 8.273 [] 5728.0 1 25 0 0 0 0 0 0.0 -1
88 0 0 86 56 11 7044.0 43871.0 18748.904 435 465 446.067 0 13 3 8.273 [] 11738.0 26 25 0 0 0 6.574 1.43 1.0 -1
89 0 0 86 56 11 7041.0 43440.0 18655.756 433 465 444.2 0 14 4 8.273 [] 18598.0 234151 25 204 24 14.59 36.115 29.584 1.0 -1
90 0 0 96 58 12 7036.0 43440.0 18618.489 430 465 441.733 0 14 3 8 [14-20] 727.0 230642 25 190 24 29.031 52.549 47.209 1.0 -1
95 0 0 102 58 12 7031.0 43010.0 18516.447 429 461 440.067 0 13 4 8 [] 12679.0 162296 25 223 26 6.333 19.74 16.865 1.0 -1
96 0 0 108 59 13 7026.0 43010.0 18488.298 425 461 437.333 0 13 4 8 [12-17] 759.0 258125 25 266 28 26.389 40.96 36.628 1.0 -1
97 0 0 112 60 13 7021.0 42580.0 18376.565 425 457 435.667 0 13 4 8 [] 9274.0 47 25 0 0 0 6.075 0.997 1.0 -1
101 0 0 112 60 13 7015.0 42580.0 18358.04 420 457 433.4 0 13 4 8 [] 15617.0 234749 25 235 27 11.336 29.712 24.212 1.0 -1
108 0 0 128 61 14 7012.0 42149.0 18250.924 420 452 432 0 13 4 7.929 [13-18] 725.0 204504 25 199 23 7.034 43.94 38.376 1.0 -1
109 0 0 138 61 14 7008.0 42149.0 18235.812 415 452 429.333 0 14 4 7.929 [] 10213.0 159029 25 183 17 1.856 11.548 9.951 1.0 -1
114 0 0 147 62 15 7002.0 41719.0 18121.305 415 450 427.867 0 14 4 7.933 [14-17] 694.0 130327 25 143 27 25.451 40.83 35.319 1.0 -1
117 0 0 155 62 15 6997.0 41719.0 18104.458 410 450 425.4 0 14 4 7.933 [] 9506.0 35 25 0 0 0 9.342 1.261 1.0 -1
122 0 0 155 62 15 6993.0 41289.0 18006.227 410 447 424.438 0 14 4 7.933 [] 15684.0 157204 25 180 20 10.677 29.725 24.253 1.0 -1
126 0 0 166 62 16 6991.0 41575.0 18044.007 405 446 421.294 0 15 5 7.875 [11-18] 1465.0 368719 25 291 27 29.006 42.594 40.309 1.0 -1
126 0 0 168 62 16 6986.0 41289.0 18503.54 405 446 419.706 0 14 5 7.875 [] 13164.0 74609 25 110 20 5.955 24.106 17.14 1.0 -1
129 0 0 179 64 17 6982.0 41289.0 18456.877 400 442 418.056 0 13 5 7.824 [34-26] 262.0 213498 25 202 23 21.167 44.909 40.562 1.0 -1
132 0 0 181 65 17 6979.0 41095.0 17866.877 400 441 415.944 0 14 5 7.824 [] 10874.0 32 25 0 0 0 12.921 2.167 1.0 -1
138 0 0 181 67 17 6974.0 40987.0 17810.507 396 438 414.111 0 14 5 7.824 [] 17363.0 291764 25 219 26 19.429 36.115 31.118 1.0 -1
141 0 0 189 67 18 6971.0 40708.0 17741.175 396 438 412.222 0 14 5 7.722 [34-27] 333.0 151636 25 132 22 23.146 48.854 42.849 1.0 -1
149 0 0 193 68 18 6966.0 40600.0 17697.107 392 434 410.278 0 14 5 7.722 [] 11268.0 205698 25 274 27 6.574 18.254 16.397 1.0 -1
155 0 0 193 68 18 6962.0 40320.0 17627.457 392 434 409.056 0 14 5 7.722 [] 19883.0 159884 25 153 23 14.223 36.824 30.79 1.0 -1
161 0 0 200 70 19 6960.0 40213.0 17584.898 388 434 406.389 0 15 6 7.789 [11-16] 1044.0 307951 25 240 26 27.551 62.206 56.527 1.0 -1
169 0 0 204 70 19 6953.0 39933.0 17508.67 388 431 405.722 0 15 6 7.789 [] 10492.0 31 25 0 0 0 14.95 2.676 1.0 -1
176 0 0 204 70 19 6952.0 39847.0 17486.376 384 431 402.833 0 15 6 7.789 [] 15827.0 146883 25 165 23 13.054 29.725 26.054 1.0 -1
184 0 0 214 71 20 6946.0 39567.0 17401.574 384 427 401.667 0 16 6 7.75 [16-18] 941.0 301044 25 306 35 34.938 42.393 41.646 1.0 -1
191 0 0 218 72 20 6942.0 39481.0 17366.111 380 426 399.222 0 16 6 7.75 [] 6300.0 0 25 0 0 0 0 0 0.0 -1
198 0 0 218 72 20 6936.0 39223.0 17296.677 380 426 398 0 17 7 7.75 [] 17578.0 211371 25 228 29 17.02 36.073 30.304 1.0 -1
202 0 0 227 72 21 6933.0 39137.0 17267.214 376 424 395.667 0 17 7 7.667 [12-19] 1683.0 270336 25 252 29 33.946 44.801 41.78 1.0 -1
208 0 0 233 72 21 6929.0 38879.0 17202.022 376 422 394.278 0 16 7 7.667 [] 7445.0 79 25 0 0 0 1.461 0.182 1.0 -1
214 0 0 233 72 21 6925.0 38792.0 17172.222 372 420 392.389 0 15 7 7.667 [] 18693.0 185125 25 185 25 23.206 36.824 33.203 1.0 -1
235 0 0 248 73 22 6922.0 38534.0 17102.725 372 420 391.056 0 15 8 7.545 [13-20] 780.0 162346 25 149 22 28.977 52.103 46.03 1.0 -1
240 0 0 256 73 22 6919.0 38448.0 17074.606 368 416 389.167 0 16 8 7.545 [] 8610.0 35 25 0 0 0 4.14 0.649 1.0 -1
237 0 0 256 73 22 6915.0 38190.0 17011.092 368 416 387.211 0 16 8 7.545 [] 17924.0 249169 25 247 23 15.549 36.824 32.629 1.0 -1
245 0 0 267 74 23 6910.0 38276.0 16999.645 364 413 385.737 0 17 8 7.435 [12-20] 2260.0 198261 25 163 30 40.379 49.649 46.925 1.0 -1
249 0 0 273 74 23 6908.0 38069.0 16951.95 364 413 383.947 0 16 8 7.435 [] 12156.0 129018 25 179 22 4.723 19.74 15.155 1.0 -1
257 0 0 279 75 24 6904.0 37932.0 16903.724 360 409 382.053 0 18 8 7.417 [35-23] 485.0 220737 25 197 30 30.538 42.535 41.231 1.0 -1
263 0 0 279 76 24 6900.0 37725.0 16841.233 360 409 380.368 0 17 8 7.417 [] 12465.0 195276 25 273 31 13.281 24.106 20.987 1.0 -1
266 0 0 286 76 25 6896.0 37587.0 16802.527 356 406 378.632 0 19 8 7.44 [35-24] 1545.0 158344 25 168 33 31.567 42.201 40.062 1.0 -1
280 0 0 288 76 25 6892.0 37397.0 16748.245 356 406 377.684 0 19 9 7.44 [] 7411.0 67 25 0 0 0 2.607 0.265 1.0 -1
281 0 0 288 76 25 6891.0 37366.0 16717.92 352 405 374.789 0 19 9 7.44 [] 15021.0 279257 25 318 24 9.029 29.725 26.106 1.0 -1
291 0 0 298 76 26 6883.0 37155.0 16649.167 352 403 374.158 0 20 9 7.385 [11-19] 1708.0 261835 25 251 28 40.172 44.222 42.749 1.0 -1
298 0 0 304 76 26 6883.0 37142.0 16621.305 348 403 372.579 0 19 9 7.385 [] 8642.0 31 25 0 0 0 7.277 1.27 1.0 -1
306 0 0 304 76 26 6880.0 37072.0 16572.879 348 402 370.474 0 19 9 7.385 [] 13778.0 132571 25 168 22 8.68 29.712 24.106 1.0 -1
315 0 0 305 77 27 6875.0 36932.0 16517.112 344 399 369 0 20 10 7.296 [18-20] 915.0 281675 25 240 26 20.406 48.768 45.848 1.0 -1
326 0 0 305 77 27 6872.0 36849.0 16476.929 345 396 366.667 0 21 10 7.296 [] 7655.0 47 25 0 0 0 4.201 0.544 1.0 -1
341 0 0 313 78 28 6869.0 38980.0 17363.492 341 396 364.714 0 20 11 7.321 [35-25] 878.0 212380 25 217 25 16.99 42.161 38.434 1.0 -1
343 0 0 317 78 28 6865.0 38980.0 17336.237 342 392 363.429 0 22 11 7.321 [] 7897.0 39 25 0 0 0 4.86 0.535 1.0 -1
348 0 0 317 78 28 6862.0 38684.0 17266.503 338 393 361.857 0 21 11 7.321 [] 13335.0 141555 25 203 29 15.213 29.711 25.618 1.0 -1
359 0 0 331 78 29 6859.0 38684.0 17239.19 339 392 360 0 23 11 7.345 [34-25] 342.0 203819 25 221 30 10.744 40.7 36.4 1.0 -1
360 0 0 339 78 29 6855.0 38387.0 17165.215 335 390 358.429 0 23 11 7.345 [] 9085.0 40 25 0 0 0 8.133 1.12 1.0 -1
366 0 0 339 78 29 6851.0 38387.0 17139.972 336 389 356.524 0 23 11 7.345 [] 17599.0 149502 25 162 19 10.674 36.824 28.592 1.0 -1
381 51 30 340 79 30 6848.0 38091.0 17055.879 331 386 355.048 0 24 12 7.233 [34-29] 92.0 229514 25 194 24 34.617 60.419 56.192 1.0 -1
395 78 39 340 80 30 6844.0 38091.0 17025.85 332 385 353.476 0 26 12 7.233 [] 6746.0 0 25 0 0 0 0 0 0.0 -1
406 75 38 340 80 30 6841.0 37795.0 16957.057 328 383 351.81 0 25 12 7.233 [] 14130.0 129027 25 162 23 2.791 29.725 24.19 1.0 -1
406 75 37 340 80 31 6838.0 37795.0 16929.032 328 380 350 0 25 12 7.194 [10-22] 677.0 242428 25 234 23 19.533 42.504 38.455 1.0 -1
415 69 38 340 81 31 6834.0 37498.0 16849.596 324 379 348.19 0 25 13 7.194 [] 6051.0 0 25 0 0 0 0 0 0.0 -1
423 75 37 340 81 31 6829.0 37498.0 16816.865 324 379 346.619 0 25 13 7.194 [] 16698.0 214013 25 230 30 22.449 36.824 33.849 1.0 -1
425 78 38 347 82 32 6827.0 37202.0 16737.996 320 376 344.952 0 26 13 7.094 [18-21] 457.0 140083 25 142 34 36.143 58.092 53.304 1.0 -1
434 78 38 349 82 32 6822.0 37202.0 16709.115 320 376 343.333 0 26 13 7.094 [] 6985.0 102 25 0 0 0 1.011 0.172 1.0 -1
445 75 35 349 82 32 6820.0 36906.0 16640.948 316 373 341.857 0 26 14 7.094 [] 16272.0 230797 25 226 24 10.714 36.073 28.297 1.0 -1
457 75 37 349 82 33 6817.0 36906.0 16621.141 316 372 339.857 0 25 14 7.303 [12-11] 623.0 336462 25 268 21 20.812 48.001 43.3 1.0 -1
469 90 43 349 82 33 6812.0 36609.0 16545.742 312 369 338.714 0 30 14 7.303 [] 9333.0 31 25 0 0 0 9.721 1.317 1.0 -1
478 87 42 349 82 33 6809.0 36609.0 16524.43 312 370 337.476 0 29 15 7.303 [] 15476.0 117788 25 144 23 4.386 36.073 29.271 1.0 -1
486 93 44 349 82 34 6808.0 36313.0 16456.644 308 369 335.5 0 30 15 7.235 [31-28] 687.0 139490 25 126 21 31.61 55.353 48.118 1.0 -1
501 87 45 349 82 34 6805.0 36313.0 16805.296 308 367 334.261 0 29 15 7.235 [] 6509.0 0 25 0 0 0 0 0 0.0 -1
534 96 48 349 82 34 6801.0 36017.0 16377.823 304 367 333.348 0 32 16 7.235 [] 13089.0 73510 25 112 22 0.837 29.712 19.267 1.0 -1
542 96 50 355 83 35 6799.0 36017.0 16360.678 304 365 332 0 32 16 7.171 [34-28] 35.0 165720 25 143 21 14.188 54.276 47.349 1.0 -1
566 105 56 359 83 35 6797.0 35720.0 16291.829 300 364 330.565 0 35 17 7.171 [] 7218.0 67 25 0 0 0 0.973 0.211 1.0 -1
572 102 54 359 83 35 6794.0 35720.0 16275.254 300 362 328.913 0 34 17 7.171 [] 14123.0 128382 25 142 23 11.847 29.725 24.909 1.0 -1
593 105 55 374 85 36 6791.0 35424.0 16188.726 297 362 327.565 0 35 18 7.139 [33-27] 1552.0 188925 25 175 21 21.89 52.147 45.402 1.0 -1
607 102 55 382 85 36 6787.0 35424.0 16170.226 297 359 326.174 0 35 19 7.139 [] 6600.0 0 25 0 0 0 0 0 0.0 -1
618 105 56 382 85 36 6784.0 35202.0 16110.832 294 359 323.958 0 35 18 7.139 [] 12153.0 202212 25 285 31 6.945 24.106 20.001 1.0 -1
626 105 57 388 86 37 6780.0 35202.0 16412.705 294 358 322.458 0 35 19 7.108 [32-27] 789.0 199544 25 175 20 29.825 51.551 44.591 1.0 -1
641 105 57 394 86 37 6777.0 34980.0 16371.779 291 355 321.833 0 35 19 7.108 [] 12739.0 102224 25 158 32 13.981 29.712 25.493 1.0 -1
672 108 58 395 86 38 6777.0 34980.0 16334.998 291 356 322.083 0 36 20 7.053 [15-30] 473.0 333581 25 312 29 15.355 47.537 44.243 1.0 -1
696 108 58 395 87 38 6778.0 34757.0 16299.943 288 356 322.36 0 36 20 7.053 [] 8594.0 37 25 0 0 0 8.615 1.744 1.0 -1
723 111 60 395 89 39 6779.0 34340.0 15417.264 288 357 321.385 0 37 21 7.051 [34-9] 554.0 134459 25 149 22 14.851 42.021 38.207 1.0 -1
749 99 54 395 90 39 6779.0 34346.0 15919.331 285 356 319.769 0 36 22 7.051 [] 6908.0 87 25 0 0 0 1.011 0.343 1.0 -1
763 105 56 395 90 39 6775.0 34235.0 15858.467 285 354 317.769 0 35 23 7.051 [] 16391.0 115025 25 134 24 12.917 36.824 31.31 1.0 -1
785 204 117 396 93 40 6770.0 34102.0 15801.083 282 353 316.192 0 36 23 6.95 [16-22] 1445.0 163791 25 135 17 11.192 67.333 52.729 1.0 -1
801 222 121 396 93 40 6767.0 34004.0 15746.676 282 350 314.692 0 39 24 6.95 [] 11176.0 25 25 0 0 0 10.928 2.873 1.0 -1
816 219 120 400 94 41 6763.0 33905.0 15707.702 279 355 313.115 0 40 24 6.902 [11-22] 235.0 196296 25 168 23 15.102 46.693 42.948 1.0 -1
858 222 120 402 94 41 6760.0 33806.0 15653.417 279 354 312.577 0 39 25 6.902 [] 6476.0 0 25 0 0 0 0 0 0.0 -1
906 213 117 402 95 41 6759.0 33783.0 15631.723 276 355 312.423 0 42 26 6.902 [] 11853.0 121616 25 174 22 6.333 24.106 18.633 1.0 -1
918 225 118 404 96 42 6760.0 33806.0 15585.664 276 354 312.077 0 42 27 6.881 [39-14] 59.0 170157 25 172 24 20.97 48.508 41.856 1.0 -1
954 222 116 404 96 42 6759.0 33795.0 15570.412 273 355 311.769 0 42 28 6.881 [] 9803.0 25 25 0 0 0 5.611 1.332 1.0 -1
994 237 118 418 96 43 6759.0 33795.0 15528.337 273 355 311.692 0 43 28 6.884 [12-18] 1222.0 147210 25 154 21 8.872 41.707 36.704 1.0 -1
1033 249 120 432 96 43 6760.0 33830.0 15519.109 270 353 311.962 0 43 30 6.884 [] 6368.0 0 25 0 0 0 0 0 0.0 -1
1065 255 124 432 96 43 6763.0 33888.0 15499.186 270 354 311.333 0 45 32 6.884 [] 12721.0 128824 25 185 25 3.629 29.712 25.565 1.0 -1
1089 258 127 446 96 44 6761.0 33859.0 15271.005 270 356 311.214 0 47 32 6.886 [32-26] 1684.0 94693 25 113 29 17.927 45.145 40.061 1.0 -1
1115 252 125 452 96 44 6763.0 33888.0 15540.047 267 357 311 0 47 32 6.886 [] 6685.0 0 25 0 0 0 0 0 0.0 -1
1150 264 132 464 98 45 6763.0 33899.0 15519.9 267 356 310.893 0 47 33 6.911 [34-24] 709.0 248535 25 205 26 22.028 40.808 36.187 1.0 -1
1185 270 135 472 98 45 6764.0 33917.0 15496.506 264 356 309.655 0 47 34 6.911 [] 12563.0 101728 25 148 22 2.878 29.712 22.304 1.0 -1
1204 264 133 474 98 46 6764.0 33917.0 15776.078 264 357 309.069 0 48 34 6.891 [34-10] 352.0 168386 25 171 25 24.265 47.42 43.88 1.0 -1
1249 273 142 476 100 46 6763.0 33888.0 15753.969 261 356 307.733 0 50 36 6.891 [] 10656.0 82918 25 131 33 9.956 19.74 17.214 1.0 -1
1259 273 142 480 100 47 6761.0 33835.0 15210.215 261 356 306.258 0 50 36 6.872 [35-10] 231.0 191425 25 187 22 16.502 47.41 36.618 1.0 -1
1284 276 142 484 104 47 6761.0 33835.0 15449.761 258 355 305.839 0 51 38 6.872 [] 11408.0 61823 25 91 15 3.079 24.106 16.543 1.0 -1
1327 273 146 494 106 48 6760.0 33812.0 15416.193 258 354 306 0 50 38 6.896 [36-25] 263.0 200802 25 214 27 17.414 40.174 35.584 1.0 -1
1368 303 148 498 108 48 6759.0 33801.0 14963.083 255 355 306.25 0 50 40 6.896 [] 6749.0 0 25 0 0 0 0 0 0.0 -1
1400 309 151 498 108 48 6761.0 33847.0 14975.49 255 356 305.303 0 50 40 6.896 [] 14720.0 142893 25 165 30 13.301 36.073 30.422 1.0 -1
1446 315 152 498 111 49 6762.0 36611.0 15847.988 252 356 305.879 0 52 42 6.837 [35-12] 1469.0 214433 25 190 22 24.534 59.61 53.03 1.0 -1
1477 340 163 498 112 49 6764.0 36611.0 15858.733 252 358 305.455 0 52 43 6.837 [] 8247.0 30 25 0 0 0 5.611 0.822 1.0 -1
1508 360 174 498 112 49 6763.0 36353.0 15816.181 255 356 305.829 0 55 45 6.837 [] 14370.0 206446 25 242 25 10.877 29.725 26.419 1.0 -1
1543 390 186 502 112 50 6763.0 36353.0 15644.943 256 356 306.057 0 55 44 6.78 [36-12] 93.0 357725 25 329 32 51.204 58.937 56.53 1.0 -1
1589 431 203 504 112 50 6765.0 36094.0 15625.11 257 356 305.857 0 55 46 6.78 [] 5460.0 0 25 0 0 0 0 0 0.0 -1
1625 454 211 504 112 50 6764.0 36094.0 15618.814 254 357 305.886 0 56 46 6.78 [] 17045.0 154736 25 169 21 10.224 36.824 31.399 1.0 -1
1676 462 220 505 114 51 6765.0 35836.0 15576.383 257 357 305.686 0 56 49 6.725 [37-14] 484.0 191993 25 172 27 38.722 57.632 54.089 1.0 -1
1708 486 236 505 115 51 6765.0 35836.0 15565.723 258 356 308.432 0 61 49 6.725 [] 7156.0 66 25 0 0 0 1.011 0.178 1.0 -1
1733 497 241 505 116 51 6776.0 35578.0 15553.674 255 358 308.027 0 61 51 6.725 [] 16653.0 121596 25 131 18 8.347 36.824 30.574 1.0 -1
1759 551 262 512 117 52 6774.0 35578.0 15533.91 257 356 306.45 0 63 51 6.673 [17-21] 646.0 266868 25 234 35 36.879 62.838 56.967 1.0 -1
1809 572 271 518 119 52 6770.0 31182.0 14619.925 255 356 306.238 0 63 51 6.673 [] 6877.0 221 25 0 0 0 0.61 0.133 1.0 -1
1851 590 276 518 119 52 6770.0 31913.0 14766.619 254 355 306.452 0 63 53 6.673 [] 14089.0 180447 25 203 26 7 29.725 25.547 1.0 -1
1860 683 315 523 120 53 6770.0 31944.0 14760.894 254 357 305.929 0 62 55 6.623 [33-29] 1247.0 134363 25 120 17 18.547 60.123 51.49 1.0 -1
1889 699 327 527 121 53 6769.0 31888.0 14741.077 251 355 304.762 0 61 54 6.623 [] 10041.0 18 25 0 0 0 6.091 2.253 1.0 -1
1908 699 329 538 121 54 6765.0 31851.0 14710.793 251 355 303.548 0 61 54 6.63 [35-26] 422.0 227122 25 211 23 10.676 41.932 36.135 1.0 -1
1930 711 330 548 121 54 6763.0 31704.0 14688.713 248 354 303.19 0 60 55 6.63 [] 9365.0 25 25 0 0 0 5.554 1.281 1.0 -1
1983 763 342 554 121 55 6762.0 31710.0 14677.347 248 353 303.667 0 61 57 6.618 [31-27] 288.0 216618 25 212 28 24.931 46.801 42.598 1.0 -1
2044 788 366 560 121 55 6764.0 31710.0 14688.455 245 355 303.767 0 61 59 6.618 [] 10415.0 30 25 0 0 0 9.152 2.732 1.0 -1
2109 810 386 566 121 56 6764.0 31722.0 15021.6 245 355 302.818 0 63 59 6.625 [35-9] 663.0 123942 25 138 23 16.353 41.996 36.721 1.0 -1
2160 856 407 572 121 56 6764.0 34631.0 15451.678 242 355 302.727 0 63 61 6.625 [] 10256.0 20 25 0 0 0 11.331 2.853 1.0 -1
2212 890 433 575 124 57 6765.0 34502.0 15421.432 242 355 303.091 0 62 63 6.632 [18-18] 518.0 105689 25 123 32 32.395 39.531 37.221 1.0 -1
2305 916 457 575 125 57 6765.0 34373.0 15403.851 239 355 304.444 0 63 66 6.632 [] 8178.0 53 25 0 0 0 5.611 1.059 1.0 -1
2355 946 486 582 126 58 6770.0 34287.0 15393.315 240 356 304.362 0 64 69 6.621 [10-21] 552.0 170527 25 177 20 18.231 41.723 36.682 1.0 -1
2422 1014 513 586 130 58 6824.0 32430.0 15184.103 241 355 304.681 0 64 70 6.621 [] 12513.0 94535 25 141 26 10.849 24.106 19.445 1.0 -1
2490 1055 535 586 130 58 6826.0 32481.0 15201.677 238 357 304.745 0 65 70 6.621 [] 18366.0 145582 25 155 22 11.848 39.943 34.822 1.0 -1
2559 1542 689 590 132 59 6826.0 32486.0 15184.03 241 354 304.957 0 66 74 6.576 [32-29] 1267.0 337458 25 288 35 44.183 60.092 57.972 1.0 -1
2625 1685 741 594 132 59 6827.0 32503.0 15192.433 238 358 305.271 0 65 75 6.576 [] 11864.0 176739 25 244 20 4.249 24.106 19.47 1.0 -1
2696 1749 783 606 134 60 6829.0 32555.0 15022.988 240 356 303.8 0 66 77 6.55 [15-20] 130.0 469080 25 450 35 39.784 55.661 53.795 1.0 -1
2773 1843 813 612 136 60 6828.0 32524.0 15199.993 237 357 303.98 0 69 77 6.55 [] 7409.0 50 25 0 0 0 2.607 0.442 1.0 -1
2852 1888 849 612 138 60 6827.0 32516.0 15182.7 238 354 303.4 0 68 83 6.55 [] 15716.0 163609 25 192 22 18.12 36.073 29.426 1.0 -1
2904 1944 874 616 141 61 6827.0 32516.0 15158.835 235 351 303 0 69 85 6.541 [36-10] 397.0 144398 25 147 23 24.329 46.076 40.361 1.0 -1
2951 2045 918 620 142 61 6826.0 32492.0 15139.653 235 356 303 0 68 84 6.541 [] 5770.0 0 25 0 0 0 0 0 0.0 -1
3014 2162 953 620 142 61 6826.0 32496.0 15137.315 232 356 303.42 0 69 86 6.541 [] 15462.0 181469 25 217 29 23.545 36.073 31.377 1.0 -1
3090 2279 994 627 143 62 6827.0 32516.0 15135.321 232 356 303.98 0 69 87 6.5 [16-21] 959.0 108026 25 98 17 11.833 58.704 48.58 1.0 -1
3143 2423 1062 633 143 62 6833.0 32643.0 15165.833 229 356 303.865 0 70 91 6.5 [] 12516.0 128857 25 185 25 3.919 24.106 19.594 1.0 -1
3223 2472 1106 641 143 63 6833.0 32651.0 15354.765 229 358 304.83 0 71 90 6.492 [35-27] 1040.0 178671 25 182 24 19.749 45.901 40.762 1.0 -1
3310 2544 1140 649 144 63 6837.0 32743.0 15349.82 226 359 305.094 0 71 93 6.492 [] 12541.0 115449 25 166 23 10.079 24.106 20.253 1.0 -1
3414 2649 1191 649 144 63 6837.0 32750.0 15348.845 228 360 305.611 0 72 96 6.492 [] 17551.0 179675 25 163 24 16.322 39.788 34.816 1.0 -1
3504 2881 1247 663 145 64 6840.0 32822.0 15363.51 229 358 305.944 0 71 100 6.469 [33-28] 468.0 303169 25 262 38 46.28 53.867 52.572 1.0 -1
3548 2969 1277 677 146 64 6842.0 32855.0 15358.757 225 358 305.782 0 72 101 6.469 [] 8466.0 47 25 0 0 0 5.907 1.419 1.0 -1
3613 3035 1302 677 146 64 6841.0 32832.0 15370.285 229 361 305.927 0 73 106 6.469 [] 14396.0 122760 25 133 19 5.581 29.725 22.996 1.0 -1
3703 3420 1376 686 148 65 6843.0 32872.0 15364.353 230 357 306.554 0 73 105 6.431 [15-21] 611.0 177769 25 144 25 21.474 57.845 52.374 1.0 -1
3791 3597 1441 694 150 65 6844.0 32899.0 15375 227 361 307.052 0 73 108 6.431 [] 9655.0 29 25 0 0 0 11.273 2.154 1.0 -1
3826 3598 1436 708 153 66 6845.0 32928.0 15414.93 231 361 306.814 0 73 109 6.455 [33-25] 84.0 182306 25 198 31 27.001 39.787 36.244 1.0 -1
3937 3756 1510 718 156 66 6845.0 32925.0 15385.318 228 361 306.373 0 74 110 6.455 [] 8026.0 37 25 0 0 0 4.14 0.634 1.0 -1
4050 3843 1562 718 157 66 6844.0 32902.0 15357.538 230 361 306.78 0 79 113 6.455 [] 16936.0 108583 25 102 18 3.339 36.824 28.842 1.0 -1
4172 3999 1638 720 157 67 6844.0 32912.0 15368.141 230 363 307.918 0 79 119 6.448 [39-13] 547.0 147097 25 155 26 32.664 44.929 40.647 1.0 -1
4220 4147 1675 722 158 67 6787.0 30799.0 15546.531 233 363 308.459 0 80 120 6.448 [] 12076.0 26 25 0 0 0 10.108 3 1.0 -1
4306 4183 1700 722 158 67 6788.0 30843.0 15559.642 230 364 308.115 0 80 121 6.448 [] 18147.0 112129 25 129 22 15.686 39.156 34.002 1.0 -1
4397 4439 1778 729 158 68 6787.0 30801.0 15531.783 232 365 308.921 0 83 126 6.412 [13-21] 289.0 201019 25 178 32 45.663 54.734 53.496 1.0 -1
4520 4507 1812 735 164 68 6788.0 30843.0 15702.062 236 366 309.688 0 83 129 6.412 [] 6059.0 1 25 0 0 0 0 0 0.0 -1
4654 4635 1883 735 166 68 6792.0 31167.0 15536.383 233 366 309.523 0 83 132 6.412 [] 15154.0 210119 25 230 28 18.712 36.073 30.767 1.0 -1
4767 4822 1936 736 167 69 6795.0 31184.0 15359.806 236 366 309.303 0 84 138 6.406 [10-24] 945.0 110933 25 121 25 18.944 41.607 38.695 1.0 -1
4898 4889 1999 736 168 69 6794.0 31197.0 15187.268 237 366 309.894 0 83 139 6.406 [] 6995.0 86 25 0 0 0 0.864 0.139 1.0 -1
4995 5097 2043 736 168 69 6796.0 31213.0 15198.837 237 369 310.227 0 84 142 6.406 [] 17855.0 166089 25 168 25 14.672 36.824 32.168 1.0 -1
5139 5389 2139 747 169 70 6798.0 31197.0 15193.043 237 368 310.896 0 87 146 6.371 [14-21] 998.0 242808 25 210 27 26.76 53.872 50.526 1.0 -1
5223 5499 2188 757 169 70 6800.0 31272.0 15400.922 237 365 311.941 0 86 148 6.371 [] 12372.0 212991 25 294 24 5.79 24.106 19.13 1.0 -1
5294 5749 2254 763 171 71 6939.0 32066.0 15848.189 239 371 312.574 0 89 153 6.394 [32-25] 267.0 159403 25 159 24 26.611 37.6 35.106 1.0 -1
5437 5923 2283 769 174 71 6942.0 32126.0 15847.249 241 371 313.725 0 89 154 6.394 [] 7202.0 84 25 0 0 0 1.699 0.278 1.0 -1
5557 6103 2377 769 176 71 6945.0 32186.0 15863.99 243 373 314.914 0 90 158 6.394 [] 14742.0 218870 25 232 27 14.052 29.721 27.108 1.0 -1
5717 6111 2428 778 177 72 6812.0 31689.0 15417.487 240 375 314.667 0 92 159 6.375 [11-21] 94.0 253656 25 242 36 36.865 46.542 43.775 1.0 -1
5848 6471 2506 786 181 72 6951.0 32307.0 16148.727 244 373 316.222 0 93 167 6.375 [] 6502.0 1 25 0 0 0 0 0 0.0 -1
5966 6635 2567 786 181 72 6956.0 32420.0 16201.951 244 378 316.473 0 93 169 6.375 [] 14518.0 181452 25 200 27 21 29.721 27.716 1.0 -1
6062 6837 2627 794 183 73 6959.0 32469.0 16237.777 246 378 317.068 0 95 176 6.384 [31-26] 2267.0 143428 25 140 24 15.607 41.024 37.059 1.0 -1
6206 6825 2699 802 185 73 6963.0 32546.0 16260.032 248 378 317.493 0 95 173 6.384 [] 13104.0 171147 25 244 26 8.655 24.106 19.171 1.0 -1
6397 7058 2803 806 188 74 6962.0 32533.0 16043.399 245 377 317.195 0 95 178 6.378 [36-27] 1672.0 157013 25 163 31 28.606 42.241 40.054 1.0 -1
6547 7254 2893 810 191 74 6965.0 33276.0 16508.24 248 376 317.909 0 97 183 6.378 [] 7606.0 35 25 0 0 0 2.571 0.477 1.0 -1
6675 7514 2964 810 192 74 6967.0 33276.0 16515.636 249 380 318.747 0 97 187 6.378 [] 19210.0 84412 25 96 20 12.427 36.824 29.27 1.0 -1
6835 7816 3048 812 196 75 6897.0 34270.0 16823.593 250 381 320.291 0 101 195 6.44 [27-26] 17.0 97577 25 92 21 10.14 48.412 40.126 1.0 -1
7008 7945 3122 814 196 75 6901.0 34387.0 16839.555 251 381 320.838 0 101 202 6.44 [] 10247.0 23 25 0 0 0 12.921 2.346 1.0 -1
7169 8314 3246 814 198 75 6903.0 34458.0 15994.871 252 384 323.038 0 102 203 6.44 [] 16077.0 116862 25 152 33 19.552 36.073 29.762 1.0 -1
7358 8789 3384 816 198 76 6909.0 34661.0 16042.754 255 387 324.575 0 105 209 6.434 [39-15] 753.0 263974 25 228 32 37.612 43.424 42.648 1.0 -1
7550 9006 3491 818 198 76 6914.0 34821.0 16098.255 259 388 326.235 0 105 214 6.434 [] 11311.0 93581 25 135 19 4.55 16.613 13.161 1.0 -1
7781 9178 3632 818 199 76 6919.0 34949.0 16112.893 258 389 325.89 0 106 215 6.434 [] 17544.0 143333 25 151 21 12.541 36.065 28.22 1.0 -1
7984 9504 3736 826 199 77 7066.0 34617.0 16548.916 258 388 326.651 0 106 227 6.416 [36-11] 2574.0 175683 25 157 25 28.984 53.729 47.496 1.0 -1
8167 9805 3851 834 202 77 7077.0 34845.0 16410.946 256 390 327.831 0 110 236 6.416 [] 10004.0 19 25 0 0 0 5.064 1.298 1.0 -1
8398 10259 3983 848 206 78 7080.0 34905.0 16419.477 256 389 330.488 0 111 233 6.423 [34-23] 857.0 208045 25 212 23 19.951 39.938 37.142 1.0 -1
8572 10324 4095 854 208 78 7085.0 35000.0 15900.029 253 394 330.483 0 112 239 6.423 [] 8206.0 37 25 0 0 0 2.254 0.314 1.0 -1
8777 10647 4214 854 208 78 6935.0 35454.0 15983.381 254 395 330.83 0 112 248 6.423 [] 19231.0 133008 25 140 19 10.547 36.824 29.939 1.0 -1
8967 11052 4323 862 209 79 6939.0 35579.0 16420.089 255 396 332.852 0 114 254 6.481 [27-25] 188.0 349444 25 276 34 49.225 55.562 53.115 1.0 -1
9185 11168 4432 870 209 79 6945.0 35773.0 16465.57 256 399 333.398 0 115 260 6.481 [] 11428.0 264869 25 354 29 11.273 16.613 15.583 1.0 -1
9343 11560 4500 870 210 79 6946.0 35819.0 16464.886 258 399 334.719 0 117 264 6.481 [] 20311.0 98835 25 109 20 9.648 39.156 31.525 1.0 -1
9594 11869 4641 878 212 80 6952.0 35999.0 16292.547 259 401 336.478 0 118 267 6.462 [38-14] 23.0 118642 25 117 27 32.827 53.472 47.533 1.0 -1
9803 12121 4771 886 214 80 6879.0 34083.0 16060.446 259 403 336.783 0 122 283 6.462 [] 5480.0 0 25 0 0 0 0 0 0.0 -1
10063 12397 4950 886 215 80 6882.0 34280.0 16106.463 256 403 337.641 0 121 285 6.462 [] 11971.0 84201 25 128 25 5.889 19.74 16.381 1.0 -1
10303 12826 5083 886 216 80 6885.0 34309.0 16118.665 256 405 338.441 0 124 293 6.462 [] 20118.0 77211 25 86 20 14.911 39.156 31.389 1.0 -1
10549 13670 5373 894 218 81 6885.0 34434.0 16130.906 253 402 339.979 0 122 294 6.42 [17-22] 180.0 218764 25 182 19 31.468 65.639 55.49 1.0 -1
10782 14348 5521 902 219 81 7053.0 34553.0 16304.756 253 409 341.863 0 126 311 6.42 [] 11139.0 15 25 0 0 0.006 11.273 2.609 1.0 -1
11025 14425 5627 902 221 81 7059.0 34722.0 16348.12 256 410 341.546 0 126 307 6.42 [] 18617.0 338467 25 278 32 23.42 36.073 31.517 1.0 -1
11318 15048 5806 906 222 82 7060.0 34744.0 16756.509 253 410 343.06 0 129 321 6.415 [37-10] 31.0 129556 25 134 27 32.159 43.291 41.34 1.0 -1
11617 15440 5970 910 225 82 6982.0 36954.0 16709.682 259 415 345.382 0 129 328 6.415 [] 11490.0 16 25 0 0 0 7.277 2.347 1.0 -1
11859 15610 6096 910 226 82 7074.0 35125.0 16998.408 256 414 345.314 0 130 330 6.415 [] 17507.0 155345 25 170 25 15.888 28.664 25.258 1.0 -1
12111 16182 6283 921 227 83 7074.0 35144.0 16975.076 260 416 346.485 0 133 345 6.398 [16-20] 945.0 184681 25 167 26 27.981 54.875 49.183 1.0 -1
12334 16507 6356 931 229 83 7080.0 35287.0 16615.488 263 416 347.952 0 132 349 6.398 [] 12142.0 14 25 0 0 0 7.849 2.852 1.0 -1
12570 17137 6461 947 230 84 7083.0 35379.0 16418.846 260 417 349.547 0 137 359 6.417 [11-17] 572.0 297080 25 306 35 24.686 36.824 35.09 1.0 -1
12829 17247 6584 957 233 84 7089.0 35535.0 16900.793 265 419 350.093 0 134 363 6.417 [] 7534.0 44 25 0 0 0 2.09 0.283 1.0 -1
13174 17854 6809 957 236 84 7090.0 35566.0 16670.989 262 420 351.178 0 136 372 6.417 [] 17242.0 181385 25 215 20 7.759 28.664 23.908 1.0 -1
13561 18405 7049 976 240 85 7094.0 35678.0 16668.723 265 422 353.355 0 138 383 6.424 [36-26] 599.0 226983 25 232 33 32.595 40.961 39.351 1.0 -1
13867 19227 7201 986 245 85 7100.0 35847.0 16685.741 268 424 355.164 0 143 400 6.424 [] 8222.0 25 25 0 0 0 3.079 0.729 1.0 -1
14231 19369 7417 986 245 85 7110.0 36115.0 17249.74 273 424 356.107 0 145 403 6.424 [] 13693.0 61103 25 94 19 4.134 19.74 14.629 1.0 -1
14549 20358 7567 990 246 86 7114.0 36223.0 16608.494 274 424 358.522 0 146 420 6.43 [30-26] 451.0 184193 25 181 30 22.823 37.846 35.042 1.0 -1
14896 20941 7768 994 249 86 7121.0 36408.0 16657.977 275 432 360.965 0 148 423 6.43 [] 9753.0 23 25 0 0 0 6.043 1.281 1.0 -1
15183 21841 7957 994 251 86 7129.0 36625.0 16477.678 280 434 365.267 0 147 439 6.43 [] 21194.0 231223 25 207 22 21.21 36.115 33.81 1.0 -1
15546 22298 8143 995 252 87 7050.0 36951.0 16278.588 282 437 367.277 0 145 441 6.494 [11-13] 726.0 186875 25 140 24 35.119 55.665 51 1.0 -1
15924 23025 8278 995 253 87 7246.0 35091.0 17180.886 285 438 369.843 0 146 444 6.494 [] 12066.0 117655 25 172 25 5.826 15.09 12.287 1.0 -1
16244 23364 8480 995 255 87 7066.0 35268.0 17524.904 285 443 370.541 0 147 459 6.494 [] 23075.0 149961 25 159 24 7.838 39.156 33.161 1.0 -1
16608 25232 8902 1004 259 88 7380.0 37070.0 18471.209 284 445 374.279 0 151 469 6.455 [15-22] 242.0 152516 25 129 23 26.073 64.986 50.552 1.0 -1
17047 25852 9153 1012 260 88 7395.0 37318.0 18575.524 291 449 377.211 0 155 472 6.455 [] 5488.0 0 25 0 0 0 0 0 0.0 -1
17362 26449 9413 1012 263 88 7404.0 37477.0 17731.874 294 451 378.089 0 157 503 6.455 [] 12389.0 15 25 0 0 0 8.357 2.545 1.0 -1
17777 26914 9592 1012 265 88 7411.0 37594.0 17766.808 297 450 380.492 0 159 504 6.455 [] 22004.0 217698 25 210 26 26.527 36.115 33.896 1.0 -1
18210 27626 9825 1012 270 88 7419.0 37747.0 18312.148 297 454 383.352 0 160 517 6.455 [] 30037.0 96621 25 87 14 11.852 43.276 34.287 1.0 -1
18653 29152 10078 1014 270 89 7320.0 36805.0 18591.193 300 459 388.62 0 161 527 6.494 [26-27] 4.0 270225 25 205 21 12.608 54.131 46.969 1.0 -1
19007 29362 10240 1016 272 89 7336.0 39178.0 17968.723 307 464 389.969 0 163 537 6.494 [] 6698.0 0 25 0 0 0 0 0 0.0 -1
19552 30872 10557 1016 272 89 7343.0 37352.0 19172.71 304 465 395.466 0 171 552 6.494 [] 16581.0 25 25 0 0 0 9.342 2.89 1.0 -1
19985 31462 10845 1016 272 89 7363.0 37827.0 18774.329 310 472 396.933 0 171 564 6.494 [] 22836.0 165314 25 144 20 10.575 36.111 30.772 1.0 -1
20541 33954 11182 1030 273 90 7635.0 41468.0 19240.71 314 473 400.358 0 175 581 6.478 [32-28] 2103.0 335183 25 273 30 33.907 53.451 47.493 1.0 -1
21029 34850 11418 1044 273 90 7652.0 41775.0 18759.638 319 479 404 0 180 606 6.478 [] 11738.0 16 25 0 0 0 8.615 1.604 1.0 -1
21472 35908 11704 1044 275 90 7668.0 42046.0 20410.867 323 480 408.28 0 180 606 6.478 [] 19991.0 237029 25 237 30 12.524 27.345 24.993 1.0 -1
22014 37821 12148 1048 279 91 7548.0 39969.0 19230.993 326 485 415.091 0 182 624 6.484 [40-13] 2375.0 179025 25 159 26 18.99 39.312 36.703 1.0 -1
22579 38557 12570 1052 281 91 7580.0 40523.0 19438.48 334 490 418.262 0 182 627 6.484 [] 11002.0 23 25 0 0 0 7.275 1.967 1.0 -1
23112 40572 13037 1052 285 91 7592.0 42113.0 19198.885 337 497 425.703 0 187 643 6.484 [] 19943.0 184120 25 177 27 8.12 27.345 23.949 1.0 -1
23691 41354 13568 1054 288 92 7485.0 40665.0 18662.251 344 504 429.699 0 190 671 6.478 [36-22] 2984.0 233391 25 199 24 18.09 43.276 38.253 1.0 -1
24238 43632 14039 1056 292 92 7244.0 41131.0 17931.833 350 509 438.212 0 191 699 6.478 [] 12227.0 141964 25 190 15 0.882 15.091 11.187 1.0 -1
24660 45145 14535 1056 296 92 7395.0 43846.0 18832.246 356 518 444.132 0 196 713 6.478 [] 23030.0 175856 25 182 24 9.721 36.073 27.7 1.0 -1
25113 46014 14906 1073 298 93 7417.0 40355.0 20035.188 356 526 449.826 0 194 709 6.473 [16-19] 3843.0 236858 25 217 37 35.152 51.008 43.532 1.0 -1
25667 47505 15403 1083 301 93 7437.0 40957.0 20514.4 352 529 457.227 0 199 724 6.473 [] 10307.0 23 25 0 0 0 7.277 1.396 1.0 -1
26164 48264 15839 1083 306 93 7462.0 45639.0 19958.868 362 537 462.398 0 201 757 6.473 [] 17139.0 22 25 0 0 0 9.668 2.818 1.0 -1
26765 49673 16288 1099 310 94 7480.0 42199.0 19701.546 369 543 469.308 0 202 771 6.489 [36-24] 5045.0 140410 25 143 28 31.594 39.364 37.918 1.0 -1
27317 50815 16744 1107 313 94 7504.0 42921.0 21044.856 376 548 475.912 0 199 771 6.489 [] 11664.0 22 25 0 0 0 7.277 1.461 1.0 -1
27977 52545 17326 1107 318 94 7526.0 43517.0 21608.194 381 559 483.971 0 203 807 6.489 [] 23253.0 172418 25 174 25 15.159 36.073 30.717 1.0 -1
28585 54685 17856 1118 326 95 7551.0 46057.0 19885.455 392 567 494.343 0 205 825 6.484 [17-19] 598.0 161932 25 148 25 28.724 45.382 39.575 1.0 -1
29323 55406 18441 1128 329 95 9185.0 49074.0 23482.407 403 573 499.663 0 202 827 6.484 [] 12346.0 27 25 0 0 0 3.723 1.011 1.0 -1
29959 56842 18919 1128 334 95 7607.0 49577.0 20993.589 403 581 507.901 0 200 845 6.484 [] 22613.0 161905 25 168 23 9.344 28.66 25.494 1.0 -1
30590 58859 19476 1136 335 96 7810.0 50290.0 21751.445 403 591 515.119 0 200 863 6.49 [36-23] 1944.0 159722 25 139 24 32.457 39.121 37.331 1.0 -1
31354 61567 20161 1144 338 96 7840.0 48939.0 24217.069 398 599 525.634 0 208 888 6.49 [] 7339.0 0 25 0 0 0 0 0 0.0 -1
32101 62331 20714 1144 339 96 8598.0 51863.0 26348.127 405 610 530.953 0 202 906 6.49 [] 15158.0 18 25 0 0 0 5.955 1.62 1.0 -1
32787 65261 21331 1144 345 96 8619.0 52175.0 24412.459 407 616 542.103 0 203 925 6.49 [] 22958.0 151215 25 159 28 11.566 19.746 18.28 1.0 -1
33541 67085 22027 1144 352 96 8678.0 53050.0 25099.019 419 627 550.112 0 206 946 6.49 [] 29444.0 124437 25 119 26 19.757 30.66 28.549 1.0 -1
34262 69052 22575 1144 355 96 8735.0 53899.0 26387.192 427 638 559.146 0 203 990 6.49 [] 35133.0 285467 25 225 27 14.771 37.838 33.27 1.0 -1
35151 71607 23213 1148 359 97 8789.0 54710.0 28009.136 423 647 567.985 0 206 992 6.464 [37-12] 2600.0 353691 25 269 26 16.711 56.591 47.679 1.0 -1
35966 72386 23794 1152 364 97 8050.0 53857.0 23004.58 427 658 574.049 0 204 1000 6.464 [] 9474.0 33 25 0 0 0 2.607 0.397 1.0 -1
36717 75198 24479 1152 367 97 8076.0 54460.0 25216.458 433 663 587.534 0 207 1000 6.464 [] 17086.0 20 25 0 0 0 13.981 2.802 1.0 -1
37414 76975 25130 1152 371 97 8126.0 55629.0 25608.997 447 683 597.626 0 213 1000 6.464 [] 26928.0 353492 25 334 27 14.938 28.66 25.681 1.0 -1
38120 77471 25701 1152 375 97 8168.0 56603.0 24360.221 461 689 604.877 0 213 1000 6.464 [] 35023.0 223833 25 166 19 19.38 37.826 32.731 1.0 -1
38879 80221 26340 1158 380 98 8725.0 60315.0 26001.03 468 697 619.723 0 213 1000 6.48 [37-25] 87.0 330054 25 224 27 20.314 39.463 36.629 1.0 -1
39659 82007 26970 1164 383 98 8789.0 61430.0 26437.811 481 710 631.041 0 219 1000 6.48 [] 5643.0 0 25 0 0 0 0 0 0.0 -1
40425 82129 27478 1164 388 98 9213.0 61012.0 28733.74 495 722 637.888 0 213 1000 6.48 [] 15694.0 20 25 0 0 0 5.955 1.009 1.0 -1
41327 84127 28365 1164 394 98 10018.0 57497.0 32939.788 495 733 650.232 0 213 1000 6.48 [] 24811.0 87763 25 92 17 4.011 15.091 10.757 1.0 -1
42103 86517 29026 1164 397 98 10096.0 59352.0 30714.147 495 753 666.52 0 216 1000 6.48 [] 30161.0 160744 25 151 34 13.198 22.628 20.293 1.0 -1
42827 86615 29670 1164 399 98 10282.0 62844.0 30355.013 509 763 674.728 0 216 1000 6.48 [] 41224.0 186891 25 168 22 12.25 35.796 32.21 1.0 -1
43529 88147 30395 1168 402 99 8203.0 61570.0 26865.558 516 773 687.644 0 213 1000 6.525 [27-23] 95.0 210487 25 147 20 19.904 55.987 42.812 1.0 -1
44226 89377 31046 1172 404 99 9149.0 67656.0 29812.811 528 785 700.038 0 219 1000 6.525 [] 11245.0 41 25 0 0 0 2.607 0.462 1.0 -1
45052 90328 31604 1172 408 99 8565.0 65875.0 29212.354 544 798 711.674 0 214 1000 6.525 [] 18696.0 22 25 0 0 0 7.137 2.143 1.0 -1
45580 92474 32167 1172 414 99 9701.0 68272.0 31594.042 555 819 729.024 1 220 1000 6.525 [] 25012.0 214494 25 220 28 7.088 15.091 13.645 1.0 -1
46300 92799 32736 1172 418 99 9371.0 71479.0 28344.426 574 831 736.417 0 210 1000 6.525 [] 36628.0 187316 25 171 27 22.989 35.395 33.075 1.0 -1
46990 95139 33253 1172 426 99 11434.0 67223.0 34371.268 580 834 754.98 0 213 1000 6.525 [] 42641.0 183837 25 133 15 9.73 30.66 23.459 1.0 -1
47492 97299 33760 1180 432 100 11542.0 68807.0 33620.504 601 855 766.819 0 207 1000 6.53 [37-26] 5753.0 219335 25 189 28 25.586 37.314 35.011 1.0 -1
48065 98407 34118 1188 434 100 10469.0 70446.0 35791.79 611 869 779.951 0 209 1000 6.53 [] 11216.0 62 25 0 0 0 0.978 0.172 1.0 -1
48679 100039 34706 1188 440 100 10577.0 71822.0 35592.055 625 882 794.944 1 209 1000 6.53 [] 17278.0 22 25 0 0 0 6.075 0.83 1.0 -1
49072 101361 35202 1188 443 100 8304.0 69997.0 26820.081 640 897 808.478 0 210 1000 6.53 [] 27540.0 213379 25 203 23 6.614 26.398 22.836 1.0 -1
49693 102738 35796 1188 454 100 9365.0 73594.0 36297.494 657 907 823.674 0 202 1000 6.53 [] 32885.0 193769 25 180 23 7.31 22.413 18.213 1.0 -1
50240 101934 36028 1188 458 100 9431.0 74921.0 34556.889 668 925 832.52 0 199 1000 6.53 [] 39730.0 231673 25 194 29 14.65 28.66 25.739 1.0 -1
50896 103397 36655 1188 465 100 9469.0 77703.0 31245.122 679 934 847.25 0 198 1000 6.53 [] 45635.0 153272 25 133 22 11.348 36.111 30.904 1.0 -1
51449 106847 37234 1188 472 100 9534.0 76985.0 35304.032 691 950 869.668 0 197 1000 6.53 [] 54959.0 278471 25 182 29 26.675 36.732 34.333 1.0 -1
52001 108090 37687 1199 475 101 9210.0 80929.0 34852.378 716 971 884.966 0 191 1000 6.554 [13-16] 1522.0 347674 25 204 35 37.12 49.542 42.928 1.0 -1
52625 109267 38189 1207 482 101 8900.0 76134.0 35163.557 716 995 900.786 0 192 1000 6.554 [] 10559.0 24 25 0 0 0 2.09 0.397 1.0 -1
53071 108490 38633 1207 486 101 8951.0 83793.0 31583.143 725 1007 909.214 0 185 1000 6.554 [] 16786.0 18 25 0 0 0 6.075 1.714 1.0 -1
53388 111257 38763 1207 493 101 8981.0 84599.0 29939.606 734 1016 931.98 0 185 1000 6.554 [] 26693.0 186645 25 177 22 6.505 19.74 15.489 1.0 -1
53929 110412 39187 1207 497 101 10997.0 86595.0 35664.664 758 1040 939.513 0 188 1000 6.554 [] 36991.0 132567 25 118 22 7.615 22.628 18.672 1.0 -1
54444 111675 39598 1207 499 101 13289.0 84442.0 47155.416 769 1050 955.849 0 181 1000 6.554 [] 48125.0 157309 25 130 22 4.075 22.628 18.086 1.0 -1
54660 112370 39666 1207 502 101 13416.0 86726.0 43581.693 781 1063 971.603 0 181 1000 6.554 [] 59381.0 477010 25 376 34 23.365 32.045 30.346 1.0 -1
55149 113365 39940 1214 507 102 9606.0 85907.0 37684.806 799 1088 987.132 0 185 1000 6.578 [10-16] 24.0 396647 25 233 36 33.074 48.181 42.354 1.0 -1
55702 116121 40355 1218 513 102 9667.0 89613.0 35953.675 817 1092 1010.752 0 181 1000 6.578 [] 8084.0 0 25 0 0 0 0 0 0.0 -1
56200 115154 40722 1218 519 102 12997.0 91618.0 42958.731 841 1123 1017.159 0 183 1000 6.578 [] 19814.0 41 25 0 0 0 3.112 0.679 1.0 -1
56758 115659 40946 1218 523 102 13081.0 92232.0 46695.996 853 1127 1032.806 0 179 1000 6.578 [] 27859.0 51 25 0 0 0 8.133 2.173 1.0 -1
57119 116277 41191 1218 528 102 13210.0 93539.0 41647.891 866 1142 1046.848 0 172 1000 6.578 [] 35196.0 27 25 0 0 0 9.228 2.762 1.0 -1
57577 119459 41544 1218 530 102 12428.0 95532.0 47322.376 876 1155 1071.237 2 172 1000 6.578 [] 46360.0 238446 25 238 32 8.576 19.74 17.702 1.0 -1
58078 117979 41667 1218 537 102 12599.0 97715.0 45657.987 900 1183 1077.501 0 169 1000 6.578 [] 58064.0 377057 25 316 33 21.947 30.66 28.867 1.0 -1
58655 120916 42012 1218 545 102 12644.0 98302.0 48374.662 908 1190 1101.887 3 176 1000 6.578 [] 68784.0 202191 25 157 24 14 27.799 24.92 1.0 -1
59032 121511 42124 1218 550 102 12836.0 100755.0 48109.263 937 1213 1116.48 0 173 1000 6.578 [] 77612.0 239481 25 174 27 14.122 32.046 28.409 1.0 -1
59616 122408 42357 1225 556 103 11368.0 98814.0 46317.15 949 1231 1131.59 0 171 1000 6.641 [13-12] 421.0 305152 25 185 32 31.192 46.092 37.561 1.0 -1
60226 121340 42771 1227 561 103 13026.0 103189.0 51594.756 962 1243 1138.26 0 166 1000 6.641 [] 12280.0 0 25 0 0 0 0 0 0.0 -1
60784 121834 43123 1227 564 103 10245.0 100738.0 40764.328 969 1251 1152.703 0 165 1000 6.641 [] 20267.0 31 25 0 0 0 5.79 1.458 1.0 -1
60979 124139 43126 1227 571 103 12318.0 104235.0 45206.358 989 1269 1176.341 0 166 1000 6.641 [] 29928.0 19 25 0 0 0 9.721 1.985 1.0 -1
61084 124382 43096 1227 577 103 10989.0 106225.0 47540.245 1007 1293 1190.94 0 164 1000 6.641 [] 41296.0 117919 25 122 28 7.246 22.41 17.66 1.0 -1
61465 122685 43321 1227 581 103 12539.0 103305.0 58416.526 1025 1307 1197.582 0 167 1000 6.641 [] 46996.0 100768 25 91 11 2.504 18.806 10.309 1.0 -1
62110 124068 43783 1227 592 103 14527.0 108279.0 54704.573 1038 1311 1215.808 0 162 1000 6.641 [] 55643.0 361499 25 316 27 9.052 25.759 23.932 1.0 -1
62728 127230 44286 1227 596 103 10541.0 109792.0 45553.282 1045 1329 1243.62 0 160 1000 6.641 [] 66904.0 259596 25 170 28 15.097 35.788 32.587 1.0 -1
63122 125835 44636 1236 610 104 9574.0 112225.0 38679.209 1079 1361 1250.156 0 163 1000 6.692 [12-13] 2567.0 533405 25 286 26 25.365 51.082 42.245 1.0 -1
63154 125606 44525 1240 616 104 9585.0 112832.0 41775.559 1081 1362 1265.866 0 155 1000 6.692 [] 8742.0 0 25 0 0 0 0 0 0.0 -1
63587 128622 44864 1240 622 104 16302.0 110947.0 62172.771 1100 1383 1291.643 3 158 1000 6.692 [] 20450.0 36 25 0 0 0 1.494 0.247 1.0 -1
64018 126828 45029 1240 626 104 14143.0 117498.0 64615.334 1126 1405 1298.387 0 155 1000 6.692 [] 27851.0 19 25 0 0 0 6.24 0.894 1.0 -1
64441 127480 45289 1240 629 104 11539.0 117273.0 51034.101 1135 1420 1315.795 0 151 1000 6.692 [] 39563.0 53 25 0 0 0 10.693 2.91 1.0 -1
64608 128383 45494 1240 633 104 11611.0 118709.0 46944.386 1153 1437 1333.015 0 151 1000 6.692 [] 46045.0 176583 25 167 24 6.637 19.448 16.578 1.0 -1
65033 129339 45748 1240 635 104 12481.0 118055.0 58974.25 1170 1455 1351.732 0 150 1000 6.692 [] 52301.0 153710 25 120 16 3.383 19.448 15.598 1.0 -1
65321 132606 45945 1240 638 104 12573.0 119638.0 54981.114 1190 1496 1382.847 0 154 1000 6.692 [] 64131.0 229123 25 204 32 13.741 26.398 23.821 1.0 -1
65631 132734 46169 1248 642 105 9468.0 123542.0 45873.571 1223 1500 1400.523 0 149 1000 6.733 [11-14] 4675.0 337012 25 200 39 41.964 52.785 46.226 1.0 -1
66154 133213 46500 1252 649 105 9513.0 124839.0 46227.312 1225 1522 1420.617 1 152 1000 6.733 [] 10514.0 40 25 0 0 0 0.973 0.16 1.0 -1
66589 131293 46755 1252 651 105 9561.0 126700.0 49945.919 1243 1543 1428.559 0 148 1000 6.733 [] 16343.0 16 25 0 0 0 8.133 1.548 1.0 -1
66897 133663 46925 1252 659 105 13954.0 127281.0 66781.177 1230 1555 1458.916 0 147 1000 6.733 [] 26539.0 16 25 0 0 0 3.911 0.851 1.0 -1
67243 131812 47112 1252 665 105 14129.0 129928.0 67951.668 1278 1580 1467.267 0 146 1000 6.733 [] 33704.0 39 25 0 0 0 7.582 1.122 1.0 -1
67649 132866 47386 1252 671 105 11500.0 130745.0 63036.943 1284 1598 1489.109 0 145 1000 6.733 [] 42537.0 294310 25 220 24 1.847 18.806 16.711 1.0 -1
67780 132860 47329 1252 675 105 11579.0 118064.0 45587.653 1308 1614 1509.277 0 148 1000 6.733 [] 49313.0 336708 25 300 25 8.045 21.018 18.268 1.0 -1
68133 135967 47463 1252 682 105 15638.0 136647.0 66738.195 1332 1628 1543.488 0 143 1000 6.733 [] 54713.0 246275 25 227 30 10.141 15.091 13.472 1.0 -1
68450 136359 47559 1252 686 105 14629.0 138778.0 59441.46 1358 1668 1565.726 2 146 1000 6.733 [] 66185.0 202843 25 159 23 4.222 22.629 18.086 1.0 -1
68678 136703 47623 1252 694 105 12707.0 140731.0 49366.287 1388 1689 1586.912 0 142 1000 6.733 [] 76292.0 353164 25 264 26 17.296 28.665 25.505 1.0 -1
69217 135243 48006 1252 698 105 14886.0 138230.0 58938.764 1404 1716 1596.325 0 139 1000 6.733 [] 82422.0 231556 25 194 30 17.714 26.688 24.108 1.0 -1
69546 135049 48051 1252 706 105 16221.0 136910.0 64017.705 1416 1722 1618.611 2 143 1000 6.733 [] 90043.0 243679 25 205 32 21.377 26.688 25.424 1.0 -1
69696 135311 48091 1252 709 106 16390.0 141145.0 58971.724 1442 1744 1639.851 0 135 1000 6.774 [44-18] 837.0 458725 25 318 29 21.017 42.405 37.811 1.0 -1
69858 137641 47949 1252 712 106 13032.0 147258.0 56467.098 1461 1768 1673.062 4 136 1000 6.774 [] 8337.0 1 25 0 0 0 0 0 0.0 -1
70364 135963 48284 1252 715 106 14212.0 147972.0 72504.767 1496 1800 1682.403 0 135 1000 6.774 [] 15486.0 97 25 0 0 0 0.61 0.081 1.0 -1
70872 136136 48465 1252 722 106 15456.0 146703.0 65196.62 1505 1809 1705.856 0 136 1000 6.774 [] 23367.0 21 25 0 0 0 3.179 0.578 1.0 -1
71452 139540 48714 1252 731 106 18581.0 151890.0 79191.146 1531 1839 1743.795 2 133 1000 6.774 [] 32334.0 18 25 0 0 0 1.699 0.487 1.0 -1
71812 139676 48841 1252 740 106 18867.0 155044.0 80277.91 1569 1874 1767.117 0 136 1000 6.774 [] 41483.0 22 25 0 0 0 4.723 0.885 1.0 -1
72371 140278 49049 1252 744 106 19073.0 157309.0 91194.539 1571 1899 1791.091 0 132 1000 6.774 [] 50380.0 22 25 0 0 0 7.582 1.715 1.0 -1
72561 137747 49059 1252 751 106 16092.0 156169.0 73241.44 1592 1921 1800.895 0 128 1000 6.774 [] 60588.0 161302 25 153 24 5.204 18.027 15.047 1.0 -1
72623 140407 48976 1252 755 106 17642.0 157141.0 83277.492 1599 1931 1840.711 0 131 1000 6.774 [] 68997.0 148602 25 129 23 1.908 16.613 12.572 1.0 -1
73156 140891 49091 1252 762 106 17912.0 160669.0 82947.953 1646 1981 1866.599 0 129 1000 6.774 [] 74012.0 34 25 0 0 0.001 7.164 2.613 1.0 -1
73612 138548 49219 1252 768 106 18084.0 160762.0 96990.579 1670 2002 1877.341 0 126 1000 6.774 [] 83998.0 198988 25 155 17 5.42 18.806 14.527 1.0 -1
73466 140704 48902 1252 776 106 14083.0 168354.0 71764.637 1676 2012 1915.744 2 127 1000 6.774 [] 89428.0 160653 25 119 22 10.804 29.218 23.972 1.0 -1
73753 137869 48939 1252 783 106 15450.0 171613.0 71590.836 1716 2052 1925.334 0 129 1000 6.774 [] 95968.0 198582 25 158 34 19.433 28.665 27.064 1.0 -1
74323 138139 49215 1252 788 106 15509.0 171315.0 71755.277 1738 2063 1949.66 0 126 1000 6.774 [] 103186.0 198225 25 136 14 7.24 28.659 20.652 1.0 -1
74998 140348 49329 1252 795 106 17035.0 173126.0 85767.866 1752 2086 1988.291 3 131 1000 6.774 [] 108548.0 159737 25 129 25 10.657 27.792 22.785 1.0 -1
75378 140663 49495 1252 798 106 14563.0 178008.0 83239.696 1798 2127 2013.322 0 125 1000 6.774 [] 113854.0 349156 25 209 37 29.575 36.116 33.612 1.0 -1
75999 141278 49767 1252 802 106 23209.0 176476.0 95200.138 1815 2146 2039.564 1 127 1000 6.774 [] 124329.0 347640 25 257 24 10.814 25.098 22.734 1.0 -1
76370 141401 49854 1252 806 107 25981.0 178141.0 82012.861 1851 2180 2064.399 0 128 1000 6.822 [21-16] 3731.0 463170 25 336 31 31.843 53.432 47.454 1.0 -1
76513 138961 49826 1252 809 107 19438.0 181046.0 104316.51 1851 2201 2073.105 0 122 1000 6.822 [] 14045.0 0 25 0 0 0 0 0 0.0 -1
76781 138786 49852 1252 815 107 19501.0 181094.0 80562.064 1832 2209 2097.536 1 124 1000 6.822 [] 24204.0 36 25 0 0 0 1.699 0.145 1.0 -1
77375 142146 50022 1252 820 107 21711.0 186395.0 85761.808 1886 2233 2139.647 2 125 1000 6.822 [] 35315.0 20 25 0 0 0 3.112 0.55 1.0 -1
77703 142712 50229 1252 829 107 22019.0 189787.0 106653.06 1931 2269 2165.263 0 123 1000 6.822 [] 45323.0 22 25 0 0 0 4.292 0.578 1.0 -1
77883 140087 50292 1252 836 107 20136.0 191403.0 80455.561 1958 2307 2173.401 0 122 1000 6.822 [] 52340.0 30 25 0 0 0 8.133 1.278 1.0 -1
77981 140083 50330 1252 839 107 15367.0 194144.0 91530.282 1965 2300 2198.813 0 116 1000 6.822 [] 60284.0 276731 25 223 28 8.134 16.613 14.264 1.0 -1
78260 140186 50395 1252 846 107 16889.0 194263.0 66198.673 1983 2357 2224.383 0 117 1000 6.822 [] 65835.0 24 25 0 0 0.007 9.513 2.839 1.0 -1
78724 143711 50701 1252 852 107 27978.0 192679.0 129316.543 2001 2362 2269.082 3 118 1000 6.822 [] 70917.0 43 25 0 0 0 2.931 0.517 1.0 -1
78962 141141 50831 1252 859 107 28459.0 198959.0 125993.089 2031 2406 2277.928 0 117 1000 6.822 [] 79074.0 31 25 0 0 0 6.988 1.185 1.0 -1
79227 143923 50955 1252 867 107 31933.0 199758.0 118014.48 2041 2421 2320.566 2 118 1000 6.822 [] 84779.0 30 25 0 0 0 8.576 1.776 1.0 -1
79549 141364 51033 1252 875 107 16017.0 207201.0 94226.181 2081 2460 2329.704 0 115 1000 6.822 [] 91389.0 224707 25 165 22 6.874 25.679 21.625 1.0 -1
79698 141472 51046 1252 878 107 19283.0 204419.0 94644.336 2091 2475 2356.15 0 113 1000 6.822 [] 97274.0 169984 25 147 18 2.32 21.018 15.375 1.0 -1
79915 141249 50967 1252 882 107 19437.0 205942.0 89371.765 2121 2499 2383.514 1 113 1000 6.822 [] 106531.0 262331 25 199 26 9.199 21.203 18.028 1.0 -1
80170 143956 51055 1252 885 107 16291.0 206737.0 91484.94 2151 2526 2427.175 3 113 1000 6.822 [] 112529.0 255486 25 193 28 16.055 32.181 27.57 1.0 -1
80604 141211 51252 1252 889 107 27029.0 212726.0 119915.233 2191 2577 2437.55 0 115 1000 6.822 [] 123706.0 218907 25 199 24 3.929 17.722 14.63 1.0 -1
80700 141129 51126 1252 899 107 27147.0 213845.0 110722.626 2198 2586 2466.57 1 116 1000 6.822 [] 133877.0 183514 25 162 25 7.707 17.726 15.026 1.0 -1
80691 140788 50901 1252 905 107 27422.0 216447.0 108820.484 2241 2617 2493.827 1 110 1000 6.822 [] 142102.0 471038 25 388 28 15.423 24.55 22.319 1.0 -1
80528 143489 50635 1252 911 107 20246.0 222427.0 84723.843 2260 2644 2541.936 2 108 1000 6.822 [] 152096.0 398068 25 275 27 18.327 32.198 30.806 1.0 -1
80813 140682 50750 1252 917 107 20530.0 222209.0 94218.246 2306 2694 2552.198 0 108 1000 6.822 [] 160334.0 354265 25 238 22 12.613 38.459 33.596 1.0 -1
80900 143263 50772 1252 923 107 25310.0 221052.0 105461.977 2317 2695 2602.404 4 112 1000 6.822 [] 168905.0 191823 25 138 21 8.279 25.679 20.454 1.0 -1
81105 143492 50921 1266 926 108 15768.0 228319.0 90816.953 2377 2748 2631.314 0 111 1000 6.861 [12-14] 1015.0 421923 25 215 34 35.533 53.133 45.023 1.0 -1
81358 143337 50988 1272 937 108 23327.0 227915.0 105909.432 2399 2784 2661.219 1 109 1000 6.861 [] 12740.0 0 25 0 0 0 0 0 0.0 -1
81799 141333 51246 1272 947 108 19237.0 237034.0 87463.947 2428 2815 2672.258 0 110 1000 6.861 [] 24546.0 20 25 0 0 0 2.09 0.406 1.0 -1
81758 141294 51225 1272 955 108 26255.0 231578.0 99516.268 2449 2820 2703.258 2 108 1000 6.861 [] 35530.0 27 25 0 0 0 0.864 0.227 1.0 -1
81570 141175 51163 1272 966 108 19443.0 238405.0 84000.914 2470 2853 2732.12 0 104 1000 6.861 [] 41126.0 22 25 0 0 0 5.127 0.801 1.0 -1
81953 143768 51237 1272 973 108 19590.0 240950.0 90022.77 2506 2882 2781.483 3 106 1000 6.861 [] 51028.0 37 25 0 0 0 5.79 1.326 1.0 -1
82203 141027 51359 1272 979 108 30283.0 245298.0 107680.198 2554 2935 2792.93 0 105 1000 6.861 [] 62454.0 19 25 0 0 0 3.396 0.506 1.0 -1
82562 141048 51444 1272 987 108 27198.0 246298.0 104696.912 2563 2949 2823.338 0 103 1000 6.861 [] 69771.0 21 25 0 0 0 4.632 1.269 1.0 -1
82696 143796 51397 1272 993 108 24624.0 244530.0 113409.306 2587 3006 2876.35 0 103 1000 6.861 [] 80216.0 26 25 0 0 0 8.848 2.43 1.0 -1
82974 141414 51626 1272 997 108 24983.0 249516.0 123322.841 2650 3031 2888.183 0 102 1000 6.861 [] 86250.0 22 25 0 0 0 7.7 2.022 1.0 -1
83359 144495 51842 1272 999 108 25073.0 250680.0 143027.346 2650 3071 2942.257 0 102 1000 6.861 [] 96722.0 25 25 0 0 0.049 10.195 2.983 1.0 -1
83249 141122 51758 1272 1006 108 25436.0 257720.0 110311.53 2689 3090 2952.984 0 100 1000 6.861 [] 103266.0 20 25 0 0 0.046 8.628 2.869 1.0 -1
83340 141220 51835 1272 1013 108 25511.0 255884.0 113587.672 2702 3103 2983 1 101 1000 6.861 [] 108930.0 219835 25 191 28 9.685 22.618 19.536 1.0 -1
83428 141188 51976 1272 1015 108 25735.0 259276.0 138886.175 2741 3136 3013.836 1 101 1000 6.861 [] 115373.0 289314 25 233 19 5.259 16.613 13.557 1.0 -1
83754 144268 52118 1272 1017 108 36478.0 262093.0 159917.077 2764 3169 3066.183 2 102 1000 6.861 [] 125975.0 16 25 0 0 0 6.304 2.073 1.0 -1
83982 144366 52295 1272 1021 108 19257.0 261273.0 95333.413 2817 3229 3096.358 0 102 1000 6.861 [] 131350.0 253832 25 174 32 18.955 28.233 24.379 1.0 -1
84143 144370 52324 1272 1026 108 33196.0 271233.0 144431.115 2842 3277 3128.469 0 105 1000 6.861 [] 141285.0 17 25 0 0 0.001 6.23 2.68 1.0 -1
84430 144367 52471 1272 1031 108 21588.0 275494.0 123311.682 2884 3289 3159.84 1 104 1000 6.861 [] 150286.0 154028 25 109 18 5.092 26.467 19.095 1.0 -1
84436 141478 52390 1272 1037 108 48537.0 276290.0 154772.886 2923 3317 3169.644 0 100 1000 6.861 [] 156108.0 102367 25 113 23 6.197 18.958 16.094 1.0 -1
84611 141802 52520 1272 1043 108 21805.0 279246.0 122236.918 2923 3349 3201.648 1 101 1000 6.861 [] 163393.0 124508 25 98 21 9.555 32.18 23.448 1.0 -1
84804 141822 52442 1272 1049 108 49216.0 278165.0 177106.779 2965 3389 3234.749 0 98 1000 6.861 [] 170643.0 25 25 0 0 0 6.14 2.002 1.0 -1
84747 144586 52308 1272 1056 108 43851.0 279244.0 145610.28 2990 3397 3288.749 2 95 1000 6.861 [] 179147.0 190086 25 181 32 10.094 20.647 17.993 1.0 -1
84776 140948 52103 1272 1064 108 44451.0 283462.0 150769.135 3042 3439 3299.017 0 95 1000 6.861 [] 190340.0 174470 25 168 25 9.028 20.647 17.621 1.0 -1
85159 143871 52304 1272 1071 108 44635.0 284753.0 147624.647 3057 3496 3353.536 0 94 1000 6.861 [] 198016.0 85484 25 83 15 5.679 20.647 14.868 1.0 -1
85556 143995 52481 1272 1075 108 28251.0 290971.0 120106.887 3102 3509 3386.72 2 95 1000 6.861 [] 208015.0 214883 25 153 21 9.114 26.062 22.658 1.0 -1
86166 144690 52779 1272 1081 108 22899.0 298162.0 120374.662 3147 3540 3421.236 0 94 1000 6.861 [] 214824.0 548174 25 303 32 15.564 37.146 31.961 1.0 -1
86512 141768 52925 1272 1085 108 23076.0 301208.0 126268.979 3177 3587 3432.599 0 90 1000 6.861 [] 222462.0 393285 25 216 23 10.904 38.73 32.405 1.0 -1
86416 143411 52635 1278 1089 109 23135.0 302226.0 145001.745 3191 3601 3483.397 1 91 1000 6.899 [13-14] 2251.0 320718 25 175 31 20.062 40.433 35.906 1.0 -1
86451 143170 52465 1282 1095 109 23388.0 306616.0 145624.049 3238 3646 3517.875 1 91 1000 6.899 [] 12959.0 1 25 0 0 0 0 0 0.0 -1
86379 139905 52278 1282 1101 109 23559.0 309559.0 124209.229 3271 3688 3528.871 0 90 1000 6.899 [] 19742.0 0 25 0 0 0 0 0 0.0 -1
86468 140081 52440 1282 1106 109 23619.0 310595.0 143116.019 3275 3694 3561.25 1 90 1000 6.899 [] 27306.0 30 25 0 0 0 0.978 0.156 1.0 -1
86676 143312 52467 1282 1111 109 29672.0 309180.0 144749.767 3319 3732 3618.04 1 89 1000 6.899 [] 33157.0 53 25 0 0 0 0.398 0.076 1.0 -1
86937 143269 52651 1282 1117 109 62581.0 316199.0 182875.841 3367 3782 3652.136 1 91 1000 6.899 [] 43452.0 0 25 0 0 0 0 0 0.0 -1
87372 140208 52807 1282 1123 109 27054.0 319290.0 148220.774 3395 3813 3663.976 0 89 1000 6.899 [] 53559.0 9 25 0 0 0 3.911 0.678 1.0 -1
87274 142157 52399 1282 1131 109 38437.0 320955.0 163628.173 3423 3831 3718.872 1 92 1000 6.899 [] 62691.0 12 25 0 0 0 1.756 0.373 1.0 -1
87398 142061 52293 1282 1138 109 38925.0 325588.0 189684.938 3480 3880 3755.132 0 91 1000 6.899 [] 73782.0 10 25 0 0 0 3.112 0.389 1.0 -1
87731 138734 52412 1282 1144 109 27654.0 328215.0 138762.607 3514 3921 3767.434 0 91 1000 6.899 [] 84559.0 18 25 0 0 0 3.776 0.908 1.0 -1
88053 139187 52524 1282 1149 109 46885.0 325492.0 171940.788 3522 3932 3804.921 1 91 1000 6.899 [] 94536.0 14 25 0 0 0 8.824 2.815 1.0 -1
88087 142534 52631 1282 1155 109 27947.0 332568.0 109943.597 3564 3981 3864.518 2 92 1000 6.899 [] 101306.0 255273 25 236 19 5.86 18.403 14.298 1.0 -1
88290 139755 52640 1282 1159 109 58623.0 333226.0 197793.941 3616 4027 3877.092 0 92 1000 6.899 [] 107422.0 22 25 0 0 0 3.176 0.446 1.0 -1
88455 139775 52500 1282 1164 109 35785.0 338883.0 142986.611 3593 4047 3911.854 1 90 1000 6.899 [] 116818.0 16 25 0 0 0 6.854 1.755 1.0 -1
88473 142393 52343 1282 1171 109 36060.0 340223.0 178223.401 3664 4088 3971.12 2 90 1000 6.899 [] 128365.0 30 25 0 0 0 4.673 1.523 1.0 -1
88989 142249 52496 1282 1178 109 46663.0 349214.0 162681.111 3725 4148 4009.311 2 92 1000 6.899 [] 137314.0 13 25 0 0 0 7.218 2.694 1.0 -1
89019 139083 52371 1282 1180 109 41632.0 351276.0 160902.904 3762 4173 4020.72 0 88 1000 6.899 [] 143862.0 13 25 0 0 0.001 9.134 2.457 1.0 -1
89019 139198 52359 1282 1186 109 21067.0 349319.0 107703.465 3780 4193 4054.28 0 86 1000 6.899 [] 153495.0 167933 25 139 23 6.471 29.538 22.593 1.0 -1
88719 138550 51919 1282 1193 109 21205.0 341732.0 139107.113 3811 4229 4091.195 1 88 1000 6.899 [] 164497.0 422752 25 306 32 19.114 32.182 30.301 1.0 -1
88401 138552 51712 1282 1199 109 42359.0 358169.0 216847.507 3849 4266 4129.102 0 85 1000 6.899 [] 172243.0 172223 25 155 24 6.089 15.091 12.539 1.0 -1
88695 141032 51715 1282 1206 109 71117.0 354728.0 241413.431 3883 4344 4189.591 0 84 1000 6.899 [] 182961.0 19 25 0 0 0 6.196 1.729 1.0 -1
88950 141118 51844 1282 1211 109 30193.0 365995.0 121994.984 3939 4357 4226.77 1 83 1000 6.899 [] 194901.0 144412 25 117 16 5.502 24.803 16.894 1.0 -1
89261 141139 51984 1282 1217 109 38545.0 369201.0 163151.317 3983 4405 4263.634 1 86 1000 6.899 [] 206302.0 191890 25 184 28 6.834 18.806 16.643 1.0 -1
89516 140781 51872 1282 1221 109 38854.0 372424.0 142973.773 4026 4439 4301.119 0 86 1000 6.899 [] 211787.0 111064 25 105 17 5.619 18.806 14.6 1.0 -1
89883 140918 52026 1282 1227 109 64985.0 371224.0 230495.576 4065 4473 4337.866 0 84 1000 6.899 [] 220248.0 22 25 0 0 0.039 7.45 2.594 1.0 -1
89972 140683 51928 1282 1235 109 31062.0 378920.0 168441.668 4093 4507 4377.257 1 85 1000 6.899 [] 228007.0 440007 25 308 43 21.038 26.48 24.781 1.0 -1
90249 137494 51734 1282 1243 109 35211.0 380114.0 138865.906 4140 4553 4389.292 0 86 1000 6.899 [] 235013.0 210714 25 169 27 10.66 23.314 20.621 1.0 -1
90268 140416 51708 1282 1250 109 35293.0 381993.0 168286.632 4160 4614 4457.233 0 83 1000 6.899 [] 240666.0 156581 25 127 27 6.819 23.796 17.463 1.0 -1
90438 140827 51890 1282 1258 109 40362.0 387086.0 166148.328 4216 4632 4496.841 1 84 1000 6.899 [] 245971.0 212551 25 189 31 13.408 21.017 18.815 1.0 -1
90876 138082 52109 1282 1263 109 59428.0 390494.0 211483.187 4255 4686 4509.441 0 81 1000 6.899 [] 252014.0 159652 25 161 30 9.902 16.999 14.259 1.0 -1
90987 140862 52032 1282 1272 109 77539.0 387247.0 227530.242 4271 4681 4570.439 2 79 1000 6.899 [] 262299.0 13 25 0 0 0 7.17 2.811 1.0 -1
91041 140572 51903 1282 1275 109 78531.0 394698.0 239229.955 4328 4749 4608.59 1 80 1000 6.899 [] 269309.0 178299 25 177 26 6.507 16.978 13.785 1.0 -1
91284 140345 51832 1282 1285 109 47087.0 397872.0 180060.822 4370 4790 4649.059 1 81 1000 6.899 [] 276018.0 270899 25 224 24 6.777 21.018 18.667 1.0 -1
91267 137229 51589 1282 1288 109 79958.0 404450.0 247275.07 4405 4822 4661.069 0 79 1000 6.899 [] 286579.0 12 25 0 0 0 6.075 2.491 1.0 -1
91355 139663 51547 1282 1295 109 91716.0 401035.0 304273.186 4421 4889 4729.305 0 82 1000 6.899 [] 297299.0 16 25 0 0 0 6.666 1.664 1.0 -1
91269 136547 51645 1282 1300 109 33352.0 412998.0 159416.635 4492 4904 4741.803 1 78 1000 6.899 [] 308591.0 508174 25 300 32 19.823 35.137 31.834 1.0 -1
91380 139073 51366 1282 1304 109 33421.0 414017.0 177828.896 4454 4914 4805.309 2 79 1000 6.899 [] 313605.0 569385 25 321 33 27.877 36.087 33.142 1.0 -1
91501 138962 51333 1282 1310 109 38138.0 417601.0 222135.763 4574 4988 4845.24 0 80 1000 6.899 [] 324235.0 231310 25 163 21 6.627 32.181 24.971 1.0 -1
91458 138405 51224 1282 1319 109 63828.0 419657.0 208808.363 4594 5028 4885.668 0 80 1000 6.899 [] 329892.0 200774 25 177 32 17.512 30.188 26.27 1.0 -1
91810 138558 51539 1282 1327 109 49643.0 420082.0 208880.038 4630 5082 4926.08 0 79 1000 6.899 [] 340988.0 201130 25 168 28 10.556 23.121 19.751 1.0 -1
92322 136132 51867 1282 1330 109 96754.0 426413.0 299361.331 4688 5114 4940.222 0 77 1000 6.899 [] 347300.0 13 25 0 0 0.098 6.092 2.568 1.0 -1
92597 136164 51863 1282 1332 109 97031.0 423404.0 286506.365 4656 5127 4976.366 1 78 1000 6.899 [] 356837.0 321000 25 278 25 10.238 24.882 20.593 1.0 -1
92601 136425 51899 1282 1339 109 97692.0 432458.0 273075.486 4741 5159 5018.267 1 80 1000 6.899 [] 363423.0 223072 25 194 27 6.649 21.185 17.485 1.0 -1
92825 136723 51914 1282 1343 109 44831.0 436141.0 210027.215 4785 5199 5059.152 0 79 1000 6.899 [] 374237.0 434080 25 259 34 15.633 30.164 26.287 1.0 -1
92464 139198 51522 1282 1350 109 66456.0 438131.0 256478.885 4812 5244 5128.337 1 79 1000 6.899 [] 382754.0 367054 25 328 28 9.582 21.018 18.634 1.0 -1
92714 139192 51660 1282 1353 109 87866.0 439475.0 313495.388 4892 5337 5171.772 0 80 1000 6.899 [] 392161.0 9 25 0 0 0 8.946 2.771 1.0 -1
92964 136455 51776 1282 1360 109 52268.0 444978.0 239473.663 4936 5346 5184.227 0 77 1000 6.899 [] 403347.0 267873 25 199 29 18.031 26.118 23.99 1.0 -1
93312 136442 51823 1282 1364 109 116672.0 444688.0 339820.004 4947 5391 5225.363 0 77 1000 6.899 [] 410219.0 15 25 0 0 0 7.021 1.693 1.0 -1
93389 136572 51727 1282 1369 109 60046.0 449718.0 236600.345 4991 5411 5266.737 1 76 1000 6.899 [] 421391.0 185785 25 144 18 3.764 23.314 16.425 1.0 -1
93154 136167 51412 1282 1376 109 60484.0 453231.0 254107.562 5032 5452 5307.685 1 75 1000 6.899 [] 431600.0 371724 25 275 28 11.232 23.314 21.148 1.0 -1
92821 138468 51236 1299 1379 110 32592.0 454696.0 179695.833 5073 5542 5377.872 0 77 1000 6.955 [12-12] 7042.0 389722 25 189 29 17.508 53.088 44.743 1.0 -1
92848 137963 51113 1307 1387 110 32947.0 461116.0 215746.815 5148 5584 5420.657 0 76 1000 6.955 [] 18924.0 0 25 0 0 0 0 0 0.0 -1
93278 138199 51276 1307 1395 110 81078.0 468761.0 291551.45 5187 5611 5463.422 1 76 1000 6.955 [] 28780.0 0 25 0 0 0 0 0 0.0 -1
93440 137952 51325 1307 1402 110 62587.0 468106.0 275236.337 5237 5661 5508.197 1 74 1000 6.955 [] 36461.0 0 25 0 0 0 0 0 0.0 -1
93494 134930 51292 1307 1408 110 63074.0 476388.0 221660.134 5256 5699 5521.328 0 72 1000 6.955 [] 46115.0 0 25 0 0 0 0 0 0.0 -1
93668 137366 51154 1307 1414 110 48777.0 477539.0 212519.095 5240 5709 5586.087 2 72 1000 6.955 [] 51686.0 42 25 0 0 0 0.61 0.152 1.0 -1
93758 136806 51157 1307 1421 110 83448.0 481735.0 272112.594 5354 5781 5628.615 0 72 1000 6.955 [] 60377.0 1 25 0 0 0 0 0 0.0 -1
93865 133732 50984 1307 1428 110 43726.0 489170.0 201508.219 5400 5830 5642.282 0 72 1000 6.955 [] 68099.0 9 25 0 0 0 2.254 0.315 1.0 -1
94173 136383 51090 1307 1433 110 30447.0 484698.0 188126.024 5361 5841 5708.322 1 70 1000 6.955 [] 77935.0 12 25 0 0 0 5.999 1.068 1.0 -1
94635 136240 51139 1307 1438 110 50253.0 493815.0 242790.919 5482 5910 5754.498 2 72 1000 6.955 [] 85396.0 7 25 0 0 0 2.662 0.422 1.0 -1
94563 133129 51100 1307 1443 110 34838.0 489196.0 173639.081 5531 5956 5767.653 0 70 1000 6.955 [] 93616.0 20 25 0 0 0 6.68 1.661 1.0 -1
94569 134958 50822 1307 1451 110 113123.0 493294.0 366371.844 5482 5967 5829.821 1 71 1000 6.955 [] 101943.0 0 25 0 0 0 0 0 0.0 -1
94607 132299 50833 1307 1454 110 114232.0 498262.0 351709.944 5607 6031 5843.992 0 71 1000 6.955 [] 111933.0 1 25 0 0 0 0 0 0.0 -1
94427 131774 50523 1307 1463 110 66667.0 503422.0 255144.344 5558 6047 5879.126 0 69 1000 6.955 [] 117136.0 7 25 0 0 0 2.969 0.509 1.0 -1
94504 134096 50414 1307 1467 110 87615.0 506942.0 312745.337 5644 6078 5956.728 2 72 1000 6.955 [] 129010.0 10 25 0 0 0 1.598 0.361 1.0 -1
94841 131538 50566 1307 1474 110 77602.0 516470.0 275487.871 5731 6160 5970.746 0 70 1000 6.955 [] 136727.0 6 25 0 0 0 2.254 0.376 1.0 -1
94665 131306 50366 1307 1475 110 134446.0 510810.0 362124.287 5742 6192 6016.735 0 71 1000 6.955 [] 142157.0 38 25 0 0 0 0.61 0.136 1.0 -1
94740 131571 50546 1307 1479 110 68510.0 516470.0 268138.216 5789 6229 6062.17 0 71 1000 6.955 [] 153482.0 18 25 0 0 0 5.023 0.776 1.0 -1
94787 133985 50435 1307 1483 110 53066.0 524822.0 257962.042 5831 6260 6139.093 3 73 1000 6.955 [] 163136.0 11 25 0 0 0 6.1 1.569 1.0 -1
95043 134089 50505 1307 1487 110 53668.0 531458.0 187068.529 5917 6343 6182.307 0 71 1000 6.955 [] 168273.0 12 25 0 0 0 6.29 1.498 1.0 -1
95290 133616 50388 1307 1492 110 61550.0 533044.0 248269.037 5958 6387 6225.278 1 71 1000 6.955 [] 179884.0 9 25 0 0 0 5.821 1.445 1.0 -1
95462 130774 50425 1307 1496 110 70695.0 534311.0 241602.267 5998 6436 6239.108 0 68 1000 6.955 [] 190579.0 28 25 0 0 0 4.731 1.143 1.0 -1
95272 130556 50197 1307 1506 110 81018.0 540484.0 293492.533 5951 6447 6272.652 0 68 1000 6.955 [] 202316.0 8 25 0 0 0 5.787 0.987 1.0 -1
95341 130619 50061 1307 1513 110 81424.0 543332.0 311392.455 6048 6483 6320.374 1 69 1000 6.955 [] 214185.0 23 25 0 0 0 4.626 0.771 1.0 -1
94874 132710 49581 1307 1517 110 82050.0 547734.0 321156.982 6089 6522 6398.427 1 68 1000 6.955 [] 220350.0 8 25 0 0 0 5.861 1.616 1.0 -1
95344 132904 49738 1307 1523 110 95110.0 552290.0 268905.2 6173 6604 6447.473 1 70 1000 6.955 [] 229542.0 14 25 0 0 0 6.118 1.438 1.0 -1
95398 132468 49426 1307 1523 110 83644.0 558936.0 323014.164 6217 6650 6495.381 0 67 1000 6.955 [] 240401.0 10 25 0 0 0 5.045 1.232 1.0 -1
95621 129749 49391 1307 1525 110 84200.0 562845.0 331373.762 6270 6687 6509.642 0 67 1000 6.955 [] 247573.0 9 25 0 0 0 5.248 0.903 1.0 -1
96091 129820 49373 1307 1528 110 84417.0 564374.0 318306.53 6288 6757 6558.16 0 67 1000 6.955 [] 253396.0 9 25 0 0 0 4.842 1.023 1.0 -1
95999 129064 49140 1307 1530 110 97410.0 567593.0 315876.483 6334 6755 6606.031 0 65 1000 6.955 [] 258585.0 9 25 0 0 0 5.765 0.976 1.0 -1
96069 131569 48883 1307 1538 110 112608.0 571842.0 362223.827 6368 6810 6689.091 2 66 1000 6.955 [] 265097.0 10 25 0 0 0 4.082 0.913 1.0 -1
96219 131444 48806 1307 1545 110 173676.0 570345.0 442285.273 6465 6931 6738.546 0 66 1000 6.955 [] 270257.0 7 25 0 0 0 1.613 0.16 1.0 -1
96110 131111 48747 1307 1548 110 151747.0 577361.0 431225.821 6500 6955 6786.212 0 65 1000 6.955 [] 275675.0 5 25 0 0 0 2.457 0.37 1.0 -1
96226 130478 48818 1307 1555 110 152746.0 581718.0 413308.741 6497 7001 6834.127 1 66 1000 6.955 [] 285771.0 5 25 0 0 0 3.647 0.788 1.0 -1
96399 130388 48834 1307 1562 110 133908.0 587510.0 379523.878 6596 7022 6882.345 0 64 1000 6.955 [] 296607.0 8 25 0 0 0 4.517 1.363 1.0 -1
96303 127430 48833 1307 1563 110 155060.0 589842.0 438968.495 6661 7093 6896.844 0 64 1000 6.955 [] 306692.0 6 25 0 0 0 2.899 0.614 1.0 -1
96508 127213 48875 1307 1569 110 52351.0 592066.0 261279.172 6608 7112 6935.142 1 65 1000 6.955 [] 314813.0 167982 25 144 22 7.509 20.525 17.659 1.0 -1
96726 129530 48783 1307 1573 110 52607.0 598276.0 246478.805 6704 7149 7019.158 2 65 1000 6.955 [] 320307.0 264814 25 227 26 4.397 20.525 17.251 1.0 -1
97117 129407 48810 1307 1580 110 158194.0 605660.0 418242.106 6786 7237 7070.176 1 66 1000 6.955 [] 330471.0 6 25 0 0 0 4.83 1.116 1.0 -1
97237 129514 48619 1307 1586 110 138495.0 607002.0 384592.219 6844 7283 7121.514 0 64 1000 6.955 [] 340960.0 6 25 0 0 0 4.528 1.297 1.0 -1
97641 126775 48733 1307 1590 110 121171.0 612897.0 361640.796 6887 7337 7136.719 0 65 1000 6.955 [] 352104.0 10 25 0 0 0 5.203 1.288 1.0 -1
97740 126285 48724 1307 1595 110 47440.0 609862.0 260056.112 6841 7337 7169.795 0 65 1000 6.955 [] 361650.0 185569 25 125 22 4.632 25.944 21.184 1.0 -1
98113 128291 48637 1307 1602 110 106228.0 619549.0 348719.434 6948 7383 7252.655 2 66 1000 6.955 [] 372276.0 9 25 0 0 0 5.446 1.767 1.0 -1
98560 128767 48936 1307 1606 110 146296.0 627954.0 382770.106 7016 7468 7303.767 1 64 1000 6.955 [] 380423.0 10 25 0 0 0 4.548 1.493 1.0 -1
98804 128546 49092 1307 1609 110 71798.0 630276.0 287807.626 7078 7518 7351.629 1 65 1000 6.955 [] 389100.0 10 25 0 0 0.496 8.309 2.535 1.0 -1
98953 125702 48921 1307 1611 110 108808.0 635153.0 376201.62 7098 7551 7366.396 0 62 1000 6.955 [] 397333.0 9 25 0 0 0 3.894 1.246 1.0 -1
99330 128193 49026 1307 1613 110 191097.0 633676.0 463634.125 7071 7567 7441.105 2 63 1000 6.955 [] 403486.0 4 25 0 0 0 3.235 1.166 1.0 -1
99731 128308 49151 1307 1616 110 192808.0 640106.0 467446.851 7202 7643 7495.607 1 61 1000 6.955 [] 414564.0 17 25 0 0 0 4.54 0.958 1.0 -1
99567 125027 48881 1307 1620 110 73551.0 646909.0 248739.349 7266 7708 7509.869 0 62 1000 6.955 [] 425511.0 331262 25 258 26 2.725 22.547 17.883 1.0 -1
99661 125348 48695 1307 1622 110 131397.0 640828.0 442641.594 7282 7761 7565.222 0 62 1000 6.955 [] 431724.0 7 25 0 0 0 8.562 2.455 1.0 -1
99384 126957 48434 1307 1626 110 196437.0 650813.0 453620.878 7323 7781 7648.718 2 61 1000 6.955 [] 438780.0 14 25 0 0 0 4.995 1.254 1.0 -1
99704 124417 48468 1307 1631 110 133769.0 656488.0 454463.059 7408 7868 7665.014 0 62 1000 6.955 [] 448905.0 198412 25 181 36 12.892 22.547 19.703 1.0 -1
99821 126864 48313 1307 1635 110 86025.0 659502.0 306854.028 7349 7891 7737.052 1 62 1000 6.955 [] 460753.0 11 25 0 0 0.001 5.925 2.542 1.0 -1
100224 124520 48600 1307 1636 110 86792.0 665765.0 309457.887 7489 7945 7753.475 0 61 1000 6.955 [] 468217.0 9 25 0 0 0.031 6.366 2.361 1.0 -1
100475 126798 48475 1307 1643 110 201539.0 662414.0 475823.43 7518 8047 7845.052 0 62 1000 6.955 [] 476281.0 6 25 0 0 0 4.571 1.521 1.0 -1
100369 126733 48494 1307 1646 110 76740.0 677171.0 268484.675 7551 8048 7897.995 0 61 1000 6.955 [] 486779.0 229846 25 208 30 7.281 20.53 17.796 1.0 -1
100390 124234 48505 1307 1651 110 77229.0 681803.0 349787.033 7659 8122 7913.888 0 61 1000 6.955 [] 494228.0 11 25 0 0 0.002 6.421 2.729 1.0 -1
100645 124339 48613 1307 1657 110 134365.0 681595.0 434929.063 7682 8162 7968.02 0 62 1000 6.955 [] 505782.0 8 25 0 0 0 5.892 1.529 1.0 -1
100717 124235 48523 1307 1657 110 77865.0 687845.0 304188.885 7733 8193 8023.893 0 63 1000 6.955 [] 517666.0 223744 25 185 18 2.216 23.121 17.194 1.0 -1
100653 127200 48592 1307 1660 110 247041.0 690835.0 572844.762 7796 8328 8122.121 0 63 1000 6.955 [] 523440.0 4 25 0 0 0 4.923 1.651 1.0 -1
100817 124712 48641 1307 1666 110 69273.0 703471.0 283945.533 7794 8342 8137.73 1 64 1000 6.955 [] 532199.0 206807 25 140 18 3.339 25.945 18.942 1.0 -1
100930 124657 48498 1307 1670 110 69379.0 704644.0 284024.837 7871 8389 8194.402 0 60 1000 6.955 [] 538790.0 212957 25 162 23 5.419 25.676 21.963 1.0 -1
100867 123986 48384 1307 1672 110 138992.0 707437.0 415065.899 7910 8415 8247.989 1 61 1000 6.955 [] 544147.0 8 25 0 0 0.121 5.624 2.076 1.0 -1
100724 123599 48122 1307 1679 110 70271.0 714472.0 294870.691 7941 8495 8301.768 0 60 1000 6.955 [] 552055.0 170068 25 130 24 4.928 26.641 21.294 1.0 -1
100904 123752 48183 1307 1682 110 162129.0 715228.0 503755.333 8019 8561 8358.743 0 59 1000 6.955 [] 558800.0 11 25 0 0 0 4.571 1.355 1.0 -1
100610 123125 47943 1307 1686 110 54559.0 715676.0 256139.251 8059 8576 8412.764 0 60 1000 6.955 [] 570377.0 408735 25 216 27 5.92 35.793 29.509 1.0 -1
100633 122917 47924 1307 1688 110 54890.0 726342.0 211282.109 8093 8628 8465.522 1 61 1000 6.955 [] 580096.0 263922 25 151 28 6.539 37.291 31.121 1.0 -1
100206 122620 47644 1307 1691 110 55176.0 631849.0 208825.657 8179 8695 8521.515 1 61 1000 6.955 [] 588323.0 429701 25 238 32 25.044 38.245 34.026 1.0 -1
100577 125047 47753 1307 1696 110 255710.0 726784.0 512704.191 8219 8840 8621.453 0 63 1000 6.955 [] 599214.0 4 25 0 0 0 4.859 1.428 1.0 -1
100892 122314 47832 1307 1706 110 126946.0 744882.0 420187.078 8342 8831 8638.368 0 63 1000 6.955 [] 610881.0 13 25 0 0 0.022 5.683 1.953 1.0 -1
101066 124530 47872 1307 1714 110 127265.0 746815.0 425467.154 8342 8945 8732.461 0 64 1000 6.955 [] 616227.0 9 25 0 0 0.037 5.208 1.801 1.0 -1
101395 124128 47991 1307 1719 110 148014.0 752665.0 461260.496 8457 8952 8788.544 0 62 1000 6.955 [] 625265.0 5 25 0 0 0 5.535 1.534 1.0 -1
101488 121636 48056 1307 1721 110 304461.0 754562.0 585979.585 8499 9024 8805.369 0 62 1000 6.955 [] 636471.0 4 25 0 0 0 2 0.516 1.0 -1
101325 121341 48015 1307 1724 110 112726.0 763345.0 374014.86 8490 9063 8864.303 0 62 1000 6.955 [] 648022.0 8 25 0 0 0.095 5.773 2.347 1.0 -1
101397 121408 47998 1315 1729 111 57510.0 761166.0 263000.181 8565 9092 8922.63 1 62 1000 7.054 [14-7] 9280.0 380366 25 208 30 22.285 40.388 35.16 1.0 -1
101493 123944 47799 1315 1733 111 75557.0 766235.0 298797.15 8650 9144 9023.512 2 61 1000 7.054 [] 15793.0 0 25 0 0 0 0 0 0.0 -1
101510 121514 47774 1315 1734 111 115378.0 774788.0 341764.908 8736 9232 9039.412 0 62 1000 7.054 [] 24499.0 0 25 0 0 0 0 0 0.0 -1
101416 121350 47591 1315 1736 111 180824.0 773506.0 591386.539 8709 9273 9068.47 0 61 1000 7.054 [] 34305.0 1 25 0 0 0 0 0 0.0 -1
101243 120514 47284 1315 1738 111 272526.0 776619.0 562127.322 8673 9291 9108.052 0 60 1000 7.054 [] 44716.0 0 25 0 0 0 0 0 0.0 -1
101622 120669 47446 1315 1744 111 272984.0 779818.0 562417.723 8759 9343 9163.673 0 61 1000 7.054 [] 52559.0 0 25 0 0 0 0 0 0.0 -1
101450 120418 47342 1315 1745 111 117104.0 786917.0 378602.62 8880 9379 9219.631 1 59 1000 7.054 [] 59673.0 0 25 0 0 0 0 0 0.0 -1
100843 119508 47025 1315 1751 111 179895.0 796299.0 495534.906 8915 9441 9272.953 1 60 1000 7.054 [] 65955.0 0 25 0 0 0 0 0 0.0 -1
100871 119257 46858 1315 1752 111 136323.0 796454.0 444770.665 8993 9552 9331.405 0 59 1000 7.054 [] 74601.0 0 25 0 0 0 0 0 0.0 -1
100690 121669 46645 1315 1752 111 137142.0 801463.0 447564.641 9048 9646 9433.038 0 60 1000 7.054 [] 81702.0 1 25 0 0 0 0 0 0.0 -1
100590 118570 46705 1315 1755 111 91234.0 814686.0 310318.467 9138 9661 9448.904 0 61 1000 7.054 [] 87252.0 0 25 0 0 0 0 0 0.0 -1
100993 121128 46710 1315 1758 111 91409.0 816339.0 349619.96 9112 9699 9525.35 1 59 1000 7.054 [] 95815.0 18 25 0 0 0 0.568 0.144 1.0 -1
101168 120894 46763 1315 1762 111 80279.0 821489.0 323108.069 9264 9795 9585.018 0 57 1000 7.054 [] 104198.0 5 25 0 0 0 0.861 0.11 1.0 -1
101316 120054 46650 1315 1763 111 215690.0 826279.0 566984.17 9310 9826 9642.081 1 58 1000 7.054 [] 114987.0 0 25 0 0 0 0 0 0.0 -1
101290 117658 46646 1315 1765 111 217093.0 831882.0 570693.394 9356 9892 9659.478 0 55 1000 7.054 [] 122188.0 0 25 0 0 0 0 0 0.0 -1
101311 117326 46529 1315 1767 111 167228.0 828839.0 517735.182 9262 9884 9687.001 0 58 1000 7.054 [] 133518.0 0 25 0 0 0 0 0 0.0 -1
101368 117760 46459 1315 1772 111 218118.0 833236.0 598463.519 9357 9923 9740.429 1 57 1000 7.054 [] 143751.0 0 25 0 0 0 0 0 0.0 -1
101266 120452 46257 1315 1778 111 146282.0 837572.0 478494.54 9473 10061 9848.965 0 56 1000 7.054 [] 150309.0 11 25 0 0 0.61 1.909 1.167 1.0 -1
101198 117670 46194 1315 1783 111 72330.0 840046.0 274455.127 9567 10089 9865.96 0 55 1000 7.054 [] 160325.0 10 25 0 0 0 1.011 0.319 1.0 -1
100992 117370 45959 1315 1788 111 125793.0 847991.0 435291.638 9567 10139 9926.782 0 56 1000 7.054 [] 170300.0 4 25 0 0 0 1.136 0.209 1.0 -1
101020 119943 45927 1315 1795 111 257768.0 853135.0 591043.135 9652 10147 10031.055 2 59 1000 7.054 [] 181443.0 0 25 0 0 0 0 0 0.0 -1
101278 119634 45856 1315 1800 111 195618.0 863011.0 526897.259 9748 10265 10091.498 1 55 1000 7.054 [] 187080.0 0 25 0 0 0 0 0 0.0 -1
101454 117169 45878 1315 1807 111 73953.0 869522.0 276271.628 9796 10331 10108.787 0 55 1000 7.054 [] 196116.0 6 25 0 0 0 1.856 0.513 1.0 -1
101762 120087 46082 1315 1810 111 56678.0 867003.0 285942.139 9741 10330 10178.883 1 56 1000 7.054 [] 206522.0 6 25 0 0 0 2.35 0.916 1.0 -1
101910 119892 46114 1315 1811 111 112674.0 877124.0 420809.441 9893 10406 10238.434 1 55 1000 7.054 [] 213944.0 2 25 0 0 0 1.601 0.386 1.0 -1
101670 119678 46009 1315 1813 111 130379.0 880226.0 438482.084 9941 10487 10301.382 1 55 1000 7.054 [] 221834.0 3 25 0 0 0 1.361 0.373 1.0 -1
101822 119391 45980 1315 1814 111 150992.0 883154.0 455147.503 10023 10579 10363.395 0 56 1000 7.054 [] 230997.0 4 25 0 0 0 1.047 0.154 1.0 -1
101801 119083 45815 1315 1819 111 175107.0 893740.0 538004.22 10064 10640 10423.49 0 55 1000 7.054 [] 241566.0 2 25 0 0 0 0.904 0.143 1.0 -1
102169 116081 45620 1315 1825 111 115270.0 898317.0 410847.548 10142 10666 10441.694 1 56 1000 7.054 [] 252973.0 3 25 0 0 0 1.31 0.421 1.0 -1
102308 116046 45718 1315 1829 111 115446.0 899756.0 410864.713 10022 10674 10465.602 0 55 1000 7.054 [] 260401.0 4 25 0 0 0 1.959 0.174 1.0 -1
102550 116011 45728 1315 1830 111 133189.0 899972.0 401411.496 10090 10698 10499.12 0 54 1000 7.054 [] 269075.0 3 25 0 0 0 1.399 0.144 1.0 -1
102582 116020 45540 1315 1833 111 133572.0 902667.0 417443.469 10109 10741 10545.717 0 55 1000 7.054 [] 277402.0 2 25 0 0 0 1.731 0.316 1.0 -1
102674 115872 45498 1315 1834 111 237246.0 905215.0 636660.072 10237 10780 10607.927 1 56 1000 7.054 [] 289388.0 6 25 0 0 0 0.621 0.051 1.0 -1
103084 115854 45391 1315 1838 111 238617.0 912145.0 619079.104 10331 10853 10672.957 1 57 1000 7.054 [] 300185.0 5 25 0 0 0 0.302 0.073 1.0 -1
102943 115786 45453 1315 1841 111 156436.0 916086.0 464017.103 10386 10904 10738.962 1 57 1000 7.054 [] 311637.0 2 25 0 0 0 0.899 0.118 1.0 -1
102900 115558 45312 1315 1846 111 241739.0 922547.0 614874.004 10481 10980 10798.484 1 58 1000 7.054 [] 321062.0 4 25 0 0 0 0.57 0.086 1.0 -1
102842 118064 45360 1315 1849 111 182343.0 931417.0 564468.922 10494 11132 10909.546 0 55 1000 7.054 [] 331346.0 2 25 0 0 0 1.196 0.237 1.0 -1
103072 118166 45394 1315 1850 111 104720.0 942631.0 390264.212 10634 11156 10972.876 1 56 1000 7.054 [] 342804.0 12 25 0 0 0 2.145 0.549 1.0 -1
103315 118226 45352 1315 1852 111 105302.0 948160.0 381473.441 10676 11274 11040.239 0 55 1000 7.054 [] 351071.0 3 25 0 0 0 1.722 0.528 1.0 -1
103164 115279 45156 1315 1855 111 383757.0 951524.0 729260.791 10756 11279 11057.774 0 55 1000 7.054 [] 360536.0 0 25 0 0 0 0 0 0.0 -1
103053 117243 45017 1315 1860 111 186648.0 953832.0 540723.954 10663 11302 11119.762 1 54 1000 7.054 [] 370292.0 3 25 0 0 0 0.764 0.186 1.0 -1
102975 116566 44859 1315 1865 111 80926.0 958441.0 309541.077 10806 11346 11183.165 1 53 1000 7.054 [] 376967.0 7 25 0 0 0 2.185 0.856 1.0 -1
102933 117013 44848 1315 1870 111 335895.0 957561.0 746294.044 10885 11410 11249.626 1 53 1000 7.054 [] 385553.0 8 25 0 0 0 0.369 0.061 1.0 -1
102880 114272 44665 1315 1874 111 189860.0 970560.0 571258.238 10937 11499 11266.648 0 52 1000 7.054 [] 392491.0 4 25 0 0 0 1.005 0.175 1.0 -1
102978 114584 44544 1315 1876 111 399360.0 968978.0 777617.566 10968 11553 11335.281 0 52 1000 7.054 [] 397910.0 0 25 0 0 0 0 0 0.0 -1
103071 114972 44589 1315 1884 111 165852.0 975215.0 511810.159 11033 11622 11402.552 0 53 1000 7.054 [] 409908.0 3 25 0 0 0 1.074 0.357 1.0 -1
103369 114459 44425 1315 1886 111 256581.0 979798.0 658579.321 11003 11654 11467.218 0 52 1000 7.054 [] 415660.0 2 25 0 0 0 0.925 0.202 1.0 -1
103892 117239 44651 1315 1889 111 257934.0 985018.0 667427.143 11168 11818 11585.86 0 55 1000 7.054 [] 426814.0 2 25 0 0 0 0.798 0.142 1.0 -1
104035 114915 44685 1315 1894 111 402934.0 990263.0 818446.588 11279 11852 11604.232 0 52 1000 7.054 [] 434206.0 8 25 0 0 0 0.299 0.067 1.0 -1
103944 114846 44646 1315 1894 111 348644.0 994016.0 750889.028 11166 11852 11623.457 0 53 1000 7.054 [] 440910.0 4 25 0 0 0 0.423 0.068 1.0 -1
103709 117257 44480 1315 1897 111 111236.0 1004451.0 398318.902 11209 11884 11699.712 1 55 1000 7.054 [] 446717.0 5 25 0 0 0 1.153 0.354 1.0 -1
103590 116839 44481 1315 1901 111 197335.0 1009482.0 570001.996 11365 11942 11764.541 1 56 1000 7.054 [] 453953.0 13 25 0 0 0 0.815 0.141 1.0 -1
103375 116556 44340 1315 1902 111 229097.0 1013055.0 566453.126 11456 12038 11829.553 0 57 1000 7.054 [] 465679.0 3 25 0 0 0 0.711 0.202 1.0 -1
103161 113684 44270 1315 1905 111 199498.0 1020742.0 521811.116 11511 12086 11846.419 0 57 1000 7.054 [] 476984.0 3 25 0 0 0 0.728 0.222 1.0 -1
103330 113985 44369 1315 1906 111 199854.0 1022598.0 557143.262 11551 12133 11915.965 0 54 1000 7.054 [] 485162.0 4 25 0 0 0 0.621 0.116 1.0 -1
103309 116137 44173 1315 1906 111 268050.0 1024040.0 683261.195 11476 12164 12031.186 2 53 1000 7.054 [] 493288.0 1 25 0 0 0 0.42 0.125 1.0 -1
103246 115713 44010 1315 1907 111 270635.0 1034012.0 689240.106 11724 12282 12096.13 1 52 1000 7.054 [] 499776.0 1 25 0 0 0 0.591 0.081 1.0 -1
103550 115679 44190 1315 1913 111 272043.0 1039442.0 680233.768 11782 12355 12164.214 1 52 1000 7.054 [] 508908.0 2 25 0 0 0 0.429 0.097 1.0 -1
103455 112833 43995 1315 1915 111 273618.0 1045517.0 712046.131 11840 12419 12181.862 0 53 1000 7.054 [] 519026.0 1 25 0 0 0 0.466 0.123 1.0 -1
103735 114973 43891 1315 1919 111 205476.0 1051870.0 626668.722 11890 12523 12297.912 0 50 1000 7.054 [] 529697.0 4 25 0 0 0 0.507 0.13 1.0 -1
104199 114998 43905 1315 1924 111 319621.0 1054461.0 706822.3 12004 12562 12366.556 1 51 1000 7.054 [] 538403.0 1 25 0 0 0 0.287 0.068 1.0 -1
104406 114521 43714 1315 1925 111 180602.0 1062284.0 519229.652 12055 12624 12436.177 1 50 1000 7.054 [] 549458.0 3 25 0 0 0 0.366 0.099 1.0 -1
104682 113823 43543 1315 1928 111 209597.0 1073327.0 585697.627 12124 12674 12503.995 1 51 1000 7.054 [] 557564.0 4 25 0 0 0 0.363 0.096 1.0 -1
105006 113749 43571 1315 1932 111 503443.0 1078445.0 855140.13 12201 12784 12571.22 0 51 1000 7.054 [] 564571.0 5 25 0 0 0 0.148 0.051 1.0 -1
105348 111338 43606 1315 1936 111 138025.0 1084146.0 427674.687 12283 12824 12590.895 0 51 1000 7.054 [] 574696.0 4 25 0 0 0 0.271 0.089 1.0 -1
105177 113594 43393 1315 1938 111 245024.0 1086106.0 632069.241 12156 12861 12659.976 1 52 1000 7.054 [] 582837.0 4 25 0 0 0 0.171 0.063 1.0 -1
105512 110675 43359 1315 1942 111 120710.0 1094340.0 375189.171 12242 12923 12677.989 0 52 1000 7.054 [] 590331.0 3 25 0 0 0.001 0.236 0.114 1.0 -1
105027 110558 43243 1315 1947 111 246734.0 1092098.0 647320.173 12242 12963 12688.12 0 51 1000 7.054 [] 598849.0 4 25 0 0 0 0.09 0.026 1.0 -1
104894 110747 43231 1315 1951 111 60861.0 1092176.0 260456.947 12262 12937 12701.715 0 52 1000 7.054 [] 604343.0 5 25 0 0 0.016 0.125 0.071 1.0 -1
