11 0 0 0 4 0 7012.0 50240.0 18149.808 500 506 506.667 3 3 1 0 [] 0
12 0 0 0 6 0 7025.0 50734.0 18267.735 506 508 507 0 4 1 0 [] 16973
13 0 0 0 13 0 7191.0 50784.0 19252.957 500 508 505.286 0 4 1 0 [] 27359
15 0 0 0 14 0 7191.0 49594.0 19199.435 500 508 503.111 0 4 1 0 [] 38959
17 8 10 0 17 1 7184.0 49336.0 19089.004 496 507 501.333 0 4 1 2 [16:27] 856
17 10 12 0 18 1 7181.0 49250.0 19039.017 495 507 497.667 0 5 1 2 [] 7155
20 14 16 0 19 1 7170.0 48848.0 18943.328 493 501 497 0 6 2 2 [] 13782
23 16 20 0 22 1 7168.0 48777.0 18893.942 490 502 494 0 7 2 2 [] 22518
25 16 22 0 22 1 7158.0 48404.0 18822.449 488 504 493.111 0 8 2 2 [] 30670
28 31 31 2 23 2 7156.0 48332.0 18785.492 485 505 490.222 0 8 2 2.5 [36:33] 1762
30 36 34 2 23 2 7146.0 47973.0 18716.929 485 505 489.444 0 8 2 2.5 [] 13618
32 36 34 2 24 2 7144.0 47902.0 18687.475 480 501 486.556 0 9 2 2.5 [] 22823
35 41 39 2 25 2 7135.0 47543.0 18609.617 480 501 485.222 0 10 2 2.5 [] 29792
38 40 42 2 27 2 7133.0 47471.0 18559.684 475 497 482.222 0 9 2 2.5 [] 40396
36 39 44 2 28 2 7124.0 47141.0 18480.897 475 496 481.2 0 9 2 2.5 [] 47740
35 35 42 2 28 2 7125.0 47191.0 18453.428 470 493 478.2 0 8 2 2.5 [] 58424
37 37 47 2 31 2 7117.0 46883.0 18357.815 470 491 477 0 9 2 2.5 [] 63939
37 36 48 2 33 2 7113.0 46760.0 18312.343 465 489 473.7 0 8 2 2.5 [] 70719
40 38 50 2 35 2 7106.0 46477.0 18220.033 465 488 472.6 0 8 2 2.5 [] 78018
44 44 56 2 37 2 7102.0 46354.0 18174.94 460 485 470 0 9 2 2.5 [] 83382
47 46 59 2 38 2 7094.0 46047.0 18107.609 460 485 468.4 0 10 2 2.5 [] 90053
49 50 63 2 38 2 7090.0 45924.0 18072.336 455 482 465.8 0 10 2 2.5 [] 96962
51 82 79 11 39 4 7083.0 45641.0 17992.213 455 482 464.3 0 10 2 3 [30:16-34:20] 35195
55 88 86 11 42 4 7079.0 45518.0 17931.478 450 479 462.5 0 11 3 3 [] 40428
58 92 90 11 42 4 7072.0 45248.0 17891.027 450 481 461.4 0 12 3 3 [] 52198
62 95 98 11 42 4 7069.0 45149.0 17866.801 445 480 459.182 0 11 3 3 [] 57712
62 96 97 13 42 5 7067.0 45054.0 17808.44 445 476 457.667 0 12 3 3 [34:36] 32735
63 91 100 13 43 5 7064.0 44947.0 18292.86 440 477 455.75 0 10 3 3 [] 38137
70 109 111 13 45 5 7058.0 44904.0 18242.446 441 476 454.538 0 11 3 3 [] 46614
67 104 105 13 45 5 7058.0 43211.0 17701.506 437 475 453.538 0 12 3 3 [] 53143
68 108 102 15 45 6 7055.0 43168.0 17677.532 436 474 450.846 0 12 3 3.833 [12:17] 38810
74 109 111 15 45 6 7049.0 43040.0 17623.209 434 471 450.5 0 12 3 3.833 [] 45273
79 119 118 15 46 6 7049.0 43019.0 17598.972 433 471 448.071 0 13 3 3.833 [] 54643
78 113 112 15 47 6 7045.0 42785.0 17538.447 430 468 446.214 0 13 3 3.833 [] 62236
79 112 110 15 47 6 7039.0 42700.0 17495.866 428 465 442.75 0 11 3 3.833 [] 67428
81 111 108 27 47 8 7036.0 43297.0 17876.27 427 462 440.812 0 11 3 4.75 [35:41-31:23] 32451
86 111 115 32 49 9 7028.0 43297.0 17837.025 425 462 438.562 0 11 3 6.667 [19:3] 31698
83 109 111 33 50 10 7025.0 42866.0 17762.868 424 458 436.312 0 10 3 7.5 [14:10] 30056
84 111 113 33 51 10 7018.0 42866.0 17716.243 420 457 434.375 0 11 3 7.5 [] 42008
88 115 118 33 51 10 7015.0 42436.0 17656.907 420 454 431.938 0 10 3 7.5 [] 49238
96 130 130 33 51 10 7009.0 42436.0 17610.856 415 453 430.5 0 12 4 7.5 [] 57753
100 136 132 33 51 10 7007.0 42006.0 17562.302 415 452 428.438 0 11 4 7.5 [] 64096
100 131 128 38 52 12 7001.0 42006.0 17512.76 410 451 426.125 0 12 4 7.333 [26:21-39:13] 29142
109 140 136 38 53 12 6996.0 41659.0 17441.583 410 449 424.438 0 12 4 7.333 [] 38630
110 138 134 45 53 13 6991.0 41595.0 17412.874 405 449 421.75 0 13 4 7.538 [11:15] 25343
116 146 144 45 53 13 6987.0 41383.0 17335.707 405 445 420.562 0 12 4 7.538 [] 34155
122 149 154 45 53 13 6983.0 41340.0 17317.199 400 445 418.125 0 11 4 7.538 [] 40333
126 161 158 47 53 14 6978.0 41213.0 17248.113 400 441 417.062 0 12 5 7.571 [13:17] 28328
129 165 164 49 54 14 6975.0 41128.0 17220.925 396 441 415.5 0 14 5 7.571 [] 40027
129 165 162 51 54 15 6974.0 41021.0 17165.552 396 439 413.312 0 12 5 7.467 [34:22] 28458
130 170 167 51 54 15 6966.0 40958.0 17132.343 392 439 411.625 0 11 5 7.467 [] 39070
136 187 177 51 54 15 6964.0 40830.0 17077.691 392 438 409.353 0 13 5 7.467 [] 45559
147 194 188 55 55 16 6958.0 40788.0 17052.998 388 437 408.056 0 13 5 7.375 [39:14] 32437
148 190 175 57 55 16 7083.0 40788.0 17495.486 388 437 405.389 0 14 5 7.375 [] 43372
159 200 185 57 55 16 7080.0 40532.0 17451.812 384 434 403.778 0 14 5 7.375 [] 51987
167 203 196 57 56 16 7071.0 40532.0 17384.048 384 434 402.333 0 13 6 7.375 [] 63573
172 201 195 73 57 18 7069.0 40256.0 17332.12 380 429 399.889 0 13 6 7.333 [31:40-34:23] 32328
182 211 212 75 58 18 7060.0 40299.0 17268.872 380 429 398.944 0 14 6 7.333 [] 37663
182 209 216 75 58 18 7057.0 40150.0 17239.664 376 426 396.611 0 14 6 7.333 [] 42858
193 216 225 81 60 19 7048.0 40022.0 17152.018 376 426 395.278 0 15 6 7.421 [35:42] 30658
202 239 241 83 61 19 7046.0 39937.0 17122.135 372 423 394.737 0 15 7 7.421 [] 41936
200 237 234 93 61 20 7037.0 38689.0 17279.067 372 423 393.684 0 16 7 7.35 [35:22] 26122
205 236 235 97 62 20 7035.0 38620.0 17250.687 368 421 391.368 0 15 7 7.35 [] 31884
210 251 244 97 62 20 7026.0 38345.0 17177.149 368 420 390.684 0 17 7 7.35 [] 43132
214 263 258 97 63 20 7024.0 38276.0 17152.133 364 419 388.579 0 17 7 7.35 [] 49745
226 312 268 100 63 21 7016.0 38035.0 17081.086 364 419 387.95 0 17 7 7.19 [37:34] 27843
227 304 264 102 63 21 7028.0 38391.0 17138.538 360 415 386.45 0 17 7 7.19 [] 37157
236 309 268 107 63 22 7021.0 38176.0 17084.612 360 415 384.6 0 17 8 7.182 [28:23] 26250
241 313 271 111 65 23 7017.0 38047.0 17031.791 356 411 382.8 0 17 8 7.391 [34:45] 22996
253 335 282 120 68 24 7010.0 37817.0 16952.212 356 412 381.4 0 17 8 7.833 [20:7] 16322
267 344 307 120 70 24 7006.0 37702.0 16900.661 352 412 379.35 0 17 8 7.833 [] 28302
273 379 323 120 70 24 7000.0 37516.0 16850.589 352 408 378 0 19 9 7.833 [] 36224
283 394 328 120 71 24 6996.0 37401.0 16809.198 348 408 376.25 0 19 9 7.833 [] 42090
290 516 338 122 71 25 6989.0 37171.0 16746.382 348 405 375.65 0 20 9 7.64 [17:28] 16871
295 515 342 124 71 25 6985.0 37057.0 16720.348 344 406 373.55 0 21 9 7.64 [] 24832
306 554 343 124 72 25 6979.0 36856.0 16657.563 344 405 372.81 0 21 10 7.64 [] 31766
318 574 364 124 72 25 6984.0 37022.0 16679.505 345 404 371.81 0 21 10 7.64 [] 36902
330 618 380 124 74 25 6980.0 36899.0 16636.535 341 404 369.952 0 21 10 7.64 [] 47620
327 614 353 133 74 26 6974.0 36702.0 16583.828 341 401 368.333 0 22 10 7.808 [10:13] 34310
342 627 367 136 74 27 6969.0 36555.0 16544.801 337 399 366.476 0 21 11 8.037 [37:47] 34841
343 598 362 136 74 27 6964.0 36382.0 16496.428 338 397 364.667 0 24 11 8.037 [] 41860
342 600 368 143 74 28 6960.0 36260.0 16454.312 335 396 362.095 0 22 11 8 [32:23] 28494
353 608 376 145 74 28 6953.0 36051.0 16392.444 334 390 360.619 0 24 11 8 [] 33678
368 636 400 145 74 28 6949.0 35903.0 16352.439 331 391 359.286 0 23 11 8 [] 42421
381 648 421 154 74 29 6943.0 35706.0 16303.558 330 391 357.619 0 24 12 7.966 [34:26] 30903
397 684 438 154 74 29 6939.0 35583.0 16265.932 327 389 356.19 0 25 12 7.966 [] 41213
413 701 458 154 74 29 6932.0 35387.0 16219.221 326 387 355.667 0 26 13 7.966 [] 47867
422 691 470 154 74 29 6930.0 35313.0 16201.553 327 386 354.273 0 26 13 7.966 [] 55251
434 699 478 160 74 31 6932.0 35360.0 16199.502 323 384 353.045 0 25 13 7.903 [26:33-34:40] 22558
438 688 486 162 74 31 6929.0 35264.0 16168.414 324 384 351 0 25 13 7.903 [] 27932
448 709 494 162 74 31 6922.0 35059.0 16113.535 321 381 349.545 0 24 14 7.903 [] 38579
462 747 498 162 74 31 6919.0 34952.0 16079.059 320 380 348.773 0 24 14 7.903 [] 47639
477 758 516 162 74 31 6914.0 34801.0 16047.001 322 380 348.087 0 25 14 7.903 [] 54167
495 795 531 162 76 31 6918.0 34938.0 16337.654 318 380 346.13 0 26 15 7.903 [] 63454
500 791 533 162 77 31 6911.0 34718.0 16265.155 319 379 344.826 0 25 15 7.903 [] 70730
514 803 542 162 77 31 6908.0 34623.0 16236.375 315 377 341.333 0 26 16 7.903 [] 79440
519 803 543 162 78 31 6900.0 34374.0 16476.602 315 377 340.333 0 27 16 7.903 [] 85583
546 829 570 162 78 31 6898.0 34317.0 16464.416 312 374 338.75 0 26 16 7.903 [] 94392
570 878 600 162 79 31 6892.0 34126.0 16382.068 312 374 337.125 0 29 17 7.903 [] 100214
596 895 618 162 79 31 6888.0 33982.0 16351.913 308 371 336.208 0 28 18 7.903 [] 106794
607 948 624 162 79 31 6883.0 33829.0 16283.324 308 371 334.875 0 28 18 7.903 [] 117325
623 944 642 162 80 31 6879.0 33724.0 16251.806 305 370 333.375 0 30 19 7.903 [] 124508
644 963 650 193 81 36 6874.0 33611.0 16165.197 305 368 332.083 0 30 19 8 [34:10-10:21-38:13-35:11-18:46] 20044
666 981 674 201 81 36 6871.0 33533.0 16143.194 303 368 330.708 0 33 19 8 [] 28352
678 1033 685 205 82 37 6867.0 33434.0 16073.524 303 365 329.333 0 31 20 8.054 [34:43] 18274
703 1070 725 212 83 38 6862.0 33320.0 16038.085 299 365 328.8 0 32 21 8.342 [13:6] 15707
725 1105 746 212 83 38 6863.0 33342.0 15764.118 299 365 327.154 0 33 21 8.342 [] 27026
725 1121 733 212 84 38 6861.0 33298.0 16062.186 296 364 325.731 0 33 21 8.342 [] 38976
754 1199 769 212 85 38 6854.0 33138.0 15996.508 296 362 325.154 0 33 22 8.342 [] 48331
765 1219 780 212 85 38 6853.0 33106.0 15969.644 293 362 323.538 0 34 23 8.342 [] 56452
787 1238 792 212 85 38 6848.0 32991.0 15923.651 293 362 322.815 0 34 23 8.342 [] 66014
811 1264 802 212 85 38 6850.0 33036.0 15918.158 290 361 321.852 0 36 24 8.342 [] 72368
827 1277 813 212 86 38 6846.0 32960.0 15877.858 290 358 320.815 0 35 24 8.342 [] 81851
859 1334 857 212 86 38 6843.0 32891.0 15840.056 287 357 319.63 0 38 24 8.342 [] 93807
888 1395 881 212 86 38 6839.0 32798.0 15800.353 287 358 319.714 0 39 27 8.342 [] 103538
910 1453 913 212 87 38 6840.0 35548.0 16196.349 284 358 320.036 0 40 26 8.342 [] 113936
931 1480 938 212 87 38 6841.0 35473.0 16182.832 284 359 318.655 0 39 27 8.342 [] 120177
972 1568 992 239 91 43 6837.0 35331.0 16095.768 281 358 318.31 0 41 28 8.233 [32:27-32:22-14:29-48:10-34:27] 8173
1003 1663 1017 245 92 43 6837.0 35276.0 16077.593 281 358 318 0 43 29 8.233 [] 18129
1041 1747 1058 245 92 43 6836.0 35091.0 16027.878 278 357 317.724 0 43 30 8.233 [] 27873
1063 1771 1086 245 93 43 6835.0 35035.0 16004.021 278 357 318.267 0 45 31 8.233 [] 36594
1085 1803 1125 245 93 43 6834.0 32676.0 15501.474 275 358 317.567 0 45 32 8.233 [] 41740
1099 1864 1155 245 96 43 6834.0 32665.0 15467.91 275 358 316.633 0 43 32 8.233 [] 48093
1106 1877 1173 245 96 43 6831.0 32612.0 15433.77 272 358 315.867 0 43 32 8.233 [] 55242
1116 1936 1197 245 98 43 6828.0 32531.0 15399.841 272 357 315.133 0 43 32 8.233 [] 60243
1145 2013 1245 245 98 43 6827.0 32508.0 15370.218 269 356 315.367 0 44 34 8.233 [] 71805
1163 2068 1255 256 98 46 6828.0 32537.0 15364.609 272 357 315.452 0 45 34 8.022 [31:27-15:29-13:20] 13997
1196 2137 1295 260 99 46 6770.0 31276.0 15116.697 269 357 314.375 0 46 34 8.022 [] 23273
1216 2196 1314 260 99 46 6769.0 34431.0 15534.195 272 355 313.469 0 47 35 8.022 [] 33577
1257 2246 1360 260 99 46 6767.0 34283.0 15491.689 268 354 312.844 0 47 36 8.022 [] 44507
1288 2303 1385 260 100 46 6766.0 34224.0 15467.047 269 353 311.788 0 49 37 8.022 [] 55684
1328 2343 1447 260 102 46 6763.0 34424.0 15484.63 270 352 311.333 0 48 38 8.022 [] 60967
1363 2409 1500 260 103 46 6762.0 34362.0 15459.717 267 353 309.879 0 49 40 8.022 [] 67453
1401 2474 1555 260 104 46 6758.0 34226.0 15407.891 269 352 309.152 0 50 41 8.022 [] 75424
1422 2562 1580 260 104 46 6758.0 34165.0 15391.347 266 349 309.03 0 50 41 8.022 [] 87327
1445 2592 1597 260 106 46 6756.0 34066.0 15350.645 268 349 308.941 0 51 42 8.022 [] 94105
1496 2829 1667 279 107 50 6817.0 34041.0 15538.372 269 352 309.706 0 51 43 7.94 [15:32-25:20-17:29-12:34] 17353
1535 2862 1712 283 107 50 6821.0 33992.0 15540.493 270 352 309.861 0 55 43 7.94 [] 26894
1579 2953 1746 283 107 51 6823.0 31927.0 14960.564 267 351 309.667 0 54 45 7.882 [34:38] 9730
1616 2937 1787 283 107 51 6823.0 31927.0 14958.038 269 352 308.081 0 54 46 7.882 [] 21315
1661 3023 1838 292 108 52 6891.0 31108.0 15157.074 266 351 307.316 0 58 48 7.865 [33:23] 11398
1693 3121 1902 307 109 53 6819.0 31808.0 14894.991 269 349 306.763 0 58 50 8.17 [10:1] 3919
1715 3148 1943 307 110 53 6816.0 31710.0 14870.741 265 350 305.737 0 57 49 8.17 [] 13416
1741 3195 1974 307 112 53 6813.0 31636.0 14841.538 265 350 305 0 60 50 8.17 [] 21484
1792 3307 2032 307 112 53 6811.0 31569.0 14823.196 265 349 304.658 0 61 51 8.17 [] 27715
1815 3387 2066 307 112 53 6809.0 31513.0 14812.773 262 346 304.921 0 62 53 8.17 [] 34927
1853 3477 2101 307 113 53 6810.0 31538.0 14814.493 266 351 304.8 0 61 53 8.17 [] 46071
1882 3499 2161 307 113 53 6890.0 31096.0 15301.391 263 350 303.825 0 62 53 8.17 [] 54865
1908 3535 2138 307 114 53 6887.0 31018.0 15265.95 262 350 303.475 0 59 56 8.17 [] 62632
1951 3569 2194 307 116 53 6884.0 30968.0 15236.837 263 349 303.268 0 60 57 8.17 [] 71575
1982 3671 2243 307 116 53 6810.0 31534.0 14961.787 264 347 302.429 0 59 57 8.17 [] 81676
2014 3770 2279 328 116 57 6809.0 33824.0 15343.652 261 346 302.143 0 60 59 8 [14:18-31:41-30:19-38:17] 2730
2068 3873 2353 332 118 57 6807.0 33816.0 15323.984 265 345 302.476 0 60 59 8 [] 11128
2125 4002 2417 332 119 57 6808.0 33787.0 15317.02 261 348 302.548 0 60 61 8 [] 20721
2193 4067 2479 332 121 57 6808.0 33765.0 15299.284 265 348 302.333 0 61 63 8 [] 28367
2241 4096 2533 332 122 57 6809.0 33728.0 15288.474 266 349 303.023 0 63 65 8 [] 36027
2309 4194 2603 332 123 57 6810.0 30677.0 14911.234 267 347 303.545 0 62 66 8 [] 47716
2352 4330 2665 332 123 57 6813.0 32185.0 15107.751 263 349 304.045 0 63 67 8 [] 59677
2402 4362 2718 332 124 57 6814.0 32197.0 15105.498 264 351 303.568 0 64 69 8 [] 65530
2476 4486 2787 332 125 57 6813.0 32185.0 15099.153 265 351 303.711 0 64 71 8 [] 75205
2520 4648 2842 349 128 60 6815.0 37471.0 15703.815 265 352 304.848 0 69 74 7.9 [34:9-11:20-36:27] 20748
2592 4774 2927 353 128 60 6816.0 30840.0 14925.39 266 349 305.043 0 69 73 7.9 [] 31673
2656 4916 2969 353 128 60 6816.0 32261.0 15102.243 266 353 306.021 0 70 76 7.9 [] 38952
2728 5122 3013 357 129 61 6819.0 32332.0 15116.234 266 355 306.396 0 71 79 7.852 [15:30] 24792
2781 5125 3035 363 129 62 6821.0 32371.0 15132.748 271 355 305.49 0 71 79 7.984 [12:9] 21807
2852 5250 3123 363 130 62 6820.0 32352.0 14940.81 268 354 305.135 0 71 81 7.984 [] 27180
2916 5343 3196 363 132 62 6821.0 36955.0 15872.97 269 356 305.038 0 69 84 7.984 [] 36872
2972 5450 3235 363 133 62 6822.0 36955.0 15872.155 267 355 305 0 73 86 7.984 [] 47685
3030 5564 3304 363 134 62 6898.0 36697.0 16574.401 270 355 305.444 0 72 88 7.984 [] 59242
3078 5587 3345 363 134 62 6899.0 36697.0 16566.214 267 357 305.111 0 72 88 7.984 [] 69297
3149 5741 3416 369 135 64 6896.0 36439.0 16497.326 267 357 305.463 0 73 90 8.016 [14:17-43:17] 46336
3265 5850 3501 373 137 64 6897.0 36439.0 16481.401 264 357 305.815 0 74 91 8.016 [] 51346
3318 5894 3535 373 137 65 6897.0 36180.0 16423.7 264 358 305.87 0 74 96 8.015 [36:24] 37654
3431 6146 3646 373 140 65 6898.0 36180.0 16402.345 261 358 306.796 0 75 96 8.015 [] 45652
3490 6194 3721 382 141 66 6902.0 35922.0 16351.838 261 360 306.091 0 74 99 8.061 [27:25] 31016
3575 6343 3785 382 142 66 6901.0 35922.0 15964.575 258 360 306.2 0 76 100 8.061 [] 42903
3696 6545 3919 382 144 66 6901.0 35836.0 15936.277 260 360 306.375 0 76 107 8.061 [] 51947
3762 6771 3998 382 145 66 6903.0 36060.0 15988.478 258 361 306.966 0 78 106 8.061 [] 60105
3823 6832 4062 390 146 67 6910.0 36077.0 15633.322 258 361 307.627 0 78 107 8.045 [35:23] 47460
3917 6993 4149 398 149 67 6911.0 32518.0 15240.446 255 362 307.898 0 78 111 8.045 [] 56370
4010 7181 4199 398 152 67 6911.0 32554.0 15228.818 255 363 308.033 0 80 117 8.045 [] 61753
4117 7361 4322 398 154 67 6916.0 31604.0 15437.056 252 363 308.817 0 82 117 8.045 [] 73282
4191 7555 4428 398 156 67 6918.0 31645.0 15453.197 252 363 308.951 0 81 122 8.045 [] 79353
4318 7921 4575 398 158 67 6920.0 31682.0 15809.221 249 366 310.581 0 84 120 8.045 [] 85864
4430 8114 4708 398 158 67 6853.0 31764.0 15590.124 249 367 310.905 0 86 129 8.045 [] 91634
4537 8188 4846 398 158 67 6855.0 31823.0 15916.816 246 367 311.254 0 86 127 8.045 [] 100729
4671 8471 5020 398 159 67 6858.0 31823.0 15902.012 246 369 312 0 87 130 8.045 [] 106269
4803 8632 5151 398 160 67 6860.0 31891.0 15895.745 243 369 313.109 0 88 136 8.045 [] 112319
4918 8806 5264 414 162 71 6797.0 31923.0 15653.421 243 371 313.348 0 88 140 8.028 [13:16-40:36-25:21-27:12] 49197
4973 9010 5374 425 163 72 6866.0 31996.0 15916.246 240 371 314.328 0 89 141 8.056 [26:23] 42756
5089 9112 5503 425 164 72 6870.0 32032.0 15345.31 241 372 314.912 0 90 144 8.056 [] 54130
5218 9519 5672 425 164 72 6871.0 31257.0 14972.889 238 372 316.42 0 91 148 8.056 [] 60896
5402 9660 5885 425 167 72 6875.0 31364.0 14989.877 243 374 316.871 0 92 150 8.056 [] 67831
5503 9723 5962 425 167 72 6950.0 32294.0 15249.703 245 374 317.296 0 91 158 8.056 [] 75371
5653 9994 6106 438 168 74 6955.0 32400.0 15469.189 246 374 318.394 0 93 158 8.054 [12:15-10:22] 38240
5764 10310 6211 454 169 75 6958.0 32452.0 15490.291 242 376 319.296 0 94 163 8.107 [28:24] 31911
5862 10504 6281 458 171 75 6961.0 32504.0 15503.575 246 377 320.167 0 95 166 8.107 [] 39927
5983 10548 6380 458 172 75 6966.0 32606.0 15954.885 248 379 320.167 0 96 167 8.107 [] 47951
6118 10694 6504 458 174 75 6965.0 32583.0 15930.562 248 377 320.387 0 97 171 8.107 [] 58788
6223 11202 6683 458 178 75 7033.0 33961.0 16295.534 248 380 321.707 0 98 176 8.107 [] 68737
6361 11361 6847 468 178 77 7038.0 34063.0 16330.502 251 381 322.307 0 99 184 8.078 [33:26-26:14] 32787
6497 11430 7005 474 180 77 7037.0 34044.0 16314.939 252 382 322.513 0 99 181 8.078 [] 44391
6644 11915 7156 488 183 78 6974.0 34115.0 15719.108 252 381 323.975 0 105 188 8.09 [12:16] 33212
6785 12083 7335 498 185 78 6979.0 32869.0 15581.338 253 384 324.593 0 106 192 8.09 [] 43442
6904 12414 7489 498 190 78 6904.0 34342.0 15494.986 250 385 325.642 0 107 193 8.09 [] 49272
7052 12483 7661 498 192 78 6907.0 34387.0 15508.088 255 386 325.778 0 110 201 8.09 [] 57008
7243 13037 7885 498 193 78 6908.0 34431.0 15509.449 257 385 328.41 0 110 201 8.09 [] 67566
7357 13150 8015 498 193 78 6914.0 32465.0 15152.821 257 388 328.226 0 111 213 8.09 [] 73799
7514 13572 8192 504 194 80 7066.0 34629.0 15639.405 258 385 329.238 0 111 213 8.112 [36:38-33:46] 48926
7619 13991 8327 506 196 80 7067.0 34643.0 15644.59 259 389 330.012 0 112 216 8.112 [] 56356
7840 14270 8575 506 197 80 7067.0 34650.0 16076.027 256 390 330.698 0 114 222 8.112 [] 68142
8003 14588 8788 506 199 80 7073.0 34757.0 16094.479 262 393 331.483 0 116 228 8.112 [] 75491
8148 14972 8903 517 199 81 7074.0 34791.0 16331.896 263 390 333.337 0 118 233 8.123 [11:16] 68667
8307 15267 9089 525 200 81 6929.0 33491.0 15663.677 265 390 333.308 0 116 235 8.123 [] 78201
8518 16094 9374 530 202 82 7186.0 37024.0 16843.421 260 395 333.549 0 117 237 8.085 [35:38] 64712
8719 16586 9601 543 203 83 7187.0 37058.0 16849.968 265 396 335.077 0 119 247 8.193 [11:8] 56452
8941 16781 9878 554 206 84 7187.0 37041.0 16842.889 267 398 335.783 0 122 254 8.381 [15:49] 48301
9169 17140 10094 554 207 84 7190.0 37110.0 16676.29 268 396 336.221 0 121 255 8.381 [] 53758
9361 17504 10237 554 208 84 7025.0 33815.0 15992.773 269 399 336.208 0 122 260 8.381 [] 60249
9588 18166 10480 554 212 84 7202.0 37349.0 16509.954 270 398 338.292 0 125 267 8.381 [] 68396
9759 18614 10644 554 215 84 7201.0 37336.0 16525.236 272 405 339.542 0 127 283 8.381 [] 78461
9975 19032 10934 554 219 84 7202.0 37349.0 16521.914 272 406 340.771 0 127 282 8.381 [] 89420
10214 19423 11138 554 221 84 7199.0 37299.0 16523.897 274 407 341.835 0 128 290 8.381 [] 96898
10429 19745 11326 554 221 84 7135.0 36000.0 16364.445 273 408 343.155 0 127 297 8.381 [] 102640
10682 20294 11670 554 223 84 7139.0 36079.0 16384.553 276 409 343.87 0 126 302 8.381 [] 114099
10936 20383 11922 554 224 84 7144.0 36190.0 16634.293 273 411 343.594 0 129 311 8.381 [] 120116
11161 20864 12157 554 227 84 7149.0 36293.0 17492.229 279 409 345.147 0 130 318 8.381 [] 131145
11403 21507 12349 554 230 84 7064.0 34873.0 17231.701 280 411 347.728 0 130 325 8.381 [] 142342
11593 22097 12653 554 233 84 6901.0 35022.0 16677.666 281 417 348.743 0 133 336 8.381 [] 150650
11894 22274 12886 554 234 84 6903.0 35221.0 16172.555 279 413 349.425 0 133 336 8.381 [] 157612
12126 22977 13146 554 236 84 7077.0 35216.0 16705.197 279 417 350.642 0 134 338 8.381 [] 167320
12368 23039 13355 554 239 84 7081.0 35334.0 16717.265 276 418 350.374 0 136 344 8.381 [] 174190
12593 23444 13584 576 241 90 7081.0 37515.0 17423.343 278 416 351.183 0 136 356 8.578 [39:10-29:22-16:32-9:0-35:4-37:45] 54701
12923 24448 14025 584 243 90 7086.0 37515.0 17438.406 278 423 353.748 0 141 366 8.578 [] 60172
13190 25043 14356 584 245 90 7097.0 35753.0 16800.086 283 425 355.579 0 144 376 8.578 [] 68179
13525 25329 14707 584 246 90 7106.0 36006.0 16853.714 281 426 356.409 0 143 391 8.578 [] 77481
13803 25695 15039 588 248 92 7108.0 37317.0 17098.479 281 428 357.296 0 146 393 8.576 [24:18-8:22] 49487
14145 26746 15440 588 250 92 7111.0 37395.0 17116.805 278 428 359.684 0 147 392 8.576 [] 59987
14497 26959 15822 588 251 92 7119.0 37521.0 17355.557 281 430 359.328 0 147 403 8.576 [] 71327
14790 27569 16113 588 251 92 7120.0 37385.0 18182.071 281 430 361.298 0 148 427 8.576 [] 82336
15129 28294 16508 588 252 92 7126.0 36531.0 16257.481 278 432 363.049 0 152 437 8.576 [] 93236
15389 29311 16846 594 252 94 7132.0 36717.0 16995.353 278 436 366.033 0 150 444 8.521 [36:39-17:31] 43924
15716 29536 17213 600 253 95 7141.0 36944.0 17062.403 275 438 366.746 0 151 437 8.6 [20:9] 40423
16095 30666 17628 600 256 95 7361.0 34447.0 17247.149 275 440 370.472 0 153 457 8.6 [] 50038
16531 31757 18144 600 258 95 7160.0 37456.0 16685.971 278 444 373.109 0 151 467 8.6 [] 58071
16953 32675 18617 606 260 96 7269.0 35620.0 17052.359 279 445 375.742 0 154 471 8.594 [34:24] 43666
17325 33118 19049 612 265 96 7278.0 35841.0 17095.329 281 449 376.953 0 156 482 8.594 [] 50360
17699 34430 19464 612 266 96 7282.0 35932.0 17120.918 284 450 380.077 0 158 500 8.594 [] 60243
18074 34776 19867 612 268 96 7402.0 39263.0 18043.635 287 453 380.729 0 158 510 8.594 [] 66498
18540 36358 20468 620 272 97 7563.0 39360.0 18464.152 288 458 384.948 0 157 523 8.588 [35:24] 54305
18923 37159 20915 628 275 97 7578.0 39779.0 18863.661 293 462 387.394 0 158 534 8.588 [] 63940
19333 38181 21451 640 276 98 7337.0 40062.0 18273.07 296 463 390.681 0 160 550 8.602 [26:22] 53505
19814 39234 22080 646 279 98 7352.0 40359.0 18375.875 300 466 394.145 0 169 562 8.602 [] 63054
20293 39930 22712 646 280 98 7364.0 40610.0 18469.89 306 468 396.29 0 170 576 8.602 [] 71681
20716 41491 23192 655 282 99 7373.0 40786.0 18525.747 306 472 400.2 0 175 589 8.596 [35:25] 57032
21191 42461 23643 663 282 99 7387.0 40244.0 18325.081 310 475 403.326 0 177 588 8.596 [] 67404
21568 43501 24111 663 285 99 7276.0 41999.0 19180.746 314 482 407.211 0 180 609 8.596 [] 76647
22137 44755 24784 663 290 99 7415.0 44113.0 19370.561 318 487 411.952 0 183 614 8.596 [] 87450
22599 46303 25412 685 291 101 7432.0 44505.0 19499.865 324 489 417.395 0 182 638 8.554 [27:22-20:32] 31297
23083 48598 26115 693 293 101 7452.0 44878.0 19638.221 328 495 423.669 0 187 666 8.554 [] 37761
23470 49710 26591 693 295 101 7776.0 45693.0 21043.18 338 505 428.601 0 182 662 8.554 [] 44593
24022 51281 27281 697 297 102 7788.0 46091.0 20500.581 341 508 434.756 0 183 678 8.539 [36:40] 27284
24547 52922 28023 701 300 102 7261.0 41541.0 18125.523 347 517 440.371 0 187 708 8.539 [] 33903
25106 53542 28627 718 306 103 7275.0 43955.0 20266.404 353 517 444.311 0 184 697 8.563 [27:23] 29080
25631 55108 29436 728 311 103 7862.0 44559.0 20595.359 354 524 450.699 0 182 723 8.563 [] 39248
26154 57648 30142 728 315 103 7743.0 45168.0 20722.133 355 539 460.263 0 185 738 8.563 [] 50996
26837 58530 31052 728 317 103 7788.0 47049.0 22136.079 362 544 464.946 0 185 744 8.563 [] 61263
27343 60897 31732 728 325 103 7810.0 47424.0 21881.14 369 549 475.159 0 184 772 8.563 [] 70901
28012 61486 32545 728 331 103 7853.0 45235.0 20368.506 378 560 479.832 0 189 794 8.563 [] 76296
28591 63365 33431 728 336 103 8061.0 45735.0 20978.668 386 566 487.686 0 188 826 8.563 [] 84115
29215 65289 34283 728 339 103 8098.0 47886.0 22665.368 394 573 496.877 0 186 843 8.563 [] 91915
29931 67530 35125 728 345 103 7772.0 47360.0 19910.01 403 578 506.896 0 185 831 8.563 [] 98401
30543 68042 35998 728 350 103 8197.0 48260.0 22007.616 409 592 511.176 0 189 869 8.563 [] 104090
31175 69795 36684 732 352 105 8464.0 51753.0 23554.031 416 599 519.856 0 185 880 8.581 [22:16-25:19] 56010
31985 71240 37791 736 358 105 7863.0 52300.0 22118.956 423 610 527.754 0 187 887 8.581 [] 62884
32748 72802 38625 738 363 106 8094.0 50190.0 22906.919 434 618 536.112 0 190 929 8.566 [21:32] 26134
33528 75679 39596 740 368 106 7930.0 51053.0 22585.978 444 627 547.57 0 185 946 8.566 [] 35976
34350 76548 40589 747 375 107 8182.0 51963.0 22464.336 452 636 553.163 0 185 969 8.598 [21:15] 25605
35043 78307 41483 749 378 107 8442.0 52471.0 23214.646 458 644 561.98 0 187 989 8.598 [] 34448
35992 81261 42606 754 379 108 8494.0 53332.0 23510.758 468 651 574.275 0 190 997 8.657 [12:10] 22823
36821 83173 43672 756 381 108 8073.0 54395.0 22569.52 481 666 584.181 0 190 1000 8.657 [] 32874
37701 85380 44841 756 382 108 7895.0 50236.0 21718.255 490 673 594.341 0 192 1000 8.657 [] 41991
38398 85992 45774 756 385 108 8647.0 56189.0 24438.69 502 685 601.055 0 192 1000 8.657 [] 47341
39165 88104 46771 756 393 108 8684.0 56821.0 25073.213 508 692 612.259 0 194 1000 8.657 [] 58404
40109 91916 47978 764 394 110 7774.0 57795.0 23326.911 519 703 626.625 0 201 1000 8.682 [14:33-35:45] 16100
40898 92476 48941 768 400 110 8813.0 59138.0 25799.425 536 716 634.273 0 204 1000 8.682 [] 27250
41577 95207 49635 768 402 110 8567.0 59827.0 24209.502 544 728 650.862 0 206 1000 8.682 [] 34701
42317 96475 50343 768 406 110 8366.0 61229.0 26257.795 562 744 663.085 0 207 1000 8.682 [] 41017
42962 96532 51047 777 407 111 8414.0 62348.0 25970.428 574 757 670.904 0 205 1000 8.748 [11:9] 37319
43693 98022 51863 783 416 111 8443.0 63023.0 27442.573 584 770 683.558 0 199 1000 8.748 [] 43332
44197 99213 52611 783 418 111 9938.0 62011.0 29266.02 586 779 695.18 0 194 1000 8.748 [] 49191
44736 102067 53247 783 423 111 8536.0 65191.0 28841.525 586 798 712.468 0 194 1000 8.748 [] 54654
45315 101688 53960 783 431 111 10090.0 64646.0 30112.083 600 809 720.187 0 197 1000 8.748 [] 60716
45936 104460 54693 783 438 111 10121.0 67530.0 30172.97 610 813 737.094 0 192 1000 8.748 [] 70978
46613 104031 55459 789 443 112 9795.0 62469.0 29051.549 625 835 744.533 0 196 1000 8.741 [36:41] 35776
47225 105668 56158 801 449 113 9839.0 69660.0 29933.472 636 844 756.723 0 189 1000 8.841 [11:5] 28494
47882 106564 56940 801 453 113 10400.0 70782.0 33669.285 648 857 769.034 0 193 1000 8.841 [] 34399
48481 109319 57720 804 460 114 9556.0 71893.0 30330.768 660 869 786.675 0 187 1000 8.921 [13:7] 27562
49040 108785 58321 806 462 114 9646.0 69048.0 31064.696 676 887 794.239 0 190 1000 8.921 [] 35909
49570 109669 59026 806 463 114 8921.0 74181.0 30838.129 687 894 807.71 0 192 1000 8.921 [] 44946
50083 111098 59662 806 472 114 9345.0 73194.0 32986.464 701 913 822.702 0 186 1000 8.921 [] 51173
50492 113584 60082 806 479 114 8375.0 74512.0 29750.438 714 924 843.361 1 188 1000 8.921 [] 61080
51088 113059 60979 806 483 114 9503.0 76369.0 33067.496 734 943 851.286 0 186 1000 8.921 [] 71378
51829 116221 61854 806 486 114 9139.0 79854.0 36085.717 744 955 872.503 0 183 1000 8.921 [] 82512
52135 115055 62213 806 488 114 10613.0 81846.0 38336.462 760 977 880.91 0 186 1000 8.921 [] 93768
52599 117969 62906 806 492 114 10146.0 77686.0 36393.782 770 1000 904.81 0 186 1000 8.921 [] 104945
53023 116857 63441 818 500 116 10269.0 81980.0 35063.743 794 1002 913.531 0 182 1000 8.957 [11:13-43:14] 35104
53688 118283 64343 825 502 117 10315.0 82663.0 36369.501 801 1025 929.609 0 174 1000 9.068 [17:3] 34066
54272 119565 65192 825 509 117 10387.0 81857.0 32770.378 817 1036 945.076 0 174 1000 9.068 [] 42111
54640 120262 65707 825 515 117 11049.0 85499.0 35476.745 832 1049 959.727 0 172 1000 9.068 [] 49448
55025 123417 66270 825 524 117 11796.0 86746.0 37368.536 848 1064 981.435 0 171 1000 9.068 [] 60612
55346 124231 66657 825 527 117 11937.0 86430.0 40059.746 868 1088 995.27 1 174 1000 9.068 [] 72316
55981 123231 67447 825 532 117 12063.0 91992.0 38274.655 887 1101 1003.051 0 166 1000 9.068 [] 83036
56270 126655 67897 831 534 118 10210.0 92660.0 36182.968 890 1108 1025.916 2 172 1000 9.068 [34:42] 33343
56610 125197 68326 838 541 119 8937.0 94654.0 33306.308 916 1135 1032.879 0 166 1000 9.202 [3:0] 35536
56808 125616 68633 840 545 119 10340.0 93191.0 34154.516 917 1137 1046.335 0 166 1000 9.202 [] 47395
57099 126342 68963 840 548 119 10399.0 94369.0 35710.09 933 1153 1060.285 0 164 1000 9.202 [] 55382
57589 127717 69598 840 551 119 11053.0 95612.0 41504.104 949 1167 1075.626 0 162 1000 9.202 [] 65043
58204 129090 70539 840 554 119 10530.0 96994.0 36874.826 966 1183 1090.436 0 156 1000 9.202 [] 76411
58626 132329 71186 846 561 120 11903.0 98320.0 42633.91 980 1196 1113.02 0 158 1000 9.217 [10:14] 27904
59356 131314 72160 852 563 120 10691.0 100239.0 40147.467 1004 1222 1119.339 0 160 1000 9.217 [] 36551
59854 135053 73024 863 570 121 10149.0 100880.0 41603.05 1012 1227 1143.762 1 165 1000 9.298 [12:6] 31607
60379 133712 73612 869 575 121 10241.0 103000.0 39408.777 1040 1246 1150.024 0 159 1000 9.298 [] 38306
60910 135256 74451 869 580 121 10265.0 101340.0 40881.817 1037 1262 1165.124 0 159 1000 9.298 [] 44481
61173 138827 74918 869 587 121 10322.0 100405.0 44101.025 1056 1274 1189.997 0 159 1000 9.298 [] 56189
61545 137200 75453 869 589 121 13375.0 107042.0 47346.858 1080 1300 1195.699 0 161 1000 9.298 [] 63590
61665 138255 75685 869 590 121 11059.0 107631.0 45070.169 1086 1298 1212.07 0 159 1000 9.298 [] 75302
61861 138705 76067 869 597 121 14678.0 104877.0 54961.424 1111 1318 1228.117 0 159 1000 9.298 [] 81784
62530 139855 77030 869 603 121 12728.0 106121.0 45828.03 1126 1336 1244.8 0 153 1000 9.298 [] 88040
63045 143715 77833 879 610 123 11275.0 111953.0 44084.537 1126 1357 1273.097 2 157 1000 9.35 [21:33-37:46] 34771
63568 144719 78606 887 617 123 11402.0 114504.0 46937.424 1136 1390 1290.746 0 151 1000 9.35 [] 43955
64101 145747 79413 887 624 123 11476.0 115994.0 41335.071 1151 1402 1308.776 3 155 1000 9.35 [] 49794
64369 143664 79781 887 626 123 13211.0 117648.0 47179.336 1176 1422 1315.088 0 154 1000 9.35 [] 55623
64885 147348 80662 899 635 124 15538.0 118277.0 52076.045 1181 1434 1341.922 0 152 1000 9.411 [12:8] 28149
65331 148482 81402 907 640 124 12497.0 120531.0 48999.488 1201 1456 1359.493 2 151 1000 9.411 [] 35314
65595 149185 81664 907 646 124 13503.0 119899.0 53192.502 1225 1484 1377.262 0 149 1000 9.411 [] 44147
65897 149880 82084 907 650 124 17362.0 121626.0 57936.4 1243 1491 1394.91 1 144 1000 9.411 [] 50923
66270 150965 82700 915 656 125 14799.0 123053.0 56684.288 1255 1511 1412.825 0 145 1000 9.496 [20:5] 24495
66910 152313 83765 915 664 125 13819.0 126004.0 58602.818 1273 1531 1433.099 0 149 1000 9.496 [] 35967
67299 153364 84281 917 669 126 11343.0 122350.0 47803.141 1299 1558 1453.125 0 146 1000 9.603 [16:2] 32862
67602 151369 84679 919 670 126 13071.0 128245.0 54408.677 1323 1563 1461.747 0 139 1000 9.603 [] 38992
68130 153210 85408 919 676 126 13115.0 129003.0 50461.39 1323 1592 1483.114 0 139 1000 9.603 [] 46613
68680 157558 86182 927 681 127 15418.0 126617.0 67309.183 1347 1600 1515.627 1 140 1000 9.685 [19:45] 29916
68830 158044 86385 929 687 127 15627.0 129294.0 68454.919 1379 1636 1534.815 0 139 1000 9.685 [] 37416
69167 155960 86890 929 693 127 14544.0 133135.0 56308.762 1393 1652 1543.022 0 138 1000 9.685 [] 44565
69665 156887 87440 932 698 128 15819.0 133918.0 59170.044 1405 1662 1563.126 0 137 1000 9.758 [15:6] 22294
69957 160725 87853 932 701 128 21008.0 135764.0 69049.62 1424 1684 1596.492 1 142 1000 9.758 [] 31261
70475 162210 88792 932 706 128 11962.0 134660.0 55377.938 1459 1734 1619.416 0 141 1000 9.758 [] 40410
71052 160069 89474 932 710 128 16369.0 142917.0 63591.583 1480 1742 1628.985 0 138 1000 9.758 [] 49307
71347 161188 89932 932 713 128 16415.0 143655.0 63787.171 1485 1768 1652.21 0 134 1000 9.758 [] 59515
71798 162778 90700 932 717 128 18093.0 141364.0 76731.395 1511 1787 1676.221 0 130 1000 9.758 [] 67924
72221 163834 91338 932 724 128 15388.0 145691.0 66600.194 1530 1798 1699.583 0 134 1000 9.758 [] 72939
72585 168567 92143 943 730 129 13276.0 152145.0 64486.041 1563 1825 1739.01 1 135 1000 9.845 [16:4] 63668
73083 170056 93116 945 733 129 12497.0 148948.0 65818.436 1596 1864 1762.422 0 133 1000 9.845 [] 69098
73273 167364 93397 945 736 129 23006.0 155397.0 74129.846 1610 1887 1771.216 0 129 1000 9.845 [] 75638
73715 168551 94189 945 746 129 23194.0 155675.0 93443.927 1618 1901 1796.139 2 133 1000 9.845 [] 82856
74087 169465 94709 952 753 130 23440.0 157913.0 82943.645 1642 1920 1820.049 0 129 1000 9.915 [17:6] 39323
74462 173458 95286 952 759 130 19417.0 160464.0 78233.329 1666 1949 1859.485 3 134 1000 9.915 [] 44629
74497 170160 95371 952 763 131 16477.0 164008.0 64917.458 1712 1980 1869.162 0 122 1000 10.023 [9:49] 36931
74767 175195 95857 952 768 131 24205.0 164833.0 82216.273 1694 1993 1908.777 1 125 1000 10.023 [] 43442
74922 171985 96072 952 773 131 24579.0 166084.0 91328.48 1750 2035 1918.449 0 124 1000 10.023 [] 53756
75048 172244 96368 952 778 131 20209.0 169145.0 78509.482 1766 2052 1941.738 0 125 1000 10.023 [] 63915
75394 176780 96742 964 785 132 20381.0 169016.0 71108.166 1790 2070 1981.944 1 125 1000 10.091 [19:6] 26455
75872 177930 97490 968 795 132 15755.0 174643.0 60031.705 1831 2125 2006.647 0 121 1000 10.091 [] 36463
75997 178108 97620 968 804 132 23149.0 174617.0 96271.764 1854 2136 2030.996 1 120 1000 10.091 [] 43480
76161 175013 97916 968 807 132 23365.0 175581.0 100168.576 1876 2161 2039.053 0 118 1000 10.091 [] 51424
76279 178859 98256 968 811 132 16050.0 179755.0 79384.694 1885 2172 2077.4 1 120 1000 10.091 [] 56975
76408 175679 98573 976 819 133 21466.0 178708.0 92031.766 1928 2209 2084.66 0 122 1000 10.173 [20:46] 27876
76681 180227 98850 978 825 133 14954.0 183181.0 80768.045 1939 2216 2126.262 2 122 1000 10.173 [] 36033
77120 177207 99379 978 831 133 21858.0 182954.0 93725.496 1972 2257 2134.293 0 121 1000 10.173 [] 41738
77428 178061 99844 991 834 134 16537.0 188167.0 82778.961 1984 2269 2158.621 1 121 1000 10.246 [20:45] 12841
77886 178846 100475 995 838 134 16661.0 190313.0 83640.616 2013 2293 2183.226 0 118 1000 10.246 [] 18726
78172 179782 100899 995 844 134 14168.0 190190.0 71309.121 2040 2317 2208.686 0 115 1000 10.246 [] 27983
78228 180288 100982 995 848 134 31079.0 190194.0 110896.776 2048 2341 2233.543 1 114 1000 10.246 [] 33981
78356 184281 101108 995 853 134 25214.0 192314.0 98954.034 2058 2369 2276.92 3 119 1000 10.246 [] 45158
78721 180819 101568 995 862 134 25677.0 199894.0 110626.227 2118 2411 2285.575 0 116 1000 10.246 [] 55329
79060 184757 101965 1009 865 135 13433.0 198661.0 87469.875 2096 2432 2328.858 1 113 1000 10.304 [14:7] 36313
79186 181569 102267 1015 872 135 13578.0 201759.0 79558.354 2156 2465 2337.317 0 109 1000 10.304 [] 46307
79703 185866 102880 1015 878 135 32634.0 203720.0 119828.536 2162 2504 2381.869 0 111 1000 10.304 [] 54545
79925 185963 103242 1028 885 136 16258.0 208706.0 77391.693 2213 2519 2407.116 0 111 1000 10.39 [15:3] 33828
80370 187199 104002 1032 888 136 33408.0 205847.0 97871.707 2233 2543 2436.529 0 114 1000 10.39 [] 44674
80773 187685 104567 1032 892 136 24358.0 210395.0 100426.475 2276 2573 2463.616 0 113 1000 10.39 [] 56399
80713 187958 104508 1032 899 136 24548.0 215770.0 105432.777 2297 2606 2491.686 1 109 1000 10.39 [] 68205
80975 184711 104822 1032 909 136 24756.0 215018.0 85931.528 2319 2636 2501.195 0 109 1000 10.39 [] 79189
81266 189175 105097 1032 914 136 27716.0 215053.0 105692.896 2340 2646 2549.024 3 112 1000 10.39 [] 84785
81728 189915 105611 1032 924 136 28154.0 219356.0 107293.661 2383 2689 2579.334 1 110 1000 10.39 [] 94687
82088 190769 106028 1032 929 136 35626.0 222839.0 115797.775 2415 2717 2609.044 0 105 1000 10.39 [] 106113
82208 187349 106223 1032 934 136 18941.0 225339.0 98275.345 2439 2750 2619.411 0 104 1000 10.39 [] 113430
82669 192470 106707 1032 940 136 17296.0 226204.0 80881.237 2451 2764 2669.92 3 108 1000 10.39 [] 123875
82677 192982 106736 1032 945 136 19248.0 233907.0 100672.589 2508 2808 2700.011 0 105 1000 10.39 [] 129909
82828 189732 106958 1032 952 136 19405.0 236119.0 119357.667 2511 2841 2710.739 0 102 1000 10.39 [] 140381
82826 190014 106753 1034 959 137 26504.0 237095.0 110064.161 2523 2854 2740.635 0 105 1000 10.474 [20:47] 108768
82634 190217 106666 1036 962 137 26771.0 238993.0 108832.046 2559 2876 2768.712 0 103 1000 10.474 [] 114432
82815 194015 106688 1036 966 137 42763.0 241489.0 131618.45 2583 2941 2816.834 0 103 1000 10.474 [] 120875
82953 190190 106760 1036 969 137 43474.0 243508.0 142277.772 2633 2968 2827.728 0 105 1000 10.474 [] 131477
83077 190447 106767 1045 971 138 30739.0 246769.0 107268.218 2643 2977 2858.283 0 103 1000 10.565 [19:48] 90258
83306 191247 106889 1047 976 138 22357.0 249401.0 98170.291 2669 3006 2891.546 1 106 1000 10.565 [] 100193
83635 196213 107129 1047 979 138 25066.0 252410.0 108988.913 2708 3039 2946.05 1 105 1000 10.565 [] 109194
83892 192926 107397 1047 983 138 25443.0 255009.0 118225.588 2760 3102 2957.222 0 103 1000 10.565 [] 115016
84328 198309 107906 1047 989 138 25503.0 255781.0 113891.31 2766 3108 3009.469 3 108 1000 10.565 [] 122301
84538 194096 107871 1047 993 138 18981.0 263730.0 110478.783 2826 3152 3019.48 0 105 1000 10.565 [] 129551
84389 194284 107798 1047 998 138 29000.0 259536.0 131274.145 2808 3169 3049.379 0 102 1000 10.565 [] 138055
84868 199424 108221 1047 1003 138 29194.0 263759.0 127081.239 2864 3243 3102.994 0 101 1000 10.565 [] 149248
85271 196214 108935 1051 1007 139 26496.0 268500.0 109989.885 2917 3259 3113.267 0 98 1000 10.633 [14:5] 107533
85496 196433 108987 1055 1012 139 33315.0 265161.0 115129.243 2928 3271 3143.932 1 98 1000 10.633 [] 117532
85414 196687 108909 1055 1014 139 33633.0 272249.0 120121.304 2964 3294 3175.048 0 95 1000 10.633 [] 124341
85493 201237 108808 1055 1017 139 33874.0 272600.0 143477.716 2985 3331 3228.465 2 98 1000 10.633 [] 131979
85520 201474 108750 1066 1021 140 34350.0 282177.0 150865.334 3041 3382 3260.872 0 95 1000 10.707 [15:4] 82831
85616 197816 108945 1077 1023 141 22238.0 247617.0 91201.039 3073 3414 3271.322 0 95 1000 10.801 [4:49] 68674
85679 202220 108761 1077 1031 141 22289.0 278741.0 104361.354 3055 3424 3322.944 2 93 1000 10.801 [] 75457
86102 202901 109026 1077 1036 141 31343.0 287596.0 136123.201 3136 3477 3355.415 1 95 1000 10.801 [] 83021
86519 203404 109517 1077 1042 141 35589.0 289372.0 170928.142 3170 3518 3388.297 0 92 1000 10.801 [] 88872
86736 203335 109500 1077 1047 141 51701.0 294273.0 178136.743 3207 3570 3421.379 0 91 1000 10.801 [] 99167
86745 199810 109795 1077 1054 141 25660.0 298545.0 125564.483 3235 3579 3432.525 0 92 1000 10.801 [] 109274
87047 200120 110123 1086 1060 142 28752.0 297388.0 132013.122 3252 3580 3466.489 1 89 1000 10.894 [17:49] 78772
87163 205350 110285 1086 1064 142 28981.0 302517.0 128158.276 3268 3624 3526.015 3 92 1000 10.894 [] 89863
87515 201859 110621 1086 1067 142 37117.0 301238.0 120529.496 3346 3682 3537.627 0 89 1000 10.894 [] 100640
87884 203121 111004 1095 1075 143 42007.0 307242.0 156435.96 3340 3704 3569.124 1 89 1000 10.986 [18:49] 62783
87620 206921 110387 1099 1080 143 37501.0 304881.0 117586.493 3383 3728 3625.826 1 89 1000 10.986 [] 69553
87796 202910 110406 1099 1085 143 33750.0 316284.0 118983.176 3441 3780 3637.475 0 87 1000 10.986 [] 75669
87931 207610 110383 1099 1091 143 62895.0 317883.0 196801.453 3442 3796 3697.678 3 89 1000 10.986 [] 85065
88239 207674 110530 1099 1098 143 63738.0 323133.0 199382.874 3489 3859 3731.502 0 87 1000 10.986 [] 96612
88042 202945 110117 1099 1103 143 49847.0 321390.0 198858.816 3523 3889 3742.809 0 87 1000 10.986 [] 105561
88061 203627 110027 1099 1106 143 50040.0 325017.0 199198.059 3540 3900 3778.522 1 89 1000 10.986 [] 112109
88427 204218 110227 1099 1110 143 50517.0 326098.0 201206.243 3591 3964 3815.949 0 86 1000 10.986 [] 121742
88932 208935 110357 1099 1116 143 44964.0 331387.0 165862.228 3608 3979 3878.203 2 88 1000 10.986 [] 132744
88855 208882 109975 1108 1124 144 40330.0 331722.0 157994.199 3680 4038 3915.577 1 87 1000 11.049 [16:5] 61812
89059 209268 110082 1116 1127 144 36042.0 337164.0 170940.811 3715 4103 3954.886 0 90 1000 11.049 [] 72530
88974 204706 109930 1116 1132 144 23093.0 345122.0 115376.988 3769 4123 3966.328 0 86 1000 11.049 [] 84470
89306 209468 110020 1116 1140 144 78402.0 343932.0 229659.206 3769 4178 4029.866 0 87 1000 11.049 [] 95871
89600 205544 110315 1129 1151 145 41752.0 345210.0 152477.738 3825 4198 4041.653 0 83 1000 11.103 [14:6] 7420
89488 205308 109920 1139 1157 145 47338.0 350777.0 193965.913 3786 4208 4071.685 0 84 1000 11.103 [] 15881
89519 205196 109785 1139 1160 145 47671.0 353493.0 175605.372 3842 4244 4107.963 0 83 1000 11.103 [] 23640
89472 209345 109581 1139 1167 145 29688.0 358478.0 135502.548 3880 4282 4169.221 2 83 1000 11.103 [] 30646
89854 205480 110115 1139 1175 145 55332.0 361432.0 208070.93 3956 4340 4181.27 1 84 1000 11.103 [] 36299
90195 209676 110305 1139 1179 145 38140.0 360294.0 142568.601 3975 4351 4243.463 2 84 1000 11.103 [] 41604
90396 205828 110299 1139 1182 145 38629.0 366287.0 193648.042 4033 4415 4255.194 0 84 1000 11.103 [] 47647
90546 205458 110475 1139 1188 145 38725.0 369401.0 186881.47 3992 4415 4288.801 1 86 1000 11.103 [] 57932
90854 209800 110522 1139 1190 145 30740.0 374130.0 171530.199 4091 4468 4353.621 1 83 1000 11.103 [] 64942
90642 205057 110302 1139 1193 145 44689.0 375294.0 153140.673 4131 4529 4364.654 0 80 1000 11.103 [] 71651
90301 208714 109587 1139 1195 145 57743.0 378432.0 197220.647 4151 4580 4429.077 0 81 1000 11.103 [] 82212
90305 208640 109354 1139 1203 145 51486.0 384652.0 175465.696 4206 4588 4469.079 2 83 1000 11.103 [] 92932
90775 209094 109685 1139 1210 145 51946.0 388409.0 182408.078 4259 4632 4508.476 0 81 1000 11.103 [] 104224
90990 208836 109480 1139 1217 145 36055.0 391641.0 167599.62 4285 4702 4548.582 0 82 1000 11.103 [] 109238
91300 204785 109829 1139 1223 145 32256.0 396691.0 197467.269 4343 4728 4561.714 0 79 1000 11.103 [] 119868
91641 204415 109909 1139 1226 145 32335.0 397862.0 197499.988 4299 4732 4595.173 1 79 1000 11.103 [] 125525
91908 208840 110173 1139 1234 145 32526.0 400711.0 198496.882 4378 4763 4663.369 2 77 1000 11.103 [] 136621
92255 209365 110454 1139 1239 145 41941.0 402186.0 184364.16 4437 4827 4704.141 1 79 1000 11.103 [] 142933
92764 210189 110826 1139 1249 145 47895.0 408535.0 187928.87 4459 4884 4747.155 1 81 1000 11.103 [] 152470
92948 205835 111052 1139 1256 145 54900.0 409564.0 216453.299 4503 4917 4760.136 0 78 1000 11.103 [] 159056
93329 210898 111251 1139 1260 145 55028.0 406750.0 252297.139 4525 4998 4835.47 0 80 1000 11.103 [] 169870
93644 210483 111490 1139 1264 145 72502.0 420086.0 263414.036 4591 5003 4876.017 0 80 1000 11.103 [] 178387
94074 211065 111785 1139 1270 145 43628.0 423476.0 211869.973 4631 5086 4921.433 0 80 1000 11.103 [] 187794
93984 210478 111539 1139 1275 145 49915.0 427871.0 190131.336 4695 5099 4962.628 0 79 1000 11.103 [] 198980
93760 205823 111115 1139 1281 145 50285.0 426171.0 224649.809 4741 5142 4975.341 0 75 1000 11.103 [] 205852
94053 210439 111254 1139 1285 145 57307.0 430032.0 221229.247 4741 5213 5048.505 0 78 1000 11.103 [] 217024
94079 209896 111066 1139 1293 145 58151.0 439081.0 249351.594 4829 5221 5092.306 2 77 1000 11.103 [] 227233
94273 205772 111379 1139 1297 145 58600.0 440955.0 225690.801 4864 5259 5104.803 0 76 1000 11.103 [] 235057
94312 206181 111356 1139 1300 145 31528.0 441563.0 171218.481 4828 5269 5139.179 0 76 1000 11.103 [] 246939
94177 206029 111035 1142 1308 146 31697.0 444200.0 217667.5 4895 5314 5182.112 1 78 1000 11.192 [5:49] 220940
94035 209733 110754 1144 1311 146 40620.0 449394.0 169542.686 4953 5401 5251.38 0 78 1000 11.192 [] 228621
94070 209846 110772 1144 1316 146 41109.0 455648.0 187594.498 5015 5428 5295.414 1 79 1000 11.192 [] 238275
94182 205434 110627 1144 1319 146 41397.0 459336.0 174497.362 5065 5465 5308.112 0 77 1000 11.192 [] 243846
94297 205893 110549 1144 1321 146 104035.0 453953.0 307290.929 5014 5494 5342.635 0 78 1000 11.192 [] 252537
94380 206390 110616 1144 1327 146 104636.0 457313.0 329538.268 5100 5527 5386.399 1 75 1000 11.192 [] 260259
94329 206312 110297 1144 1336 146 105481.0 465110.0 301693.652 5150 5561 5431.783 1 75 1000 11.192 [] 270095
94788 206787 110518 1144 1339 146 70951.0 464472.0 264015.73 5200 5654 5477.452 0 76 1000 11.192 [] 277556
94493 211457 110183 1153 1347 147 81752.0 468511.0 282663.039 5245 5648 5556.601 3 76 1000 11.272 [20:48] 177521
94596 206828 110267 1157 1351 147 38146.0 484326.0 201329.06 5320 5748 5570.087 0 75 1000 11.272 [] 185848
94756 206787 110321 1157 1354 147 55853.0 478996.0 263891.326 5341 5757 5610.708 0 77 1000 11.272 [] 195838
94923 206787 110452 1157 1361 147 95851.0 481055.0 326986.014 5372 5800 5655.641 1 76 1000 11.272 [] 201041
94899 206722 110265 1157 1363 147 38723.0 492917.0 202701.627 5424 5845 5701.713 1 75 1000 11.272 [] 212915
95057 207165 110061 1157 1370 147 44161.0 494734.0 221861.52 5472 5921 5750.343 0 72 1000 11.272 [] 220632
95165 211528 110060 1157 1375 147 19874.0 492282.0 163555.761 5520 5938 5829.388 2 74 1000 11.272 [] 226062
95070 211166 109805 1157 1379 147 66387.0 499137.0 268467.036 5601 6013 5875.784 1 73 1000 11.272 [] 237387
94879 206386 109320 1157 1381 147 87424.0 505284.0 301629.114 5631 6066 5889.558 0 73 1000 11.272 [] 247041
94855 206287 109396 1157 1390 147 58755.0 506527.0 248075.392 5594 6080 5926.717 1 71 1000 11.272 [] 252178
95305 207130 109874 1171 1397 148 67423.0 509712.0 265616.464 5689 6142 5975.711 0 71 1000 11.345 [16:3] 161458
95195 206669 109474 1181 1398 148 88880.0 511827.0 276171.368 5745 6172 6022.306 1 72 1000 11.345 [] 172153
95527 206907 109719 1181 1402 148 102805.0 518311.0 313983.407 5789 6209 6069.566 1 73 1000 11.345 [] 183890
95951 211551 110000 1181 1414 148 41131.0 522320.0 223115.717 5846 6259 6149.379 2 73 1000 11.345 [] 195759
96284 211347 110003 1181 1416 148 91365.0 522430.0 257415.339 5921 6331 6196.966 1 71 1000 11.345 [] 201924
96586 211717 110256 1181 1419 148 121227.0 529614.0 371656.64 5973 6427 6246.726 0 73 1000 11.345 [] 211116
96667 211253 110050 1181 1421 148 54426.0 539808.0 258186.747 6019 6438 6293.049 0 72 1000 11.345 [] 221975
96841 210637 110111 1181 1432 148 107135.0 541628.0 323606.439 6055 6481 6338.278 0 71 1000 11.345 [] 229147
96659 205348 109763 1181 1437 148 48477.0 550009.0 170627.264 6109 6538 6351.658 0 72 1000 11.345 [] 234970
96752 204920 109706 1181 1443 148 48572.0 551231.0 210688.305 6085 6536 6391.552 0 69 1000 11.345 [] 240159
97197 208935 109926 1181 1450 148 72366.0 550143.0 265827.479 6120 6584 6474.579 2 73 1000 11.345 [] 246671
97716 210038 110208 1189 1459 149 73278.0 555409.0 265405.199 6219 6675 6527.597 1 71 1000 11.43 [1:49] 167665
97887 205093 110340 1189 1462 149 111035.0 560115.0 329652.646 6290 6720 6542.213 0 71 1000 11.43 [] 173083
97634 204323 109985 1189 1465 149 97044.0 561250.0 330457.532 6275 6732 6581.167 0 71 1000 11.43 [] 183179
97479 204078 109577 1189 1466 149 85171.0 568803.0 291339.896 6333 6773 6629.261 1 69 1000 11.43 [] 194015
97804 203877 109757 1189 1470 149 129688.0 570681.0 367264.139 6405 6825 6680.329 1 70 1000 11.43 [] 204100
98106 204380 109891 1189 1476 149 99053.0 575272.0 317250.885 6455 6891 6731.214 0 70 1000 11.43 [] 212221
98278 208686 109814 1189 1488 149 75983.0 577499.0 303375.963 6496 6925 6819.303 2 70 1000 11.43 [] 217715
98423 208116 109516 1189 1492 149 76920.0 589444.0 276085.819 6586 7014 6872.946 1 70 1000 11.43 [] 227879
98399 207752 109306 1189 1499 149 67757.0 594254.0 235906.024 6629 7060 6922.932 1 69 1000 11.43 [] 238368
98697 203474 109523 1189 1507 149 102514.0 594238.0 298729.885 6703 7130 6938.386 0 66 1000 11.43 [] 249512
98852 207734 109247 1189 1514 149 102713.0 596096.0 366085.79 6626 7125 7011.756 2 67 1000 11.43 [] 259058
98683 203129 109023 1189 1515 149 103807.0 602167.0 350884.776 6782 7202 7025.693 0 67 1000 11.43 [] 269684
98658 202684 108854 1189 1521 149 103956.0 603140.0 317496.529 6738 7229 7059.488 0 67 1000 11.43 [] 277831
98685 203073 108726 1193 1526 150 104472.0 603563.0 391120.612 6829 7257 7112.383 0 65 1000 11.513 [10:49] 166100
98162 202520 107820 1195 1534 150 105185.0 612765.0 328226.247 6884 7326 7165.531 0 65 1000 11.513 [] 174333
98176 206930 107802 1195 1536 150 92353.0 617409.0 322231.144 6911 7369 7256.689 2 68 1000 11.513 [] 180486
98224 206883 107663 1195 1539 150 123268.0 625307.0 376250.363 7031 7458 7308.404 1 67 1000 11.513 [] 191564
98494 207226 107964 1195 1541 150 94135.0 627511.0 314880.731 7078 7508 7360.93 1 67 1000 11.513 [] 202511
98796 207240 108266 1195 1542 150 108714.0 629771.0 328587.555 7129 7566 7414.433 1 67 1000 11.513 [] 208724
98913 202567 108076 1195 1545 150 109516.0 636838.0 376338.146 7167 7600 7429.502 0 66 1000 11.513 [] 215780
99266 202741 108225 1195 1548 150 193041.0 638204.0 440372.71 7132 7624 7466.749 0 66 1000 11.513 [] 225905
99310 203110 108335 1195 1556 150 83806.0 641382.0 295232.539 7142 7662 7522.323 1 65 1000 11.513 [] 237753
99138 206362 108000 1195 1560 150 111068.0 641627.0 343045.336 7284 7725 7609.52 1 67 1000 11.513 [] 245217
99194 205771 107970 1196 1562 151 85294.0 653529.0 344691.945 7356 7823 7662.193 1 68 1000 11.596 [12:49] 155155
99285 200896 107834 1196 1568 151 149690.0 658316.0 430734.16 7428 7849 7677.88 0 64 1000 11.596 [] 165653
99142 200747 107450 1196 1571 151 172769.0 661700.0 428608.87 7353 7892 7711.387 1 65 1000 11.596 [] 173102
99236 204480 107346 1196 1575 151 173387.0 662567.0 452792.623 7474 7969 7801.192 0 64 1000 11.596 [] 184656
99530 200414 107641 1196 1578 151 58386.0 668297.0 290273.341 7573 8004 7818.189 0 64 1000 11.596 [] 196540
99957 204434 107908 1196 1582 151 202452.0 667228.0 508197.456 7497 8015 7894.397 2 65 1000 11.596 [] 202314
99614 199436 107369 1196 1587 151 204370.0 674194.0 489625.393 7646 8104 7909.777 0 63 1000 11.596 [] 211073
99595 198951 107090 1196 1591 151 134144.0 680448.0 359112.353 7599 8118 7943.177 0 62 1000 11.596 [] 217664
99964 202592 106813 1196 1596 151 101962.0 682712.0 302972.578 7619 8152 8037.65 2 64 1000 11.596 [] 223021
100226 198343 107093 1196 1598 151 118462.0 690779.0 408776.912 7809 8236 8053.447 0 62 1000 11.596 [] 230929
100050 197560 106483 1196 1606 151 68641.0 696506.0 290253.781 7730 8259 8087.416 0 61 1000 11.596 [] 237674
100436 201764 106802 1196 1609 151 181719.0 693327.0 445998.919 7837 8382 8180.595 0 63 1000 11.596 [] 249251
100567 197224 106902 1206 1616 152 138640.0 703854.0 466712.968 7943 8381 8196.638 0 61 1000 11.678 [16:49] 91665
100431 201424 106475 1210 1620 152 138869.0 705047.0 435757.205 7949 8496 8298.61 0 62 1000 11.678 [] 99892
100382 201422 106403 1210 1627 152 186750.0 710433.0 417433.917 8056 8512 8355.687 1 61 1000 11.678 [] 110783
100303 196440 105855 1210 1629 152 141502.0 718759.0 390232.644 8107 8558 8371.367 0 61 1000 11.678 [] 122450
100423 200424 105716 1210 1630 152 217220.0 719955.0 512320.052 8063 8586 8451.385 1 61 1000 11.678 [] 127796
100194 195655 105353 1210 1632 152 143160.0 727392.0 481557.849 8209 8662 8467 0 61 1000 11.678 [] 136834
99999 195168 105029 1210 1636 152 143485.0 729082.0 464830.41 8150 8682 8500.203 0 61 1000 11.678 [] 148040
100163 199455 105084 1210 1640 152 143921.0 731352.0 465624.382 8250 8802 8600.345 0 61 1000 11.678 [] 159591
100319 194972 105052 1210 1644 152 145609.0 740145.0 472705.36 8355 8808 8617.402 0 62 1000 11.678 [] 168771
100111 195274 104592 1210 1649 152 145953.0 741934.0 473286.32 8292 8830 8656.537 0 60 1000 11.678 [] 175284
100187 198922 104438 1210 1654 152 56233.0 744352.0 254131.666 8345 8865 8748.781 2 60 1000 11.678 [] 183990
100490 198837 104650 1210 1655 152 148091.0 753068.0 431664.239 8494 8959 8805.115 1 59 1000 11.678 [] 193796
100630 194740 104909 1210 1661 152 149010.0 757854.0 434418.004 8574 9005 8822.585 0 59 1000 11.678 [] 204207
100596 194136 104797 1210 1667 152 65323.0 752220.0 346528.127 8560 9074 8879.864 0 61 1000 11.678 [] 212050
100825 194452 104952 1210 1671 152 98811.0 763912.0 357945.813 8641 9081 8940.403 1 58 1000 11.678 [] 219164
100767 193850 104738 1210 1674 153 131429.0 764805.0 406170.994 8702 9157 8995.622 1 59 1000 11.758 [7:49] 73718
100841 193144 104667 1210 1676 153 152382.0 775408.0 450088.305 8765 9202 9051.02 1 60 1000 11.758 [] 82364
101039 198302 104699 1210 1681 153 271623.0 778703.0 596617.607 8819 9278 9153.776 2 60 1000 11.758 [] 89465
100986 197688 104423 1210 1687 153 154813.0 788069.0 491711.515 8907 9360 9209.611 1 59 1000 11.758 [] 95015
101319 193512 104470 1210 1693 153 179522.0 790875.0 459923.429 8951 9419 9226.431 0 59 1000 11.758 [] 103578
101651 193869 104828 1210 1703 153 179866.0 792417.0 550017.093 8973 9493 9287.545 0 58 1000 11.758 [] 111961
101537 193835 104553 1210 1708 153 181058.0 799122.0 503312.79 9029 9518 9346.346 1 57 1000 11.758 [] 122750
101546 197602 104268 1210 1711 153 182176.0 804187.0 466580.08 9109 9566 9451.851 2 60 1000 11.758 [] 129951
101517 197692 104378 1210 1720 153 184395.0 812714.0 482065.261 9199 9669 9511.517 0 59 1000 11.758 [] 141281
101272 193099 104117 1210 1724 153 61207.0 818425.0 266117.15 9202 9740 9526.848 0 60 1000 11.758 [] 151514
100804 196197 103468 1210 1728 153 61302.0 813923.0 327519.728 9187 9734 9598.768 1 59 1000 11.758 [] 158072
100816 195651 103299 1210 1733 153 122367.0 823909.0 449391.17 9352 9819 9656.515 0 59 1000 11.758 [] 168088
100899 191251 103359 1210 1741 153 141646.0 828747.0 450264.048 9405 9879 9673.833 0 60 1000 11.758 [] 178063
100335 194025 102579 1210 1746 153 93360.0 834856.0 341724.533 9321 9892 9747.118 1 61 1000 11.758 [] 189206
100454 193606 102483 1220 1749 154 94013.0 841052.0 361988.255 9502 10004 9806.443 0 59 1000 11.838 [16:1] 86586
100704 189079 102613 1222 1755 154 143811.0 842000.0 446124.793 9554 10036 9824.971 0 58 1000 11.838 [] 95622
100868 188895 102510 1222 1760 154 144111.0 841524.0 441536.872 9458 10053 9857.727 0 59 1000 11.838 [] 106028
100626 189153 102435 1222 1769 154 166677.0 849845.0 489629.53 9599 10092 9919.16 1 59 1000 11.838 [] 113450
100624 189771 102447 1222 1774 154 297827.0 847645.0 681308.909 9646 10146 9979.987 0 58 1000 11.838 [] 121340
100567 189927 102103 1222 1783 154 168614.0 859931.0 483468.895 9727 10208 10039.746 1 57 1000 11.838 [] 130503
100908 190105 102265 1222 1784 154 225666.0 862454.0 543847.782 9770 10260 10102.843 0 57 1000 11.838 [] 141072
100513 189565 101446 1222 1789 154 128603.0 867744.0 457685.939 9843 10332 10162.786 1 56 1000 11.838 [] 152479
100719 193712 101701 1222 1796 154 85255.0 870845.0 340894.682 9911 10486 10270.921 0 57 1000 11.838 [] 159907
101056 193602 101879 1222 1800 154 266640.0 879937.0 633308.511 10014 10506 10333.757 1 58 1000 11.838 [] 168581
101345 189706 102211 1222 1802 154 268314.0 885242.0 627810.806 10064 10560 10352.192 0 56 1000 11.838 [] 176908
101250 189388 102076 1222 1810 154 269051.0 886560.0 615496.056 10007 10590 10379.312 0 58 1000 11.838 [] 188894
101172 192269 101683 1222 1813 154 269370.0 892021.0 585090.84 10012 10618 10458.54 1 58 1000 11.838 [] 199691
101119 188078 101581 1222 1815 154 203739.0 899404.0 568410.206 10201 10701 10475.771 0 59 1000 11.838 [] 211143
101260 192003 101394 1222 1819 154 235534.0 898613.0 609658.01 10225 10810 10588.601 0 57 1000 11.838 [] 220568
101270 191577 101045 1222 1825 154 134572.0 909695.0 398782.445 10328 10816 10651.762 1 57 1000 11.838 [] 230852
101342 190798 100983 1222 1827 154 369655.0 913055.0 722863.942 10379 10874 10711.802 1 59 1000 11.838 [] 242310
101555 190837 101036 1222 1836 154 372174.0 916341.0 756130.096 10435 10944 10776.464 1 56 1000 11.838 [] 250577
101797 191120 101084 1222 1840 154 103438.0 930468.0 395697.79 10511 10998 10841.932 0 54 1000 11.838 [] 260042
101579 190648 100785 1222 1844 154 211092.0 932360.0 603484.398 10547 11079 10904.11 0 54 1000 11.838 [] 269798
101387 186178 100528 1222 1848 154 138479.0 937153.0 470684.948 10598 11141 10921.898 0 54 1000 11.838 [] 276473
101360 186280 100407 1222 1851 154 245483.0 938589.0 564063.799 10531 11149 10945.988 0 56 1000 11.838 [] 285059
101132 186291 100047 1222 1856 154 139003.0 940838.0 396132.338 10575 11170 10982.904 0 56 1000 11.838 [] 291997
101146 189972 99772 1222 1860 154 185397.0 947317.0 477517.781 10676 11218 11085.256 1 54 1000 11.838 [] 297416
101223 188781 99706 1222 1864 154 106266.0 957304.0 408670.117 10826 11318 11146.34 1 55 1000 11.838 [] 309414
101695 188788 100208 1222 1869 154 106791.0 962286.0 391198.971 10882 11405 11209.376 1 55 1000 11.838 [] 315166
101811 185188 100251 1222 1874 154 107369.0 967767.0 351499.702 10955 11462 11227.384 0 54 1000 11.838 [] 326320
101975 189462 100434 1222 1877 154 218658.0 966268.0 542721.968 10845 11477 11296.073 0 54 1000 11.838 [] 333712
102130 185466 100552 1222 1884 154 124434.0 973156.0 327621.478 10925 11540 11314.298 0 54 1000 11.838 [] 340416
101901 185352 100207 1222 1889 154 393556.0 968466.0 777433.949 11051 11606 11383.063 0 51 1000 11.838 [] 346223
101986 185031 100158 1222 1894 154 221548.0 979222.0 552829.471 11060 11618 11450.234 1 53 1000 11.838 [] 353459
102408 189649 100491 1222 1895 154 72496.0 983079.0 350588.904 11180 11780 11563.998 0 54 1000 11.838 [] 365185
102827 189656 100757 1222 1898 154 127300.0 996560.0 433402.397 11302 11853 11631.887 0 55 1000 11.838 [] 376490
102744 185117 100437 1222 1902 154 302363.0 997161.0 685201.943 11335 11885 11650.497 0 53 1000 11.838 [] 384668
102545 185171 100131 1222 1908 154 196434.0 1004788.0 466713.697 11288 11908 11673.616 0 54 1000 11.838 [] 392794
102490 188982 99756 1222 1910 154 170598.0 1001761.0 440347.062 11296 11923 11761.697 1 53 1000 11.838 [] 399282
102349 188694 99327 1222 1911 154 228852.0 1011953.0 638509.935 11500 11999 11831.994 1 55 1000 11.838 [] 408414
102094 184082 98820 1222 1918 154 130116.0 1019556.0 446587.021 11555 12082 11850.376 0 54 1000 11.838 [] 418532
101829 187854 98197 1222 1919 154 199726.0 1021929.0 544298.814 11462 12103 11923.662 1 55 1000 11.838 [] 429203
101968 187167 98068 1222 1921 154 310036.0 1023228.0 692961.898 11657 12171 11989.449 1 55 1000 11.838 [] 437909
102255 187700 98431 1222 1921 154 233318.0 1031969.0 615168.889 11731 12244 12054.733 0 56 1000 11.838 [] 448964
102334 187581 98253 1222 1923 154 115101.0 1032008.0 418986.523 11759 12297 12120.409 1 55 1000 11.838 [] 457070
102524 187292 98194 1222 1926 154 133196.0 1044712.0 468976.289 11864 12358 12186.667 1 55 1000 11.838 [] 464077
102658 187419 98169 1222 1929 154 177886.0 1046664.0 556802.231 11923 12485 12256.942 0 56 1000 11.838 [] 474202
102807 183152 98093 1222 1932 154 155151.0 1054338.0 521968.485 11954 12498 12276.289 0 53 1000 11.838 [] 482343
102962 183599 98198 1226 1932 155 155345.0 1055706.0 507521.161 11906 12521 12296.25 0 52 1000 11.916 [17:1] 310322
102955 183726 98106 1230 1933 155 369390.0 1055330.0 761471.995 11925 12537 12330.619 0 50 1000 11.916 [] 318840
102863 187507 97854 1230 1935 155 320589.0 1059452.0 762731.882 11951 12580 12426.865 1 52 1000 11.916 [] 324334
