4 27 27 30000
4 24 26 30000
9 22 22 30000
9 27 28 30000
10 24 27 30000
13 23 27 30000
19 29 26 30000
19 28 28 30000
24 24 21 30000
24 23 20 30000
29 29 27 30000
29 24 29 30000
30 25 29 36755
41 27 30 30000
41 31 22 30000
41 22 20 30000
41 23 19 30000
46 20 24 30000
46 26 19 30000
46 22 28 30000
46 23 18 30000
51 21 27 30000
51 20 25 30000
55 30 24 30000
55 19 24 30008
55 30 23 30000
73 30 22 30000
73 27 31 30000
73 32 24 30000
73 22 19 30000
73 29 29 30000
73 25 17 30000
73 20 20 30615
76 31 25 30000
76 20 27 30000
81 25 31 30000
81 22 29 30000
83 31 24 30000
107 29 16 30000
107 16 21 30000
107 18 26 30000
107 33 28 30000
107 24 34 30000
107 30 16 64207
107 18 28 45063
107 37 27 30000
107 28 33 56569
110 25 32 30000
110 22 31 30000
114 32 23 30000
114 21 30 40134
116 19 27 30000
116 32 25 30000
122 21 31 39022
122 26 32 30000
134 18 12 30000
134 30 33 55584
134 17 27 30000
134 22 37 30000
134 22 14 30000
134 31 33 30000
134 29 32 30000
138 26 17 30000
138 33 24 30000
142 23 34 30000
142 25 33 30000
147 32 20 30070
147 20 31 40130
148 27 32 30000
154 17 29 30000
154 26 33 30000
158 17 28 30000
158 18 16 56221
158 20 33 30000
163 19 30 40152
163 22 33 30000
168 17 21 50821
168 32 29 30000
168 25 34 30000
175 27 16 30000
175 21 33 30000
175 34 26 30000
178 33 22 30000
182 27 33 30000
199 29 14 30000
199 14 20 30000
199 13 16 30000
199 16 35 30000
199 37 22 30000
199 17 32 30000
199 26 10 30000
199 36 26 30000
202 19 32 30000
206 19 33 36760
211 16 33 30000
211 26 35 30000
218 16 28 30000
218 21 35 33405
218 34 14 30000
218 25 39 30000
220 17 31 31126
224 19 34 37885
229 19 35 33385
229 26 14 30000
230 18 33 30000
234 18 34 30000
246 9 31 30000
246 12 33 30000
246 31 36 30000
246 18 37 30000
246 19 36 30000
246 35 37 30000
257 13 40 30000
257 34 11 30000
257 27 37 30000
257 24 37 30000
257 29 40 30000
257 14 33 30000
266 33 37 30000
266 40 23 30000
266 14 34 30000
266 38 15 30000
266 41 23 30000
266 30 37 30000
269 19 37 30000
273 17 37 33831
283 22 39 33961
283 35 36 30000
283 35 14 30000
283 40 29 30000
285 15 34 30000
285 40 22 30000
288 16 37 30000
299 21 39 30000
299 39 19 30000
299 25 40 30000
299 28 41 38446
301 38 34 30000
301 23 40 33420
304 36 36 30000
304 18 38 30000
307 15 36 30000
307 12 35 30000
311 20 40 33961
311 9 30 36117
315 9 39 30000
315 14 35 30000
315 14 37 30000
320 27 40 33950
320 17 40 30000
320 19 40 30000
330 14 38 30000
330 13 12 43985
330 19 9 30017
330 10 34 30000
333 30 40 30000
333 16 39 37059
347 5 23 30000
347 22 43 30000
347 37 37 30000
347 35 5 30000
347 39 36 30000
347 33 42 30000
347 7 29 30000
347 40 8 30000
351 38 37 30000
351 14 40 30000
354 13 38 30000
359 31 41 30000
359 43 20 30000
366 24 43 30000
366 45 28 30000
366 10 35 30000
366 7 33 32073
370 8 32 30643
375 9 34 30000
375 19 6 30000
378 44 15 30000
378 34 41 30000
380 7 32 30162
383 35 40 30000
393 6 33 30000
393 37 42 30000
393 4 20 30000
393 44 16 30000
394 36 41 30000
397 9 37 30000
403 33 2 30000
403 32 3 30000
406 10 40 30000
406 33 4 30000
408 9 36 30000
412 35 41 30000
415 33 3 30000
419 36 42 30000
419 16 4 30000
423 34 2 30000
423 38 42 30000
432 27 47 33948
432 3 21 30000
432 35 0 30000
432 34 3 30000
432 1 32 30000
436 35 3 30000
443 16 46 47646
443 36 4 30000
443 34 0 30000
446 35 4 30000
455 18 1 30000
455 36 3 30000
455 31 48 30000
455 19 2 30000
460 12 4 30000
460 9 5 30000
460 35 2 30000
460 33 45 30000
468 18 2 30000
468 0 32 30000
468 46 34 30000
468 31 46 30000
471 33 0 30000
476 31 0 30000
476 38 43 30000
482 4 13 30000
482 49 19 30000
482 42 41 30000
482 32 0 30000
483 36 2 30000
489 48 17 30000
489 2 20 30000
493 16 1 30000
493 37 2 30000
497 40 3 30000
497 36 1 30000
504 4 43 30000
504 36 0 30000
504 39 43 30000
504 14 47 30000
512 40 43 30000
512 32 47 34641
512 5 43 30000
512 0 31 30000
512 6 45 30000
520 43 41 30000
520 17 0 30000
520 4 37 30000
520 40 47 30000
523 44 42 56575
530 46 7 30000
530 1 31 30000
530 49 13 30000
530 47 42 30000
538 23 1 30000
538 41 43 30000
538 5 42 33759
538 45 2 30000
540 43 43 30000
551 49 41 30000
551 35 48 30000
551 16 0 30000
551 35 49 30000
551 37 0 30000
551 0 19 30000
555 43 42 30000
558 45 42 38577
562 1 12 30000
562 44 43 30000
564 45 43 38569
568 46 43 30000
568 40 1 30000
571 0 14 30000
571 45 44 30000
578 44 44 30000
578 46 46 30000
578 4 44 37797
585 46 42 37406
585 8 1 30000
585 44 46 48000
592 48 10 30000
592 43 45 30000
592 47 41 30000
592 3 46 30000
