21 0 0 3 0 30000 66000 39010.813 538 538 20179.333 18 18 2 0.0
25 0 0 5 0 30000 66000 38931.463 538 542 12216.000 0 20 2 0.0
29 0 0 5 0 30000 66000 38816.032 538 546 433.200 0 22 2 0.0
35 0 0 5 1 30000 66000 38816.032 538 550 542.200 0 24 2 2.0
38 0 0 7 1 30000 66000 38823.105 532 554 8958.429 0 26 2 2.0
38 5 3 9 1 30000 66000 38830.189 534 552 6967.222 0 26 2 2.0
40 7 5 9 1 30000 66000 38786.833 535 552 419.889 0 25 2 2.0
39 7 5 11 1 30000 66000 38793.893 535 554 5798.273 0 26 2 2.0
42 16 6 12 3 30000 66000 38797.428 535 555 2815.333 0 26 2 2.6666666666666665
44 19 8 14 3 30000 66000 38804.505 530 556 4593.286 0 25 2 2.6666666666666665
48 24 10 14 3 30000 66000 38804.505 532 556 307.857 0 25 2 2.6666666666666665
50 24 10 14 3 30000 66000 38732.100 532 557 346.071 0 25 2 2.6666666666666665
56 40 20 18 4 30000 66000 38731.668 531 559 6935.833 0 25 3 2.5
60 44 25 18 4 30000 66000 38731.668 526 558 268.722 0 26 3 2.5
58 43 28 18 4 30000 66000 38731.668 526 558 268.111 0 26 3 2.5
63 48 31 18 4 30000 66000 38731.668 526 560 268.389 0 24 3 2.5
66 51 32 18 4 30000 66000 38731.668 525 564 268.056 0 26 3 2.5
70 69 35 19 4 30000 66000 38735.187 520 564 1832.579 0 26 3 2.5
71 89 41 20 6 30000 66000 38738.710 520 564 1740.850 0 25 3 2.8333333333333335
79 113 56 20 6 30000 66000 38738.710 520 564 241.150 0 25 3 2.8333333333333335
81 125 65 22 6 30000 66000 38687.651 520 564 2970.636 0 25 3 2.8333333333333335
88 129 76 24 6 30000 66000 38694.669 515 565 2745.583 0 24 3 2.8333333333333335
89 143 82 24 6 30000 66000 38694.669 515 566 267.042 0 26 4 2.8333333333333335
93 189 97 26 8 30000 66000 38701.698 515 566 2575.000 0 24 4 3.25
98 208 109 27 8 30000 66000 38705.216 515 564 1368.481 0 24 4 3.25
103 218 113 30 8 30000 66000 38715.789 509 567 3231.467 0 24 4 3.25
105 219 119 30 8 30000 66000 38715.789 509 567 231.533 0 23 4 3.25
111 218 131 30 8 30000 66000 38715.789 509 567 231.533 0 23 4 3.25
114 280 141 30 10 30000 66000 38715.789 509 567 248.967 0 23 4 3.4
118 283 147 31 10 30000 66000 38719.320 503 568 1208.484 0 24 4 3.4
123 316 160 32 10 30000 66000 38722.853 505 570 1171.125 0 24 4 3.4
127 326 163 34 10 30000 66000 38686.131 505 569 1999.529 0 24 5 3.4
133 366 184 34 10 30000 66000 38686.131 505 570 234.529 0 22 5 3.4
143 396 208 34 10 30000 66000 38686.131 505 570 249.676 0 24 5 3.4
146 434 221 35 10 30000 66000 38689.655 505 571 1099.714 0 22 5 3.4
155 461 240 36 10 30000 66000 38693.182 501 570 1069.194 0 22 5 3.4
158 450 249 37 10 30000 66000 38696.711 499 568 1054.405 0 21 6 3.4
162 476 263 37 10 30000 66000 38696.711 499 570 257.784 0 20 5 3.4
163 497 268 38 10 30000 66000 38700.244 499 570 1040.211 0 19 6 3.4
169 536 289 39 10 30000 66000 38703.779 499 571 1013.359 0 20 6 3.4
172 562 300 40 13 30000 66000 38707.317 494 571 987.925 0 19 6 3.923076923076923
183 568 314 41 13 30000 66000 38710.858 494 571 964.073 0 19 6 3.923076923076923
195 588 336 42 13 30000 66000 38714.402 494 571 952.881 0 20 7 3.923076923076923
206 652 363 42 13 30000 66000 38714.402 494 572 238.452 0 18 7 3.923076923076923
215 634 375 42 13 30000 66000 38714.402 489 574 238.381 0 19 7 3.923076923076923
212 715 384 47 17 30000 66000 38732.165 489 574 3404.574 0 17 7 4.235294117647059
211 722 387 47 17 30000 66000 38732.165 489 575 212.638 0 18 7 4.235294117647059
210 733 391 47 17 30000 66000 38732.165 489 574 212.809 0 17 7 4.235294117647059
215 755 402 48 17 30000 66000 38735.726 484 572 833.375 0 15 7 4.235294117647059
222 768 409 49 17 30000 66000 38739.290 484 574 816.510 0 16 7 4.235294117647059
229 896 425 49 19 30000 66000 38739.290 484 575 204.184 0 16 7 4.2631578947368425
236 923 446 49 19 30000 66000 38739.290 484 574 204.265 0 16 8 4.2631578947368425
237 944 450 49 19 30000 66000 38739.290 479 576 204.490 0 16 8 4.2631578947368425
244 971 465 49 19 30000 66000 38739.290 481 579 204.653 0 17 8 4.2631578947368425
262 1077 505 49 22 30000 66000 38739.290 481 579 226.531 0 17 8 4.409090909090909
266 1085 508 50 22 30000 66000 38698.776 481 579 841.880 0 17 9 4.409090909090909
277 1126 533 51 22 30000 66000 38687.628 481 580 836.196 0 16 9 4.409090909090909
292 1201 567 52 22 30000 66000 38691.176 483 580 820.423 0 16 9 4.409090909090909
304 1249 595 52 22 30000 66000 38691.176 482 580 243.635 0 16 10 4.409090909090909
313 1273 618 52 22 30000 66000 38691.176 482 581 243.846 0 16 10 4.409090909090909
322 1292 627 52 22 30000 66000 38691.176 482 583 244.115 0 17 10 4.409090909090909
327 1308 631 52 22 30000 66000 38691.176 482 584 253.712 0 17 10 4.409090909090909
339 1405 666 53 22 30000 66000 38680.016 477 585 815.415 0 17 11 4.409090909090909
350 1413 695 54 22 30000 66000 38683.565 477 584 809.667 0 17 11 4.409090909090909
353 1474 698 55 22 30000 66000 38687.117 477 585 795.364 0 16 11 4.409090909090909
358 1494 723 55 22 30000 66000 38687.117 477 587 250.018 0 17 11 4.409090909090909
356 1473 718 56 22 30000 66000 38690.671 472 586 781.250 0 16 11 4.409090909090909
364 1590 743 57 22 30000 66000 38694.228 472 584 786.772 0 16 11 4.409090909090909
375 1614 765 57 22 30000 66000 38694.228 472 589 260.649 0 16 11 4.409090909090909
386 1692 791 58 22 30000 66000 38697.789 472 590 773.914 0 17 12 4.409090909090909
402 1702 828 58 22 30000 66000 38697.789 467 589 256.621 0 17 12 4.409090909090909
414 1772 851 59 22 30000 66000 38701.352 469 593 761.322 0 18 12 4.409090909090909
423 1866 865 60 25 30000 66000 38645.902 471 593 757.100 0 17 13 4.6
443 1911 906 60 25 30000 66000 38631.148 471 594 257.383 0 17 13 4.6
451 1977 933 61 25 30000 66000 38634.686 473 594 745.246 0 18 14 4.6
459 2033 951 61 27 30000 66000 38634.686 473 593 253.639 0 18 14 4.666666666666667
473 2088 980 61 27 30000 66000 38605.166 471 596 271.049 0 19 14 4.666666666666667
488 2189 1007 65 27 30000 66000 38545.380 475 596 2108.323 0 17 15 4.666666666666667
503 2257 1046 66 27 30000 66000 38534.100 475 595 720.955 0 17 15 4.666666666666667
515 2317 1083 67 27 30000 66000 38537.608 475 597 710.284 0 17 16 4.666666666666667
523 2444 1106 69 28 30000 66000 38544.632 475 599 1125.000 0 18 16 4.714285714285714
530 2462 1113 69 28 30000 66000 38544.632 475 599 255.594 0 17 16 4.714285714285714
542 2492 1151 72 29 30000 66000 38555.189 475 599 1495.222 0 17 16 4.758620689655173
552 2562 1164 76 29 30000 66000 38569.307 477 600 1811.579 0 17 17 4.758620689655173
571 2691 1208 76 29 30000 66000 38569.307 477 602 240.355 0 18 17 4.758620689655173
587 2684 1230 77 29 30000 66000 38572.844 479 605 627.143 0 18 18 4.758620689655173
612 2768 1285 78 29 30000 66000 38576.383 480 605 619.462 0 18 18 4.758620689655173
628 2838 1326 78 29 30000 66000 38576.383 482 605 235.064 0 18 19 4.758620689655173
660 2997 1397 78 29 30000 66000 38576.383 482 610 242.256 0 19 20 4.758620689655173
684 3097 1441 78 29 30000 66000 38531.792 484 610 256.346 0 20 20 4.758620689655173
702 3221 1493 78 29 30000 66000 38531.792 484 609 256.885 0 20 21 4.758620689655173
717 3404 1551 81 29 30000 66000 38542.373 486 611 1358.975 0 20 21 4.758620689655173
715 3453 1541 81 29 30000 66000 38542.373 487 611 248.160 0 21 22 4.758620689655173
720 3490 1560 81 29 30000 66000 38542.373 488 614 254.889 0 19 21 4.758620689655173
734 3552 1592 81 29 30000 66000 38542.373 490 614 255.247 0 20 22 4.758620689655173
748 3628 1623 81 29 30000 66000 38542.373 490 613 262.519 0 21 22 4.758620689655173
766 3720 1643 82 29 30000 66000 38545.906 491 618 631.622 0 20 23 4.758620689655173
789 3740 1684 82 29 30000 66000 38545.906 491 620 266.146 0 21 24 4.758620689655173
810 3901 1736 82 29 30000 66000 38545.906 491 620 266.744 0 21 24 4.758620689655173
818 4016 1764 84 29 30000 66000 38552.980 486 620 975.202 0 21 25 4.758620689655173
836 4157 1804 85 29 30000 66000 38556.522 486 620 617.776 0 22 25 4.758620689655173
853 4303 1845 86 29 30000 66000 38560.066 486 621 616.907 0 22 25 4.758620689655173
884 4340 1870 86 29 30000 66000 38545.153 486 623 282.000 0 22 26 4.758620689655173
919 4476 1951 87 29 30000 66000 38533.775 481 626 630.264 0 22 27 4.758620689655173
941 4531 1998 88 29 30000 66000 38537.313 481 626 623.477 0 23 28 4.758620689655173
962 4672 2032 89 29 30000 66000 38525.923 481 625 623.146 0 22 28 4.758620689655173
966 4860 2065 89 34 30000 66000 38525.923 481 628 286.730 0 23 28 5.294117647058823
996 5065 2131 90 34 30000 66000 38529.461 476 628 617.522 0 23 29 5.294117647058823
1013 5105 2163 91 34 30000 66000 38533.001 482 628 617.209 0 24 29 5.294117647058823
1038 5298 2213 92 35 30000 66000 38536.545 484 630 622.576 0 23 30 5.3428571428571425
1064 5362 2272 92 35 30000 66000 38491.694 484 632 303.239 0 22 30 5.3428571428571425
1097 5523 2343 92 35 30000 66000 38491.694 486 635 303.848 0 23 33 5.3428571428571425
1125 5579 2402 93 35 30000 66000 38495.222 486 635 623.452 0 23 32 5.3428571428571425
1145 5803 2432 96 36 30000 66000 38475.874 488 635 1235.260 0 23 34 5.388888888888889
1179 5978 2509 97 36 30000 66000 38464.419 490 638 604.598 0 23 34 5.388888888888889
1190 6082 2530 99 38 30000 66000 38471.470 490 638 895.859 0 24 34 5.447368421052632
1191 6187 2524 100 38 30000 66000 38475.000 492 640 587.320 0 24 36 5.447368421052632
1249 6505 2660 101 38 30000 66000 38448.520 492 640 598.287 0 24 35 5.447368421052632
1267 6712 2719 102 38 30000 66000 38422.018 495 643 593.275 0 25 36 5.447368421052632
1310 6926 2824 102 38 30000 66000 38422.018 497 643 299.892 0 25 38 5.447368421052632
1349 7045 2914 104 38 30000 66000 38429.048 497 645 871.346 0 26 39 5.447368421052632
1394 7384 3014 105 39 30000 66000 38432.568 499 648 578.133 0 26 39 5.487179487179487
1414 7669 3058 106 39 30000 66000 38436.090 501 648 573.632 0 26 42 5.487179487179487
1428 7718 3062 106 39 30000 66000 38436.090 501 650 291.321 0 27 42 5.487179487179487
1474 7822 3164 108 39 30000 66000 38443.144 503 652 846.824 0 26 42 5.487179487179487
1514 8200 3243 108 39 30000 66000 38443.144 506 655 292.426 0 26 44 5.487179487179487
1547 8358 3313 108 39 30000 66000 38397.993 506 654 303.583 0 25 45 5.487179487179487
1575 8534 3364 109 39 30000 66000 38401.506 508 657 587.284 0 26 46 5.487179487179487
1612 8628 3437 110 39 30000 66000 38389.958 508 660 592.564 0 27 47 5.487179487179487
1645 9067 3517 111 39 30000 66000 38318.125 511 661 597.973 0 27 47 5.487179487179487
1662 9301 3557 111 39 30000 66000 38318.125 513 661 328.486 0 28 48 5.487179487179487
1699 9542 3638 113 39 30000 66000 38325.094 515 664 854.637 0 30 50 5.487179487179487
1722 9760 3702 115 39 30000 66000 38332.075 517 665 840.591 0 29 51 5.487179487179487
1763 10008 3798 115 44 30000 66000 38332.075 517 666 319.574 0 29 51 6.045454545454546
1810 10234 3909 116 44 30000 66000 38335.570 519 670 581.069 0 29 51 6.045454545454546
1834 10434 3981 117 44 30000 66000 38339.068 521 672 582.667 0 30 54 6.045454545454546
1894 10546 4098 119 44 30000 66000 38315.834 522 671 835.067 0 29 54 6.045454545454546
1901 10617 4118 119 46 30000 66000 38315.834 523 674 336.008 0 28 55 6.130434782608695
1941 10953 4221 121 46 30000 66000 38307.692 524 675 832.223 0 29 56 6.130434782608695
1983 11176 4318 121 46 30000 66000 38307.692 522 678 337.322 0 30 58 6.130434782608695
2036 11441 4432 122 46 30000 66000 38311.186 519 680 586.139 0 31 59 6.130434782608695
2075 11885 4538 123 48 30000 66000 38314.682 519 681 582.577 0 31 59 6.229166666666667
2138 12383 4669 124 48 30000 66000 38318.182 519 684 579.508 0 32 61 6.229166666666667
2192 12448 4778 124 48 30000 66000 38318.182 516 684 343.323 0 32 62 6.229166666666667
2265 12912 4928 124 48 30000 66000 38318.182 513 687 349.734 0 32 63 6.229166666666667
2320 13066 5047 124 48 30000 66000 38318.182 513 690 355.234 0 32 66 6.229166666666667
2369 13282 5167 127 49 30000 66000 38283.186 517 692 1061.008 0 32 68 6.244897959183674
2424 14156 5271 127 50 30000 66000 38268.015 519 694 362.898 0 34 68 6.26
2489 14263 5391 129 50 30000 66000 38274.989 521 696 823.380 0 34 71 6.26
2573 14682 5577 131 50 30000 66000 38281.976 523 697 816.771 0 34 73 6.26
2616 14906 5640 132 50 30000 66000 38285.473 525 700 584.598 0 35 75 6.26
2693 15145 5781 132 50 30000 66000 38285.473 529 703 358.780 0 36 77 6.26
2781 15425 5978 133 50 30000 66000 38243.346 531 706 595.857 0 36 79 6.26
2843 16090 6072 135 52 30000 66000 38250.317 528 709 815.326 0 37 81 6.326923076923077
2937 16554 6249 136 52 30000 66000 38253.807 534 712 590.478 0 37 84 6.326923076923077
3004 16955 6392 136 52 30000 66000 38253.807 528 716 376.184 0 38 84 6.326923076923077
3089 17178 6556 136 52 30000 66000 38253.807 528 719 377.419 0 39 88 6.326923076923077
3158 17950 6737 136 55 30000 66000 38253.807 528 721 379.757 0 41 90 6.4363636363636365
3256 18245 6930 138 55 30000 66000 38260.796 528 724 814.913 0 43 91 6.4363636363636365
3309 18682 7028 138 55 30000 66000 38260.796 522 727 385.833 0 43 94 6.4363636363636365
3375 18739 7148 138 55 30000 66000 38245.555 528 729 391.746 0 43 96 6.4363636363636365
3426 19065 7263 141 55 30000 66000 38225.519 528 732 1028.284 0 45 99 6.4363636363636365
3509 19808 7420 141 55 30000 66000 38225.519 522 738 400.972 0 41 100 6.4363636363636365
3595 19867 7571 143 55 30000 66000 38232.499 522 738 820.888 0 42 105 6.4363636363636365
3706 20209 7808 144 55 30000 66000 38235.993 526 743 608.819 0 42 103 6.4363636363636365
3822 21105 8043 145 55 30000 66000 38239.490 530 747 611.503 0 44 108 6.4363636363636365
3913 21628 8241 147 55 30000 66000 38215.895 534 753 809.422 0 43 112 6.4363636363636365
4008 21901 8426 150 57 30000 66000 38165.106 536 755 1007.133 0 44 116 6.508771929824562
4093 22782 8649 150 57 30000 66000 38134.468 542 760 414.387 0 44 116 6.508771929824562
4176 23302 8823 153 57 30000 66000 38144.866 546 762 997.033 0 43 120 6.508771929824562
4262 23783 8979 153 57 30000 66000 38129.527 550 766 415.340 0 44 121 6.508771929824562
4334 23853 9132 157 57 30000 66000 38143.406 553 770 1170.561 0 45 125 6.508771929824562
4410 24700 9286 158 57 30000 66000 38146.883 558 774 600.601 0 45 124 6.508771929824562
4488 25151 9453 162 57 30000 66000 37976.048 561 777 1155.160 0 45 129 6.508771929824562
4584 25549 9655 164 59 30000 66000 37967.466 564 781 776.878 0 45 130 6.593220338983051
4720 26163 9925 164 59 30000 66000 37967.466 568 787 413.506 0 46 136 6.593220338983051
4822 26926 10166 165 59 30000 66000 37970.878 573 789 599.164 0 45 137 6.593220338983051
4947 27304 10433 166 60 30000 66000 37974.293 577 795 601.892 0 46 144 6.616666666666666
5035 27863 10632 168 60 30000 66000 37981.132 577 797 786.845 0 46 146 6.616666666666666
5185 28869 10952 169 60 30000 66000 37953.668 577 807 612.183 0 47 147 6.616666666666666
5369 29224 11350 170 60 30000 66000 37957.082 577 806 610.629 0 48 151 6.616666666666666
5463 30208 11559 170 61 30000 66000 37957.082 571 814 441.159 0 47 155 6.639344262295082
5584 31147 11835 171 61 30000 66000 37960.498 571 816 621.345 0 49 162 6.639344262295082
5766 32002 12245 172 61 30000 66000 37871.134 575 823 628.279 0 50 160 6.639344262295082
5896 32234 12506 173 61 30000 66000 37874.517 579 827 631.064 0 50 167 6.639344262295082
6040 32928 12808 175 61 30000 66000 37881.290 583 834 801.926 0 50 171 6.639344262295082
6183 33906 13144 177 61 30000 66000 37888.076 587 837 796.090 0 52 175 6.639344262295082
6343 34664 13525 179 61 30000 66000 37894.873 595 844 794.324 0 54 177 6.639344262295082
6473 35867 13781 182 61 30000 66000 37765.315 596 851 964.780 0 53 183 6.639344262295082
6621 36609 14112 183 61 30000 66000 37768.666 596 855 638.699 0 53 188 6.639344262295082
6764 36947 14449 186 61 30000 66000 37778.738 596 861 957.054 0 53 192 6.639344262295082
6898 37796 14784 188 61 30000 66000 37769.896 590 864 794.415 0 54 195 6.639344262295082
7099 38794 15227 191 61 30000 66000 37779.991 600 868 942.387 0 55 201 6.639344262295082
7274 40372 15684 193 61 30000 66000 37786.736 608 877 793.285 0 58 203 6.639344262295082
7440 41217 16073 197 61 30000 66000 37784.629 616 878 1089.234 0 57 215 6.639344262295082
7588 42280 16369 200 61 30000 66000 37794.783 622 889 930.565 0 57 220 6.639344262295082
7766 42710 16734 200 61 30000 66000 37794.783 628 892 490.380 0 58 221 6.639344262295082
7993 44497 17204 201 61 30000 66000 37798.173 634 904 642.547 0 60 226 6.639344262295082
8155 45353 17576 204 66 30000 66000 37761.324 640 911 938.922 0 58 236 6.984848484848484
8354 45713 18020 204 66 30000 66000 37729.965 646 913 504.407 0 60 237 6.984848484848484
8576 46936 18491 205 66 30000 66000 37717.647 652 920 652.907 0 61 248 6.984848484848484
8750 48513 18866 206 66 30000 66000 37721.011 662 926 662.243 0 64 250 6.984848484848484
8966 49354 19335 208 66 30000 66000 37712.042 665 937 808.764 0 64 249 6.984848484848484
9176 49821 19791 210 66 30000 66000 37703.057 671 943 815.248 0 66 266 6.984848484848484
9409 51659 20255 213 66 30000 66000 37697.420 680 952 951.207 0 65 266 6.984848484848484
9651 52791 20744 216 66 30000 66000 37691.769 689 962 950.259 0 67 268 6.984848484848484
9867 53737 21235 218 66 30000 66000 37682.734 698 969 820.349 0 68 281 6.984848484848484
10058 54001 21641 221 66 30000 66000 37629.662 701 976 960.000 0 66 284 6.984848484848484
10280 55777 22108 224 66 30000 66000 37623.902 712 987 958.049 0 67 291 6.984848484848484
10503 56949 22545 227 66 30000 66000 37633.964 724 995 954.260 0 70 304 6.984848484848484
10749 57726 23026 228 68 30000 66000 37637.324 730 1004 698.127 0 68 304 7.0588235294117645
11014 59466 23569 230 68 30000 66000 37644.053 737 1010 836.904 0 70 307 7.0588235294117645
11299 59922 24130 233 68 30000 66000 37654.169 745 1019 965.966 0 69 314 7.0588235294117645
11578 61238 24710 234 68 30000 66000 37657.546 754 1027 714.782 0 69 327 7.0588235294117645
11802 62356 25177 236 68 30000 66000 37664.311 765 1040 853.148 0 71 342 7.0588235294117645
12099 64352 25725 237 68 30000 66000 37667.698 778 1049 738.122 0 70 349 7.0588235294117645
12403 65773 26380 240 68 30000 66000 37677.876 786 1060 989.133 0 70 351 7.0588235294117645
12709 66225 27004 242 71 30000 66000 37684.677 793 1066 868.955 0 71 353 7.23943661971831
12986 68788 27568 246 71 30000 66000 37618.456 802 1079 1118.077 0 73 367 7.23943661971831
13296 70089 28231 249 72 30000 66000 37612.617 814 1087 996.606 0 71 376 7.25
13632 72764 28906 254 72 30000 66000 37629.564 825 1100 1229.079 0 75 385 7.25
13891 73342 29399 254 72 30000 66000 37581.478 825 1107 650.157 0 77 402 7.25
14201 75087 30051 258 72 30000 66000 37595.004 825 1121 1115.671 0 76 401 7.25
14557 77947 30775 259 72 30000 66000 37598.394 837 1130 780.162 0 77 404 7.25
14933 78553 31541 263 72 30000 66000 37595.887 841 1143 1126.631 0 78 414 7.25
15310 80302 32327 268 72 30000 66000 37612.903 852 1152 1229.026 0 79 425 7.25
15680 83028 33030 271 72 30000 66000 37623.149 872 1170 1014.712 1 81 452 7.25
16066 84922 33817 273 72 30000 66000 37484.508 872 1181 919.685 0 82 464 7.25
16463 86067 34557 275 73 30000 66000 37442.697 872 1189 923.738 0 81 456 7.301369863013699
16885 88114 35437 275 73 30000 66000 37442.697 876 1204 721.498 1 81 477 7.301369863013699
17303 89890 36247 277 73 30000 66000 37449.393 892 1216 955.906 0 81 489 7.301369863013699
17714 90654 37085 278 73 30000 66000 37420.342 904 1232 857.773 0 83 511 7.301369863013699
18027 92463 37654 282 73 30000 66000 37433.724 915 1240 1177.064 0 86 522 7.301369863013699
18404 94465 38339 284 73 30000 66000 37440.433 927 1252 977.285 0 88 531 7.301369863013699
18812 96532 39137 289 73 30000 66000 37457.259 939 1268 1291.682 0 84 535 7.301369863013699
19248 99696 40037 291 73 30000 66000 37366.229 955 1286 996.213 0 87 547 7.301369863013699
19652 100156 40855 292 73 30000 66000 37320.652 955 1288 907.548 0 90 559 7.301369863013699
20090 102614 41627 295 73 30000 66000 37330.612 959 1312 1119.868 1 88 579 7.301369863013699
20490 106093 42331 297 73 30000 66000 37255.561 975 1326 1040.030 0 87 578 7.301369863013699
21006 107992 43316 302 73 30000 66000 37255.687 991 1342 1338.662 0 87 593 7.301369863013699
21511 110415 44260 307 73 30000 66000 37206.566 1008 1358 1339.147 0 90 607 7.301369863013699
21909 111532 44918 311 73 30000 66000 37186.843 1023 1376 1243.932 0 91 625 7.301369863013699
22368 113491 45779 317 73 30000 66000 37190.105 1043 1388 1428.707 0 95 636 7.301369863013699
22869 114085 46729 319 73 30000 66000 37147.180 1048 1400 1059.053 0 92 645 7.301369863013699
23307 116008 47527 327 73 30000 66000 37156.926 1068 1416 1594.979 0 92 658 7.301369863013699
23731 118988 48447 330 76 30000 66000 37166.820 1088 1433 1148.727 0 93 670 7.552631578947368
24268 121510 49475 336 76 30000 66000 37170.055 1108 1457 1422.833 2 98 689 7.552631578947368
24837 123882 50641 339 76 30000 66000 37180.009 1123 1474 1171.770 0 97 691 7.552631578947368
25331 126526 51558 344 76 30000 66000 37163.265 1123 1489 1349.218 0 97 715 7.552631578947368
25919 130536 52700 345 76 30000 66000 37166.589 1148 1522 1023.362 5 102 736 7.552631578947368
26532 133270 53855 348 76 30000 66000 37176.580 1168 1541 1216.098 0 99 753 7.552631578947368
27189 135892 55083 350 76 30000 66000 37183.256 1184 1563 1145.503 2 99 767 7.552631578947368
27827 136423 56314 353 76 30000 66000 37193.293 1202 1573 1247.161 0 101 773 7.552631578947368
28529 141091 57707 353 76 30000 66000 37109.455 1232 1607 1020.354 1 105 823 7.552631578947368
29231 144110 58981 356 76 30000 66000 37102.612 1250 1629 1296.478 0 103 825 7.552631578947368
29816 146772 60143 359 76 30000 66000 37062.121 1275 1653 1314.075 0 104 841 7.552631578947368
30536 150431 61632 361 80 30000 66000 37051.893 1305 1679 1249.867 0 107 881 7.875
31223 153058 62947 366 80 30000 66000 37051.546 1329 1705 1508.880 0 104 881 7.875
31822 153580 64167 369 80 30000 66000 37061.473 1345 1725 1351.274 2 103 898 7.875
32533 158419 65510 375 80 30000 66000 37064.471 1384 1747 1610.040 1 108 940 7.875
33275 161022 66885 380 80 30000 66000 37064.151 1414 1791 1545.589 2 111 944 7.875
33956 164104 68121 383 80 30000 66000 37057.156 1440 1814 1414.023 0 110 958 7.875
34647 164748 69452 387 80 30000 66000 37002.366 1459 1835 1504.253 0 111 977 7.875
35426 169950 70797 391 80 30000 66000 36998.578 1499 1879 1528.801 4 112 999 7.875
36159 172590 72151 393 80 30000 66000 37005.221 1527 1907 1407.104 2 112 1000 7.875
37155 176144 73815 398 84 30000 66000 37004.757 1560 1937 1655.535 1 113 1000 8.154761904761905
37951 176731 75365 403 84 30000 66000 36866.953 1584 1960 1668.037 0 115 1000 8.154761904761905
38416 178743 76154 405 84 30000 66000 36856.325 1617 1988 1472.869 0 112 1000 8.154761904761905
39052 183034 77297 410 84 30000 66000 36872.727 1659 2031 1717.117 2 116 1000 8.154761904761905
39844 183723 78875 415 84 30000 66000 36854.676 1687 2049 1730.161 0 117 1000 8.154761904761905
40415 185760 79838 423 84 30000 66000 36881.078 1713 2081 1942.021 1 118 1000 8.154761904761905
41080 188772 81011 429 84 30000 66000 36848.865 1721 2123 1815.939 1 116 1000 8.154761904761905
41727 193136 81975 434 84 30000 66000 36778.316 1769 2164 1774.389 2 117 1000 8.154761904761905
42438 195562 83241 440 84 30000 66000 36710.680 1801 2202 1859.780 1 118 1000 8.154761904761905
42992 197130 84233 447 84 30000 66000 36628.349 1834 2232 1937.819 0 116 1000 8.154761904761905
43635 196286 85385 452 84 30000 66000 36644.531 1852 2250 1811.717 2 115 1000 8.154761904761905
44249 200960 86348 453 84 30000 66000 36630.191 1896 2295 1592.486 2 116 1000 8.154761904761905
44897 199483 87483 457 84 30000 66000 36607.930 1920 2307 1807.934 0 119 1000 8.154761904761905
45634 204277 88609 462 84 30000 66000 36518.155 1972 2361 1901.167 2 122 1000 8.154761904761905
46123 202669 89502 465 84 30000 66000 36527.764 1986 2382 1793.378 0 119 1000 8.154761904761905
46728 204176 90508 471 84 30000 66000 36476.097 2018 2418 1999.524 0 117 1000 8.154761904761905
47344 208654 91491 478 84 30000 66000 36498.516 2068 2463 2081.052 5 118 1000 8.154761904761905
48031 207427 92643 482 85 30000 66000 36475.719 2091 2490 1911.643 0 118 1000 8.188235294117646
48401 211608 93083 486 85 30000 66000 36417.080 2135 2541 1945.516 2 119 1000 8.188235294117646
48923 214728 93948 493 87 30000 66000 36439.462 2175 2580 2146.284 2 119 1000 8.28735632183908
49478 216898 94836 498 87 30000 66000 36419.580 2216 2617 2052.442 2 119 1000 8.28735632183908
50058 215302 95890 507 87 30000 66000 36412.444 2238 2637 2287.183 1 121 1000 8.28735632183908
50737 219942 97028 514 87 30000 66000 36435.045 2293 2690 2196.132 0 123 1000 8.28735632183908
51421 221203 98085 518 87 30000 66000 36448.032 2331 2727 2042.127 3 121 1000 8.28735632183908
51887 218787 98733 521 87 30000 66000 36457.807 2352 2754 2007.868 0 122 1000 8.28735632183908
52463 224374 99606 527 87 30000 66000 36477.446 2413 2817 2216.882 0 118 1000 8.28735632183908
53028 225269 100352 534 87 30000 66000 36445.575 2441 2861 2287.734 1 121 1000 8.28735632183908
53761 226293 101490 537 87 30000 66000 36327.050 2477 2897 2099.857 1 121 1000 8.28735632183908
54291 224055 102146 544 87 30000 66000 36331.288 2501 2924 2329.809 1 123 1000 8.28735632183908
54864 227893 102818 550 87 30000 66000 36276.923 2561 2973 2310.091 2 121 1000 8.28735632183908
55516 229222 103819 553 87 30000 66000 36286.595 2595 3035 2186.105 2 122 1000 8.28735632183908
55970 229390 104339 559 87 30000 66000 36306.028 2656 3064 2375.081 2 126 1000 8.28735632183908
56333 226890 104922 565 87 30000 66000 36325.581 2682 3097 2386.727 0 122 1000 8.28735632183908
56597 228310 105382 575 90 30000 66000 36358.442 2707 3137 2599.205 2 119 1000 8.511111111111111
57065 232762 105849 579 90 30000 66000 36371.681 2785 3200 2336.604 3 118 1000 8.511111111111111
57605 230869 107771 585 91 30000 66000 36335.248 2808 3235 2451.209 1 121 1000 8.56043956043956
58212 235745 108648 595 91 30000 66000 36330.709 2861 3303 2676.840 4 118 1000 8.56043956043956
58422 232126 108936 600 91 30000 66000 36347.368 2889 3315 2439.828 0 118 1000 8.56043956043956
58851 237178 109305 608 91 30000 66000 36374.207 2952 3379 2613.469 3 115 1000 8.56043956043956
59365 238187 110031 611 91 30000 66000 36384.330 3004 3441 2408.162 3 117 1000 8.56043956043956
59826 238291 110594 612 91 30000 66000 36387.712 3057 3480 2359.531 2 121 1000 8.56043956043956
60349 240012 111346 618 92 30000 66000 36408.077 3089 3528 2633.104 1 117 1000 8.608695652173912
60697 236817 111901 623 92 30000 66000 36425.147 3119 3550 2601.581 0 116 1000 8.608695652173912
61038 238080 112398 625 92 30000 66000 36432.000 3168 3598 2499.938 1 113 1000 8.608695652173912
61590 243926 113166 627 92 30000 66000 36438.868 3237 3671 2567.089 3 114 1000 8.608695652173912
62005 240297 113736 632 93 30000 66000 36436.831 3278 3699 2728.324 1 116 1000 8.688172043010752
62336 241183 114127 636 93 30000 66000 36392.704 3295 3751 2720.781 1 113 1000 8.688172043010752
62638 242037 114586 636 93 30000 66000 36373.391 3343 3799 2585.376 2 114 1000 8.688172043010752
62974 243374 114997 642 93 30000 66000 36393.972 3391 3846 2902.530 2 116 1000 8.688172043010752
63350 245437 115639 645 95 30000 66000 36384.906 3458 3902 2809.636 1 113 1000 8.789473684210526
63605 246026 115780 649 95 30000 66000 36398.703 3509 3951 2900.339 2 116 1000 8.789473684210526
64078 247617 116619 654 95 30000 66000 36338.028 3556 4007 2985.950 1 111 1000 8.789473684210526
64397 246927 116848 656 95 30000 66000 36325.380 3625 4077 2900.605 2 115 1000 8.789473684210526
64608 252070 117027 662 95 30000 66000 36346.028 3697 4152 3137.805 0 112 1000 8.789473684210526
64829 247574 117255 665 95 30000 66000 36356.403 3729 4172 3018.529 1 112 1000 8.789473684210526
65300 248121 117938 671 95 30000 66000 36357.572 3783 4213 3187.317 2 114 1000 8.789473684210526
65505 248945 118243 675 95 30000 66000 36351.781 3830 4281 3142.699 1 111 1000 8.789473684210526
66104 254121 119248 679 95 30000 66000 36365.733 3925 4371 3210.270 3 112 1000 8.789473684210526
66376 250119 119606 681 95 30000 66000 36352.941 3940 4383 3155.012 0 110 1000 8.789473684210526
66671 254973 120003 686 95 30000 66000 36330.761 4035 4477 3344.149 3 112 1000 8.789473684210526
66913 250881 120315 692 95 30000 66000 36311.947 4055 4511 3401.552 1 111 1000 8.789473684210526
67206 256614 120759 695 95 30000 66000 36282.548 4130 4579 3345.799 2 107 1000 8.789473684210526
67628 252898 121394 700 95 30000 66000 36200.000 4161 4618 3451.587 0 105 1000 8.789473684210526
67872 253055 121584 702 95 30000 66000 36146.830 4226 4671 3368.531 3 108 1000 8.789473684210526
68095 253152 121853 705 98 30000 66000 36096.936 4279 4726 3461.288 1 104 1000 8.96938775510204
68197 253197 122031 711 98 30000 66000 36117.384 4326 4788 3625.470 1 104 1000 8.96938775510204
68649 258262 122573 714 98 30000 66000 36047.032 4418 4881 3576.237 3 107 1000 8.96938775510204
68946 258214 122971 720 98 30000 66000 36026.966 4476 4933 3741.207 2 105 1000 8.96938775510204
69387 258065 123513 722 98 30000 66000 36033.746 4537 4994 3634.564 2 104 1000 8.96938775510204
69962 259014 124331 729 98 30000 66000 36057.595 4594 5063 3877.680 1 105 1000 8.96938775510204
70204 254618 124563 733 98 30000 66000 36030.560 4626 5080 3779.849 1 107 1000 8.96938775510204
70843 260227 125613 739 98 30000 66000 35989.779 4725 5184 3929.731 2 106 1000 8.96938775510204
71056 255809 125876 742 98 30000 66000 35979.522 4760 5217 3839.137 0 106 1000 8.96938775510204
71349 260424 126084 748 98 30000 66000 35958.904 4846 5303 4020.235 3 105 1000 8.96938775510204
71705 256049 126618 750 98 30000 66000 35965.714 4875 5329 3896.733 1 104 1000 8.96938775510204
71945 256215 126587 752 98 30000 66000 35910.755 4945 5388 3960.727 1 105 1000 8.96938775510204
72502 261401 127119 754 98 30000 66000 35814.433 5043 5507 4055.186 4 107 1000 8.96938775510204
72747 262352 127490 760 98 30000 66000 35772.414 5113 5563 4260.918 2 106 1000 8.96938775510204
73030 263179 127966 764 98 30000 66000 35764.977 5168 5650 4240.529 2 106 1000 8.96938775510204
73554 258851 128603 770 98 30000 66000 35784.971 5187 5682 4334.922 0 102 1000 8.96938775510204
73976 264959 129024 772 98 30000 66000 35791.667 5290 5782 4270.179 4 102 1000 8.96938775510204
74330 265090 129393 774 100 30000 66000 35777.520 5368 5843 4337.293 2 103 1000 9.19
74711 264845 129830 778 100 30000 66000 35790.941 5441 5929 4472.923 2 101 1000 9.19
74912 264713 129773 782 100 30000 66000 35783.469 5516 5981 4533.368 1 103 1000 9.19
75385 265840 130334 786 100 30000 66000 35796.966 5570 6051 4595.410 1 101 1000 9.19
75642 265141 130430 788 100 30000 66000 35803.738 5646 6134 4589.308 1 100 1000 9.19
76119 260987 131121 792 100 30000 66000 35817.330 5674 6152 4694.963 1 98 1000 9.19
76587 267332 131620 798 100 30000 66000 35774.383 5784 6283 4854.279 3 100 1000 9.19
76434 261671 131262 802 100 30000 66000 35745.583 5812 6310 4806.353 0 98 1000 9.19
76573 261603 131304 806 100 30000 66000 35759.150 5895 6385 4846.370 2 98 1000 9.19
76812 262309 131546 811 100 30000 66000 35776.199 5959 6458 4938.411 1 96 1000 9.19
76850 261035 131326 814 100 30000 66000 35786.477 6048 6514 4930.483 3 97 1000 9.19
77122 266517 131575 817 100 30000 66000 35796.791 6155 6634 5035.174 3 97 1000 9.19
77608 268137 132632 820 102 30000 66000 35785.714 6229 6706 5106.591 2 97 1000 9.343137254901961
77873 263253 132901 823 102 30000 66000 35710.197 6269 6764 5143.159 1 99 1000 9.343137254901961
77670 263700 132446 823 102 30000 66000 35645.796 6322 6815 5125.433 1 93 1000 9.343137254901961
77969 263693 132728 827 102 30000 66000 35508.667 6408 6912 5337.588 1 97 1000 9.343137254901961
78056 269153 132746 831 102 30000 66000 35521.869 6525 7032 5444.544 3 94 1000 9.343137254901961
78193 264135 132912 834 102 30000 66000 35510.204 6568 7059 5445.799 1 95 1000 9.343137254901961
78314 268896 132640 836 102 30000 66000 35451.923 6687 7183 5528.413 3 94 1000 9.343137254901961
78558 268810 132741 841 103 30000 66000 35381.555 6753 7266 5695.290 2 93 1000 9.427184466019417
78724 263629 132962 846 103 30000 66000 35397.823 6779 7314 5718.623 0 91 1000 9.427184466019417
79041 264183 133425 850 103 30000 66000 35389.091 6880 7378 5752.089 1 93 1000 9.427184466019417
79158 263738 133359 853 103 30000 66000 35267.760 6948 7455 5792.259 1 91 1000 9.427184466019417
79339 263895 133405 859 104 30000 66000 35177.331 7034 7542 5954.896 2 94 1000 9.5
79432 268955 133310 864 104 30000 66000 35127.139 7174 7684 6027.106 4 96 1000 9.5
79545 263407 133385 868 104 30000 66000 35139.706 7209 7714 6023.712 1 96 1000 9.5
79740 263299 133450 875 104 30000 66000 35161.846 7273 7790 6175.681 1 94 1000 9.5
80066 268001 133573 880 104 30000 66000 35177.778 7417 7931 6216.945 4 98 1000 9.5
80413 263367 134086 886 105 30000 66000 35174.721 7446 7967 6269.337 0 94 1000 9.59047619047619
80865 268789 134550 892 105 30000 66000 35194.030 7586 8103 6345.037 4 98 1000 9.59047619047619
81201 263581 134944 895 105 30000 66000 35203.738 7611 8138 6284.511 0 94 1000 9.59047619047619
81092 263201 134854 899 107 30000 66000 35149.282 7721 8222 6392.315 1 94 1000 9.738317757009346
81092 263480 134732 909 107 30000 66000 35181.647 7763 8321 6620.054 1 90 1000 9.738317757009346
81252 262702 134704 917 108 30000 66000 35207.833 7866 8387 6598.081 2 91 1000 9.814814814814815
81615 267088 135212 922 108 30000 66000 35155.894 7996 8524 6602.928 3 91 1000 9.814814814814815
81858 262081 135353 928 108 30000 66000 35129.771 8035 8564 6653.694 1 92 1000 9.814814814814815
82246 261900 135783 933 108 30000 66000 35100.191 8106 8663 6687.161 2 90 1000 9.814814814814815
82278 266696 135437 934 108 30000 66000 35057.471 8258 8794 6704.276 3 93 1000 9.814814814814815
82876 267334 136405 942 108 30000 66000 35083.440 8340 8888 6977.608 1 89 1000 9.814814814814815
83389 267967 136940 947 108 30000 66000 35099.807 8446 8992 6956.119 0 90 1000 9.814814814814815
83704 268463 137155 951 108 30000 66000 35112.976 8530 9072 6985.267 1 88 1000 9.814814814814815
83752 262864 137076 954 108 30000 66000 35122.898 8563 9108 6995.695 0 87 1000 9.814814814814815
83862 268028 136865 955 108 30000 66000 35126.214 8734 9264 7054.627 4 87 1000 9.814814814814815
84052 267522 136935 958 108 30000 66000 35136.187 8829 9355 7206.100 2 88 1000 9.814814814814815
84133 262318 136990 962 108 30000 66000 35079.324 8855 9409 7272.327 0 85 1000 9.814814814814815
84147 266952 136561 966 108 30000 66000 35045.632 9004 9557 7406.277 0 87 1000 9.814814814814815
84445 262111 137166 972 112 30000 66000 35065.445 9057 9589 7478.566 1 89 1000 10.142857142857142
84786 262312 137421 978 112 30000 66000 35085.414 9137 9693 7547.782 0 84 1000 10.142857142857142
84651 261357 137071 983 112 30000 66000 35102.175 9227 9783 7583.176 1 83 1000 10.142857142857142
84659 261161 136873 984 112 30000 66000 35105.541 9319 9888 7570.149 1 84 1000 10.142857142857142
84875 262003 137037 989 113 30000 66000 35050.960 9418 10005 7770.216 1 85 1000 10.194690265486726
85161 262396 137228 995 113 30000 66000 35071.096 9552 10099 7876.689 0 86 1000 10.194690265486726
85238 266921 137000 1000 113 30000 66000 35088.000 9694 10246 7958.682 3 86 1000 10.194690265486726
85189 266692 136540 1004 113 30000 66000 34957.219 9798 10366 8017.538 1 89 1000 10.194690265486726
85347 261585 136770 1007 113 30000 66000 34822.505 9836 10391 8032.029 0 85 1000 10.194690265486726
85460 261189 136465 1013 113 30000 66000 34841.964 9956 10500 8156.858 2 86 1000 10.194690265486726
85762 261716 136777 1016 115 30000 66000 34851.752 10059 10610 8168.105 0 84 1000 10.408695652173913
86081 266584 136712 1018 115 30000 66000 34858.300 10222 10788 8284.679 3 87 1000 10.408695652173913
86490 266892 137070 1023 115 30000 66000 34825.999 10324 10886 8459.445 2 84 1000 10.408695652173913
86798 261607 137445 1028 116 30000 66000 34842.391 10366 10943 8489.415 1 85 1000 10.5
86695 266408 136961 1032 116 30000 66000 34855.586 10521 11100 8604.005 3 84 1000 10.5
87043 260780 137289 1037 116 30000 66000 34872.180 10560 11152 8663.435 1 83 1000 10.5
87594 265590 137730 1042 116 30000 66000 34888.889 10749 11331 8800.501 3 85 1000 10.5
87646 265089 137552 1049 116 30000 66000 34912.474 10826 11439 8927.114 1 81 1000 10.5
87820 265179 137607 1050 116 30000 66000 34915.862 10948 11536 8874.254 1 82 1000 10.5
88025 260197 137872 1056 116 30000 66000 34886.427 11002 11592 9038.556 0 82 1000 10.5
88187 260278 137874 1058 116 30000 66000 34893.204 11112 11707 9019.164 2 81 1000 10.5
88267 260066 137771 1067 116 30000 66000 34898.814 11222 11825 9270.791 2 81 1000 10.5
88591 265428 137839 1067 117 30000 66000 34898.814 11383 11990 9208.565 3 82 1000 10.598290598290598
88703 259163 137825 1072 117 30000 66000 34915.966 11468 12036 9379.251 1 83 1000 10.598290598290598
88941 263415 137686 1080 117 30000 66000 34842.254 11655 12247 9586.201 3 84 1000 10.598290598290598
89357 258057 138236 1084 117 30000 66000 34703.390 11702 12270 9515.589 1 80 1000 10.598290598290598
89483 263321 138232 1088 119 30000 66000 34640.227 11876 12492 9676.252 3 81 1000 10.739495798319327
89761 263414 138437 1093 119 30000 66000 34656.716 11970 12574 9798.029 1 81 1000 10.739495798319327
89776 263070 138392 1100 119 30000 66000 34680.000 12096 12712 9930.088 0 79 1000 10.739495798319327
90085 258657 138828 1103 119 30000 66000 34690.050 12143 12749 9838.961 0 79 1000 10.739495798319327
90485 258726 139157 1105 121 30000 66000 34696.774 12264 12876 9920.346 1 80 1000 10.892561983471074
90440 258020 138861 1108 121 30000 66000 34706.897 12386 12975 10057.105 1 79 1000 10.892561983471074
90499 264018 138560 1110 121 30000 66000 34713.669 12571 13187 10225.430 3 81 1000 10.892561983471074
90544 258572 138478 1115 121 30000 66000 34652.708 12620 13258 10339.335 0 79 1000 10.892561983471074
90449 263451 137960 1119 121 30000 66000 34640.116 12861 13456 10485.262 1 83 1000 10.892561983471074
90953 263976 138484 1123 121 30000 66000 34627.451 12997 13615 10599.287 2 84 1000 10.892561983471074
90982 257974 138431 1126 121 30000 66000 34637.555 13014 13601 10623.333 0 81 1000 10.892561983471074
91211 257921 138347 1127 121 30000 66000 34640.932 13135 13748 10699.443 0 77 1000 10.892561983471074
91327 262553 138241 1128 121 30000 66000 34644.315 13383 13990 10897.320 3 79 1000 10.892561983471074
91677 263010 138726 1132 126 30000 66000 34657.895 13479 14093 11089.080 1 79 1000 11.373015873015873
91793 262866 138811 1136 126 30000 66000 34671.554 13579 14213 11201.088 2 78 1000 11.373015873015873
92226 262512 139158 1139 126 30000 66000 34602.498 13721 14338 11294.962 2 78 1000 11.373015873015873
92238 257120 139108 1142 126 30000 66000 34586.156 13781 14390 11347.788 1 77 1000 11.373015873015873
92302 262211 138737 1144 127 30000 66000 34592.920 13988 14622 11526.963 3 78 1000 11.456692913385826
92191 256611 138302 1148 127 30000 66000 34579.882 14036 14664 11622.767 0 76 1000 11.456692913385826
92456 256506 138336 1152 127 30000 66000 34593.472 14163 14823 11714.964 2 78 1000 11.456692913385826
92304 260856 137817 1157 127 30000 66000 34476.545 14379 15009 11914.271 3 78 1000 11.456692913385826
92715 255207 138252 1167 127 30000 66000 34456.114 14435 15060 12027.201 0 79 1000 11.456692913385826
92916 255314 138490 1169 127 30000 66000 34408.715 14573 15192 11949.708 1 78 1000 11.456692913385826
93140 255318 138657 1177 127 30000 66000 34435.374 14709 15335 12181.948 2 77 1000 11.456692913385826
93101 254750 138525 1183 129 30000 66000 34400.911 14840 15471 12224.316 2 75 1000 11.635658914728682
92849 259455 138027 1185 129 30000 66000 34352.852 15062 15674 12328.395 3 77 1000 11.635658914728682
93149 258763 138358 1189 129 30000 66000 34283.753 15212 15815 12495.118 2 79 1000 11.635658914728682
93432 253812 138658 1195 130 30000 66000 34303.448 15237 15875 12571.411 0 74 1000 11.707692307692307
93710 258305 138863 1204 130 30000 66000 34333.333 15440 16076 12752.821 3 76 1000 11.707692307692307
93981 252991 139183 1210 130 30000 66000 34269.767 15501 16144 12704.179 0 74 1000 11.707692307692307
94118 258560 139147 1213 130 30000 66000 34279.720 15733 16371 12800.458 3 76 1000 11.707692307692307
93772 252252 138468 1215 130 30000 66000 34286.381 15782 16418 12841.614 1 77 1000 11.707692307692307
93759 252583 138195 1218 130 30000 66000 34212.168 15920 16575 13004.508 1 73 1000 11.707692307692307
93660 251973 137797 1223 130 30000 66000 34228.661 16032 16713 13169.729 1 74 1000 11.707692307692307
93868 257578 137823 1226 130 30000 66000 34238.619 16333 16989 13344.265 2 74 1000 11.707692307692307
94437 252498 138517 1228 130 30000 66000 34188.679 16399 17026 13391.650 1 74 1000 11.707692307692307
94871 253098 138942 1229 134 30000 66000 34191.975 16555 17174 13539.292 1 76 1000 12.044776119402986
94790 258049 138528 1231 134 30000 66000 34198.582 16785 17412 13790.404 2 76 1000 12.044776119402986
95159 257781 138900 1233 134 30000 66000 34091.555 16919 17586 13941.417 2 77 1000 12.044776119402986
95212 252005 138842 1237 134 30000 66000 34047.506 16988 17614 14037.615 0 76 1000 12.044776119402986
95191 257146 138570 1238 134 30000 66000 34050.713 17230 17853 14197.523 2 76 1000 12.044776119402986
94983 251080 138199 1243 138 30000 66000 34066.826 17269 17917 14330.765 1 77 1000 12.304347826086957
94997 251390 138011 1245 138 30000 66000 34073.307 17427 18059 14414.812 1 76 1000 12.304347826086957
95064 255896 137860 1247 138 30000 66000 33964.884 17674 18312 14652.124 3 76 1000 12.304347826086957
94966 255011 137397 1249 138 30000 66000 33856.115 17827 18491 14809.231 1 74 1000 12.304347826086957
95002 254406 137085 1253 138 30000 66000 33868.484 17970 18637 14990.389 2 72 1000 12.304347826086957
95098 248960 136960 1259 138 30000 66000 33887.188 18007 18663 15063.736 0 70 1000 12.304347826086957
95213 254537 137040 1263 138 30000 66000 33899.757 18277 18933 15234.466 3 71 1000 12.304347826086957
95381 249405 137313 1268 138 30000 66000 33769.481 18336 18987 15298.158 1 70 1000 12.304347826086957
95553 254778 137449 1272 141 30000 66000 33752.443 18634 19289 15513.006 1 72 1000 12.53191489361702
95647 253618 137409 1276 141 30000 66000 33617.647 18745 19473 15649.717 1 73 1000 12.53191489361702
95466 252775 136845 1280 141 30000 66000 33629.508 18950 19584 15788.119 1 73 1000 12.53191489361702
95610 246966 136780 1284 142 30000 66000 33641.447 18993 19681 15838.743 1 72 1000 12.619718309859154
95710 246174 136629 1286 142 30000 66000 33647.446 19149 19805 15953.781 1 70 1000 12.619718309859154
95894 250454 136843 1288 142 30000 66000 33653.465 19399 20037 16199.904 1 71 1000 12.619718309859154
96145 245094 136910 1292 142 30000 66000 33665.563 19442 20116 16300.309 0 70 1000 12.619718309859154
96210 244953 136803 1297 142 30000 66000 33680.798 19597 20274 16412.148 2 70 1000 12.619718309859154
96255 250794 136870 1300 144 30000 66000 33690.000 19888 20542 16615.622 2 70 1000 12.743055555555555
96446 245343 137131 1303 144 30000 66000 33699.248 19936 20625 16682.223 0 70 1000 12.743055555555555
96662 250896 137587 1313 144 30000 66000 33669.756 20239 20876 16993.340 2 71 1000 12.743055555555555
96961 250453 137819 1315 144 30000 66000 33675.949 20403 21046 16979.211 1 71 1000 12.743055555555555
97034 245392 138003 1321 144 30000 66000 33694.656 20445 21111 17099.516 0 71 1000 12.743055555555555
97127 250198 138173 1328 144 30000 66000 33716.724 20712 21379 17270.410 3 71 1000 12.743055555555555
97216 245493 138525 1332 148 30000 66000 33729.452 20773 21445 17257.200 0 72 1000 12.986486486486486
97057 250761 138263 1336 149 30000 66000 33742.268 21044 21745 17495.767 3 73 1000 13.053691275167786
97228 245330 138258 1338 149 30000 66000 33748.709 21101 21788 17532.733 1 71 1000 13.053691275167786
97346 250328 138391 1340 149 30000 66000 33755.172 21422 22075 17807.160 3 70 1000 13.053691275167786
97615 250174 138676 1342 149 30000 66000 33761.658 21597 22249 17987.257 2 70 1000 13.053691275167786
97495 244600 138692 1345 149 30000 66000 33677.922 21647 22297 18077.454 0 68 1000 13.053691275167786
97533 244363 138815 1350 149 30000 66000 33693.913 21799 22454 18224.019 1 68 1000 13.053691275167786
97546 244452 138738 1356 151 30000 66000 33713.287 21974 22637 18371.422 1 67 1000 13.185430463576159
97517 249966 138807 1363 151 30000 66000 33736.148 22262 22958 18614.135 3 67 1000 13.185430463576159
97927 250349 139087 1366 151 30000 66000 33555.556 22474 23160 18707.558 2 68 1000 13.185430463576159
97890 244959 139124 1373 151 30000 66000 33577.640 22506 23186 18810.505 0 65 1000 13.185430463576159
97591 244453 138631 1375 153 30000 66000 33584.000 22696 23377 18837.940 1 65 1000 13.320261437908497
97613 244314 138586 1383 153 30000 66000 33609.669 22864 23554 19071.477 1 66 1000 13.320261437908497
97430 243490 138407 1386 153 30000 66000 33554.758 23070 23735 19131.185 1 67 1000 13.320261437908497
97623 249053 138411 1390 153 30000 66000 33502.703 23370 24050 19423.499 3 70 1000 13.320261437908497
97532 248203 138093 1395 155 30000 66000 33388.235 23508 24264 19598.071 1 72 1000 13.44516129032258
97394 247506 137695 1400 155 30000 66000 33305.455 23727 24435 19747.249 1 71 1000 13.44516129032258
97594 246997 137918 1405 155 30000 66000 33320.548 23916 24625 19898.941 1 67 1000 13.44516129032258
97887 242008 138370 1411 155 30000 66000 33338.843 23978 24719 19952.500 1 67 1000 13.44516129032258
98106 247355 138818 1417 155 30000 66000 33357.341 24287 24968 20184.624 1 64 1000 13.44516129032258
98512 247640 139434 1419 155 30000 66000 33363.552 24504 25163 20298.971 1 65 1000 13.44516129032258
98473 247140 139359 1424 155 30000 66000 33379.182 24690 25370 20514.143 2 66 1000 13.44516129032258
98526 242034 139582 1428 159 30000 66000 33391.791 24691 25422 20551.973 0 66 1000 13.647798742138365
98683 247159 139802 1431 159 30000 66000 33401.310 25047 25736 20800.379 2 64 1000 13.647798742138365
98668 246929 139778 1433 159 30000 66000 33407.685 25244 25941 20982.666 0 64 1000 13.647798742138365
98907 247238 139991 1441 159 30000 66000 33433.428 25443 26126 21185.016 1 65 1000 13.647798742138365
99440 247638 140553 1445 159 30000 66000 33344.076 25593 26351 21278.352 0 65 1000 13.647798742138365
99816 247836 140934 1448 159 30000 66000 33319.392 25854 26555 21451.452 1 63 1000 13.647798742138365
100048 247629 141031 1454 159 30000 66000 33338.432 26034 26734 21652.743 1 63 1000 13.647798742138365
99959 242260 141010 1459 159 30000 66000 33354.467 26034 26806 21676.687 1 64 1000 13.647798742138365
100064 247938 140915 1462 164 30000 66000 33364.162 26415 27164 21946.134 2 66 1000 13.871951219512194
100280 248170 141103 1466 164 30000 66000 33377.176 26649 27335 22141.471 1 63 1000 13.871951219512194
100457 248022 141013 1469 164 30000 66000 33282.250 26842 27532 22317.911 1 64 1000 13.871951219512194
100927 247698 141401 1470 164 30000 66000 33215.534 27019 27753 22498.311 1 65 1000 13.871951219512194
101113 247896 141606 1475 164 30000 66000 33196.098 27263 27934 22747.810 1 64 1000 13.871951219512194
101286 242253 141802 1477 164 30000 66000 33202.346 27298 28023 22780.060 0 62 1000 13.871951219512194
101248 247635 141583 1480 164 30000 66000 33211.765 27624 28375 23098.765 3 64 1000 13.871951219512194
101200 242180 141364 1483 164 30000 66000 33221.239 27733 28438 23177.577 1 62 1000 13.871951219512194
101224 242981 141581 1489 168 30000 66000 33240.356 27951 28663 23395.657 1 63 1000 14.053571428571429
101167 247820 141324 1496 168 30000 66000 33262.948 28296 29006 23665.443 2 63 1000 14.053571428571429
101325 247965 141552 1498 168 30000 66000 33269.461 28512 29205 23788.109 0 63 1000 14.053571428571429
101725 248261 141962 1500 168 30000 66000 33276.000 28725 29463 23974.275 1 64 1000 14.053571428571429
101630 247504 141575 1504 168 30000 66000 33289.157 28936 29640 24201.793 1 63 1000 14.053571428571429
101548 247048 141307 1506 168 30000 66000 33187.123 29176 29885 24386.228 2 64 1000 14.053571428571429
101261 241121 140866 1511 168 30000 66000 33203.236 29225 29932 24493.243 0 61 1000 14.053571428571429
100855 245931 139969 1516 168 30000 66000 33219.512 29576 30296 24747.297 2 62 1000 14.053571428571429
100825 240473 139871 1518 168 30000 66000 33079.430 29611 30377 24785.625 1 60 1000 14.053571428571429
100774 240640 139684 1525 168 30000 66000 33027.692 29873 30613 25039.063 0 59 1000 14.053571428571429
100893 245542 139677 1527 171 30000 66000 32959.918 30215 30963 25275.048 3 61 1000 14.210526315789474
101163 240374 140039 1532 171 30000 66000 32975.207 30304 31047 25385.824 1 61 1000 14.210526315789474
101235 245336 139937 1537 171 30000 66000 32990.654 30627 31427 25696.089 0 62 1000 14.210526315789474
101056 244745 139558 1541 171 30000 66000 33003.128 30889 31660 25818.882 2 63 1000 14.210526315789474
101279 244275 139800 1548 171 30000 66000 33025.210 31131 31847 26019.194 1 61 1000 14.210526315789474
101572 239572 140403 1553 171 30000 66000 32889.124 31111 31973 26033.748 0 61 1000 14.210526315789474
101531 239238 140093 1555 171 30000 66000 32895.238 31425 32164 26174.066 1 60 1000 14.210526315789474
101771 239187 140247 1561 171 30000 66000 32913.738 31643 32394 26419.503 1 61 1000 14.210526315789474
101712 244581 140152 1565 174 30000 66000 32926.203 32048 32781 26718.533 0 60 1000 14.350574712643677
101652 239005 139970 1567 174 30000 66000 32932.476 32119 32852 26719.909 0 60 1000 14.350574712643677
101591 243228 139580 1569 175 30000 66000 32938.776 32496 33201 27055.463 2 60 1000 14.371428571428572
102058 243216 140237 1570 175 30000 66000 32903.226 32717 33476 27292.446 1 61 1000 14.371428571428572
102267 238037 140484 1571 175 30000 66000 32906.351 32760 33536 27414.689 0 60 1000 14.371428571428572
102433 238030 140550 1575 175 30000 66000 32918.919 33015 33762 27661.578 1 61 1000 14.371428571428572
102368 242970 140234 1579 175 30000 66000 32931.596 33416 34207 28021.235 2 64 1000 14.371428571428572
102471 242518 140212 1581 175 30000 66000 32820.457 33629 34438 28228.738 1 63 1000 14.371428571428572
102529 237423 140222 1582 175 30000 66000 32745.098 33700 34535 28334.250 0 62 1000 14.371428571428572
102508 241598 139935 1585 175 30000 66000 32754.098 34120 34855 28698.780 2 61 1000 14.371428571428572
102390 235990 139404 1590 175 30000 66000 32690.110 34165 34973 28789.470 0 62 1000 14.371428571428572
102418 235793 139389 1593 175 30000 66000 32699.008 34425 35162 28912.492 1 60 1000 14.371428571428572
102616 235720 139519 1596 175 30000 66000 32707.965 34573 35418 29142.209 1 57 1000 14.371428571428572
102669 236173 139463 1600 179 30000 66000 32720.000 34906 35650 29382.123 1 57 1000 14.59217877094972
102370 235636 138785 1603 179 30000 66000 32729.097 35150 35887 29595.140 1 58 1000 14.59217877094972
102545 240437 138811 1607 179 30000 66000 32741.321 35522 36339 29987.817 3 60 1000 14.59217877094972
102702 240513 138875 1611 179 30000 66000 32753.656 35811 36597 30219.448 1 60 1000 14.59217877094972
103125 240883 139420 1612 179 30000 66000 32756.757 36082 36871 30444.991 1 58 1000 14.59217877094972
103387 240660 139734 1616 179 30000 66000 32606.335 36341 37076 30721.837 1 59 1000 14.59217877094972
103249 234974 139374 1620 179 30000 66000 32495.455 36340 37181 30795.636 1 59 1000 14.59217877094972
103084 234755 139173 1624 179 30000 66000 32465.753 36675 37394 31022.055 1 57 1000 14.59217877094972
103430 240365 139601 1627 179 30000 66000 32474.227 37063 37906 31414.856 3 60 1000 14.59217877094972
103598 239780 139506 1631 179 30000 66000 32485.616 37320 38171 31663.796 0 60 1000 14.59217877094972
103808 234531 139662 1638 179 30000 66000 32505.800 37424 38187 31692.513 1 60 1000 14.59217877094972
103663 234852 139669 1643 180 30000 66000 32520.420 37703 38469 31842.531 1 57 1000 14.644444444444444
103603 234161 139311 1647 180 30000 66000 32532.239 37916 38734 32056.592 2 59 1000 14.644444444444444
103372 233666 138841 1652 180 30000 66000 32547.170 38220 38968 32276.353 1 57 1000 14.644444444444444
103494 233803 138943 1656 180 30000 66000 32559.242 38342 39300 32492.563 1 58 1000 14.644444444444444
103547 233962 138707 1660 180 30000 66000 32571.429 38733 39502 32736.952 0 55 1000 14.644444444444444
103299 238108 138341 1662 180 30000 66000 32577.566 39111 39990 33045.873 3 58 1000 14.644444444444444
103459 238506 138787 1667 182 30000 66000 32506.603 39442 40195 33317.267 1 58 1000 14.73076923076923
103689 237723 138752 1668 182 30000 66000 32509.615 39663 40500 33532.696 1 58 1000 14.73076923076923
104036 233478 139216 1676 182 30000 66000 32533.981 39772 40522 33637.683 0 57 1000 14.73076923076923
104272 233910 139763 1679 183 30000 66000 32543.240 39937 40869 33804.208 1 58 1000 14.759562841530055
104662 238334 140105 1682 183 30000 66000 32508.557 40456 41295 34207.913 2 59 1000 14.759562841530055
104525 232864 139955 1687 183 30000 66000 32479.705 40453 41397 34299.359 0 58 1000 14.759562841530055
104105 232531 139499 1692 183 30000 66000 32495.050 40817 41584 34472.021 1 55 1000 14.759562841530055
104180 232835 139751 1693 183 30000 66000 32319.703 40975 41894 34712.295 1 56 1000 14.759562841530055
104066 232538 139481 1697 183 30000 66000 32241.594 41383 42118 35012.748 1 57 1000 14.759562841530055
103703 237074 138932 1703 183 30000 66000 32258.469 41836 42603 35406.122 2 58 1000 14.759562841530055
104095 232557 139359 1711 186 30000 66000 32281.369 41922 42710 35442.016 0 58 1000 14.849462365591398
103835 231880 138821 1714 186 30000 66000 32290.076 42170 42945 35508.570 1 57 1000 14.849462365591398
103519 231291 138461 1716 186 30000 66000 32295.918 42425 43230 35776.418 1 56 1000 14.849462365591398
103262 231329 138193 1718 186 30000 66000 32301.790 42711 43485 36056.612 1 57 1000 14.849462365591398
102843 231129 137647 1721 186 30000 66000 32310.655 42963 43777 36333.895 0 58 1000 14.849462365591398
102801 230711 137326 1721 186 30000 66000 32310.655 43249 44023 36535.202 1 57 1000 14.849462365591398
102790 234993 137151 1723 186 30000 66000 32316.602 43618 44565 37027.778 1 60 1000 14.849462365591398
102461 229225 136674 1723 188 30000 66000 32316.602 43762 44653 37159.414 0 54 1000 14.930851063829786
102531 229316 136792 1728 188 30000 66000 32331.606 43937 44886 37429.470 1 54 1000 14.930851063829786
102351 229059 136352 1736 188 30000 66000 32214.660 44303 45139 37644.953 1 54 1000 14.930851063829786
102428 235044 136331 1738 188 30000 66000 32078.740 44844 45637 38014.343 2 54 1000 14.930851063829786
102635 229902 136358 1740 188 30000 66000 32084.211 44922 45729 38143.987 0 54 1000 14.930851063829786
102755 234665 136408 1746 188 30000 66000 32100.796 45417 46209 38542.617 2 54 1000 14.930851063829786
102926 229911 136494 1748 188 30000 66000 32106.383 45409 46333 38605.868 0 55 1000 14.930851063829786
102918 230038 136576 1750 191 30000 66000 32112.000 45680 46585 38894.414 1 54 1000 15.036649214659686
103080 236161 136656 1753 191 30000 66000 32120.482 46272 47134 39389.924 2 56 1000 15.036649214659686
102990 235607 136514 1758 191 30000 66000 32134.771 46559 47423 39665.390 1 57 1000 15.036649214659686
103225 230857 136823 1762 191 30000 66000 32146.341 46644 47525 39737.978 0 54 1000 15.036649214659686
102861 234907 136380 1762 191 30000 66000 32146.341 47110 48050 40105.654 2 56 1000 15.036649214659686
102980 234766 136511 1763 191 30000 66000 32100.407 47460 48270 40449.400 1 55 1000 15.036649214659686
102866 229388 136282 1767 191 30000 66000 32062.756 47561 48333 40588.379 0 54 1000 15.036649214659686
103084 235332 136682 1769 191 30000 66000 32068.399 48032 48898 40954.501 2 55 1000 15.036649214659686
103071 234791 136537 1769 191 30000 66000 32068.399 48289 49210 41285.421 1 55 1000 15.036649214659686
