10 0 0 3 0 7024 56235 18284.218 506 506 19917.600 2 3 1 0.0
12 0 0 4 1 7025 50734 18287.996 506 508 7500.833 3 3 1 20.0
14 0 0 7 2 7026 50784 18740.890 506 508 15592.889 0 4 1 18.0
15 0 0 10 3 7192 50833 19234.896 506 508 11723.333 0 4 1 17.0
17 0 0 12 3 7193 49666 19713.743 506 510 6551.286 0 4 1 17.0
18 0 0 16 4 7188 49494 19625.226 500 510 10276.556 0 5 1 16.25
18 0 0 20 4 7181 49236 19513.100 500 512 8379.409 0 5 2 16.25
22 0 0 22 5 7179 49150 19465.453 500 512 4292.292 0 6 2 15.6
25 0 0 27 6 7179 49150 19412.685 500 514 8009.103 0 6 2 15.333333333333334
25 0 0 27 7 7175 49006 19373.504 495 514 156.517 0 7 2 16.428571428571427
28 0 0 30 8 7168 48748 19267.052 495 516 4735.719 0 7 2 16.375
31 0 0 31 9 7165 48662 19231.786 495 517 1614.273 0 8 2 16.77777777777778
34 0 0 33 10 7165 48662 19210.318 495 518 2740.229 0 9 2 17.2
35 0 0 33 11 7161 48518 19171.168 490 519 129.114 0 9 2 17.818181818181817
37 0 0 33 12 7157 48361 19128.322 491 519 128.771 0 9 2 17.5
34 0 0 34 13 7341 48482 19781.026 491 518 1496.139 0 8 2 17.307692307692307
39 0 0 34 13 7341 48531 19786.659 491 518 166.528 0 8 2 17.307692307692307
43 0 0 38 13 7343 48691 19767.511 491 518 4713.075 0 8 2 17.307692307692307
44 0 0 39 14 7338 48700 19734.960 486 518 1224.951 0 8 2 17.357142857142858
43 0 0 45 14 7334 48671 19655.761 486 514 5722.298 0 8 2 17.357142857142858
45 0 0 47 15 7329 48518 19592.290 486 515 2006.020 0 8 2 17.2
46 0 0 51 16 7329 47887 19529.446 486 515 3466.792 0 8 2 17.5625
49 0 0 52 17 7325 47744 19500.152 481 515 1024.241 0 8 2 17.235294117647058
50 0 0 55 17 7320 47600 19435.369 481 515 2550.386 0 10 2 17.235294117647058
47 0 0 55 18 7316 47457 19416.363 481 513 129.754 0 11 2 17.11111111111111
51 0 0 55 19 7316 47457 19390.215 481 512 129.439 0 9 2 17.263157894736842
53 0 0 56 20 7311 47313 19343.910 476 512 845.569 0 9 2 17.15
56 0 0 56 20 7306 47170 19333.057 476 512 126.793 0 9 3 17.15
63 0 0 56 21 7302 47027 19292.723 476 512 126.552 0 10 3 17.476190476190474
65 0 0 56 22 7302 47027 19294.337 476 510 126.448 0 11 3 17.545454545454547
66 0 0 57 22 7297 46883 19246.475 471 510 824.237 0 11 3 17.545454545454547
71 0 0 57 23 7293 46740 19224.172 471 510 123.864 0 11 3 17.434782608695652
71 0 0 57 24 7288 46596 19205.087 471 510 123.661 0 11 3 17.458333333333332
75 0 0 59 24 7288 46596 19172.572 471 510 1461.852 0 13 3 17.458333333333332
79 0 0 59 25 7284 46453 19153.731 466 508 119.311 0 13 3 17.36
85 0 0 60 26 7279 46309 19125.540 466 508 791.323 0 13 3 17.615384615384617
84 0 0 60 26 7283 46431 19581.019 466 508 124.758 0 13 3 17.615384615384617
81 0 0 60 27 7283 46431 19572.604 466 507 124.516 0 13 3 17.40740740740741
83 0 0 60 28 7280 46324 19541.189 461 507 124.355 0 14 3 17.464285714285715
86 0 0 63 29 7273 46108 19468.559 461 507 2083.662 0 14 3 17.655172413793103
81 0 0 66 30 7269 45988 19408.986 461 505 1989.647 0 13 3 17.566666666666666
85 0 0 67 30 7269 45988 19390.676 461 505 719.145 0 12 3 17.566666666666666
92 0 0 67 31 7266 45902 19381.439 456 505 117.899 0 13 3 17.451612903225808
93 0 0 69 32 7262 45764 19323.964 456 504 1413.901 0 12 4 17.59375
95 0 0 69 33 7260 45692 19306.008 456 504 120.775 0 12 4 17.545454545454547
103 0 0 70 34 7260 45692 19299.091 456 504 676.861 0 11 4 17.676470588235293
109 0 0 70 35 7255 45549 19268.067 451 504 118.931 0 14 4 17.857142857142858
111 0 0 70 35 7249 45363 19230.797 451 503 118.667 0 13 4 17.857142857142858
114 0 0 70 36 7438 46759 19836.925 451 502 124.653 0 13 4 17.72222222222222
117 0 0 70 37 7438 46759 19838.576 451 501 124.708 0 12 4 17.675675675675677
120 0 0 70 38 7438 46759 19825.062 451 501 124.472 0 12 4 17.657894736842106
125 0 0 71 39 7422 46388 19727.902 446 501 664.260 0 14 4 17.615384615384617
121 0 0 73 39 7422 46388 19704.710 448 500 1235.627 0 13 4 17.615384615384617
129 0 0 73 40 7240 45076 19110.237 448 499 125.147 0 13 5 17.5
131 0 0 73 41 7423 46425 19703.450 448 501 130.933 0 13 5 17.414634146341463
130 0 0 73 42 7415 46240 19668.252 443 500 130.707 0 12 5 17.30952380952381
129 0 0 74 42 7415 46240 19652.835 443 499 713.013 0 13 5 17.30952380952381
132 0 0 77 43 7407 46055 19241.951 443 499 1747.823 0 13 5 17.27906976744186
140 0 0 77 43 7407 46055 19230.255 443 499 129.759 0 13 5 17.27906976744186
147 0 0 77 44 7399 45870 19194.841 438 499 129.620 0 12 5 17.181818181818183
150 0 0 77 45 7399 45870 19193.426 438 499 129.557 0 13 5 17.08888888888889
154 0 0 78 45 7392 45684 19166.234 438 499 611.188 0 13 5 17.08888888888889
157 0 0 78 45 7392 45684 19160.266 438 498 127.625 0 13 5 17.08888888888889
154 0 0 78 46 7384 45499 19125.129 433 497 127.488 0 12 6 17.02173913043478
162 0 0 78 47 7384 45499 19438.537 433 496 132.900 0 13 5 16.93617021276596
175 0 0 78 48 7608 50726 20135.929 433 496 138.038 0 13 6 16.916666666666668
184 0 0 78 49 7602 50597 20134.726 433 496 149.400 0 13 6 16.979591836734695
194 0 0 79 50 7602 50597 20102.319 428 496 683.037 0 13 6 17.1
198 0 0 79 51 7593 50382 20067.858 428 496 147.148 0 13 7 17.176470588235293
202 0 0 80 52 7584 50167 20017.982 428 495 621.317 0 15 7 17.307692307692307
207 0 0 82 53 7584 50167 19987.428 428 495 1117.393 0 14 7 17.264150943396228
215 0 0 83 54 7372 45228 19297.914 423 494 589.776 0 13 7 17.296296296296298
221 0 0 84 54 7372 45228 19296.685 423 493 585.337 0 13 7 17.296296296296298
230 0 0 86 55 7367 45104 19251.899 423 494 1025.102 0 13 8 17.236363636363638
242 0 0 86 56 7361 44981 19234.569 423 494 139.648 0 13 8 17.214285714285715
253 0 0 88 56 7356 44857 19213.844 418 494 939.389 0 13 8 17.214285714285715
255 0 0 88 57 7356 44857 19195.803 418 493 136.322 0 15 8 17.17543859649123
258 0 0 88 58 7351 44734 19175.343 418 493 136.100 0 15 8 17.155172413793103
261 0 0 88 58 7346 44610 19150.749 418 493 136.011 0 14 8 17.155172413793103
271 0 0 90 59 7340 44487 19128.775 413 492 898.783 0 13 9 17.050847457627118
274 0 0 90 59 7344 44585 19133.185 416 493 132.924 0 14 9 17.050847457627118
287 0 0 90 60 7346 44610 19145.792 413 493 137.674 0 13 9 17.033333333333335
303 0 0 92 60 7346 44629 19144.831 413 493 950.660 0 14 9 17.033333333333335
317 0 0 92 61 7346 44629 19160.311 413 494 139.851 0 14 10 16.9672131147541
327 0 0 92 61 7344 44573 19157.239 411 496 139.894 0 13 10 16.9672131147541
342 0 0 92 62 7344 44573 19166.361 408 496 139.968 0 13 11 16.887096774193548
354 0 0 94 63 7348 44669 19187.656 408 497 937.698 0 14 11 16.857142857142858
362 0 0 94 64 7349 44684 19200.571 408 498 142.073 0 14 11 16.84375
368 0 0 95 64 7346 44610 19190.610 406 499 527.072 0 14 11 16.84375
374 0 0 95 65 7347 44655 19202.840 403 498 140.660 0 14 12 16.953846153846154
383 0 0 96 66 7344 44581 19195.201 403 501 481.827 0 14 12 16.924242424242426
392 0 0 97 67 7364 45042 19248.713 403 501 481.242 0 14 12 16.925373134328357
391 0 0 98 68 7236 44943 18844.615 401 502 529.530 0 15 12 16.941176470588236
406 0 0 99 68 7237 44982 18846.976 398 501 494.743 0 14 12 16.941176470588236
422 0 0 103 69 7126 43747 18462.969 403 503 1667.057 0 15 13 17.0
443 0 0 106 70 7128 46993 18820.584 403 504 1260.565 0 15 13 16.942857142857143
456 0 0 106 71 7129 47024 18832.844 405 505 154.074 0 15 14 16.971830985915492
462 0 0 106 72 7128 47086 18844.054 405 506 154.176 0 15 14 17.055555555555557
469 0 0 106 73 7132 47092 18857.743 405 507 154.407 0 16 14 17.15068493150685
487 0 0 107 73 7135 43625 18898.288 407 508 527.945 0 16 15 17.15068493150685
502 0 0 108 74 7136 41786 18514.633 407 508 513.973 0 16 15 17.18918918918919
530 0 0 109 75 7137 41823 18518.586 407 510 525.351 0 17 16 17.133333333333333
546 0 0 111 76 7138 41876 18515.827 409 510 804.531 0 17 16 17.17105263157895
562 0 0 112 77 7140 44032 18933.950 410 511 491.632 0 17 17 17.181818181818183
565 0 0 112 77 7547 44289 20224.643 411 512 172.333 0 18 17 17.181818181818183
593 0 0 116 77 7761 48575 20811.510 411 513 1455.195 0 18 18 17.181818181818183
615 0 0 120 78 7761 48575 20771.441 411 514 1502.508 0 19 18 17.141025641025642
638 0 0 120 79 7761 48575 20787.342 411 514 165.066 0 19 18 17.21518987341772
659 0 0 124 80 7739 48144 20700.221 406 516 1402.286 0 19 20 17.175
676 0 0 125 81 7739 48144 20703.793 406 516 481.378 0 18 20 17.135802469135804
690 0 0 129 82 7739 48144 20677.471 406 518 1339.557 0 19 21 17.097560975609756
704 0 0 129 82 7739 48144 20687.275 406 517 157.588 0 17 21 17.097560975609756
723 0 0 130 83 7418 44454 19766.123 401 519 470.205 0 18 21 17.072289156626507
733 0 0 131 84 7426 44680 19791.198 401 519 496.917 0 17 22 17.095238095238095
745 0 0 132 85 7427 44714 19792.477 401 520 441.463 0 17 22 17.03529411764706
766 0 0 132 86 7427 44697 19800.924 401 521 161.828 0 17 23 17.023255813953487
773 0 0 132 87 7427 44714 19808.824 396 522 161.933 0 17 23 17.057471264367816
788 0 0 133 87 7430 44774 19818.514 397 523 492.267 0 17 23 17.057471264367816
813 0 0 134 88 7706 44857 20619.313 396 523 455.904 0 18 24 17.113636363636363
830 0 0 134 89 7712 43074 21069.615 399 525 170.066 0 18 24 17.04494382022472
847 0 0 135 90 7715 43096 21077.874 400 526 482.949 0 19 25 17.066666666666666
859 0 0 138 90 7711 43225 21064.575 396 527 998.279 0 19 26 17.066666666666666
883 0 0 140 90 7611 43612 20837.021 401 527 738.655 0 19 26 17.066666666666666
895 0 0 142 91 7611 45228 20373.279 403 528 704.264 0 19 27 16.98901098901099
925 0 0 144 91 7616 45307 20391.302 404 529 641.425 0 20 28 16.98901098901099
951 0 0 148 92 7312 47357 19457.999 405 532 1210.213 0 20 29 16.945652173913043
985 0 0 150 93 7458 45531 19908.098 407 532 654.342 0 19 29 16.989247311827956
1021 0 0 153 94 7459 45580 19903.514 407 534 903.206 0 20 30 16.93617021276596
1038 0 0 155 95 7464 45703 19916.548 407 534 704.274 0 20 31 16.957894736842107
1035 0 0 156 95 7465 45740 19923.395 402 535 424.272 0 20 31 16.957894736842107
1063 0 0 158 96 7466 45758 19920.506 402 536 559.756 0 21 31 16.875
1098 0 0 158 97 7469 45844 19945.379 402 537 168.350 0 21 32 16.938144329896907
1129 0 0 158 97 7333 48019 19544.611 402 539 171.719 0 21 33 16.938144329896907
1175 0 0 160 98 7209 45992 19164.461 397 541 664.296 0 22 34 16.918367346938776
1188 0 0 160 99 7210 46154 20026.927 397 541 176.333 0 22 34 16.91919191919192
1198 0 0 160 100 7214 46298 19660.596 397 542 179.901 0 23 35 16.91
1218 0 0 162 100 8006 46447 22320.904 397 543 578.256 0 22 35 16.91
1247 0 0 162 101 7996 46517 22306.947 393 544 183.701 0 22 35 16.91089108910891
1267 0 0 164 101 7998 46582 22312.680 394 544 674.259 0 22 36 16.91089108910891
1305 0 0 164 102 7654 46600 21425.593 395 546 187.663 0 23 38 16.96078431372549
1321 0 0 165 103 7502 46725 20592.564 396 547 427.868 0 22 38 17.019417475728154
1371 0 0 165 104 7503 46768 20610.188 397 547 193.353 0 23 39 17.009615384615383
1418 0 0 168 105 7507 46859 20616.788 397 548 867.265 0 22 41 17.057142857142857
1425 0 0 168 105 7507 46874 20622.792 399 550 190.547 0 22 41 17.057142857142857
1465 0 0 168 106 7509 46926 20640.546 400 551 190.812 0 23 42 17.10377358490566
1517 0 0 171 107 8313 46993 22666.269 400 552 875.168 0 23 43 17.093457943925234
1531 0 0 172 108 8313 47113 22680.890 400 553 394.379 0 23 44 17.09259259259259
1569 0 0 173 108 7244 47227 19866.877 400 555 409.680 0 23 44 17.09259259259259
1631 0 0 176 109 7872 47413 21680.331 396 555 809.258 0 24 47 17.119266055045873
1669 0 0 180 110 7888 47486 23041.749 396 557 1069.308 0 24 48 17.136363636363637
1702 0 0 181 111 7893 47563 22587.562 396 558 435.246 0 25 49 17.144144144144143
1728 0 0 183 112 7888 47689 22586.689 396 560 678.178 0 26 51 17.1875
1745 0 0 189 112 7891 47787 22119.350 392 560 1461.147 0 26 50 17.1875
1750 0 0 192 113 7894 47890 22127.513 392 562 821.314 0 27 52 17.238938053097346
1810 0 0 193 114 7897 48002 22150.822 392 563 403.005 0 26 51 17.210526315789473
1825 0 0 194 114 7899 48135 22176.427 392 565 402.036 0 26 54 17.210526315789473
1839 0 0 195 115 7733 48200 21726.707 388 567 433.066 0 27 54 17.16521739130435
1889 0 0 197 116 7733 48333 21738.595 391 567 587.171 0 26 54 17.146551724137932
1906 0 0 198 116 7746 48523 21813.545 393 568 356.780 0 27 56 17.146551724137932
1952 0 0 198 117 7746 48592 21828.636 394 570 192.215 0 26 56 17.153846153846153
1985 0 0 201 118 7752 48760 21857.566 396 572 804.887 0 26 57 17.1864406779661
2033 0 0 203 119 7751 48822 20949.901 397 573 554.410 0 26 57 17.218487394957982
2075 0 0 204 120 7435 51209 20510.221 398 575 334.155 0 26 59 17.158333333333335
2120 0 0 207 121 7438 51318 20981.961 400 577 890.478 0 28 61 17.214876033057852
2197 0 0 208 121 7442 51445 21007.737 403 578 401.390 0 27 61 17.214876033057852
2223 0 0 208 122 7444 51517 21023.933 403 579 196.229 0 28 64 17.21311475409836
2311 0 0 209 122 7449 51664 21065.610 405 581 316.924 0 29 66 17.21311475409836
2341 0 0 211 123 7453 49589 21082.018 407 582 645.798 0 29 66 17.235772357723576
2393 0 0 212 124 7976 49671 22564.867 408 583 432.855 0 28 68 17.217741935483872
2431 0 0 213 125 7981 51157 23964.392 408 584 389.563 0 29 69 17.192
2468 0 0 216 126 8225 51673 24655.103 410 585 825.619 0 28 71 17.246031746031747
2513 0 0 217 126 7804 50157 22150.203 412 587 437.215 0 30 73 17.246031746031747
2567 0 0 218 126 7808 50236 22170.475 413 589 363.941 0 29 73 17.246031746031747
2632 0 0 221 127 7814 50373 22201.020 414 590 676.448 0 29 75 17.236220472440944
2673 0 0 222 127 7817 50441 22213.459 415 592 403.174 0 30 78 17.236220472440944
2772 0 0 222 128 7823 50659 22277.545 419 594 206.772 0 30 79 17.1953125
2832 0 0 226 129 7829 50807 22291.525 419 596 949.592 0 30 81 17.209302325581394
2880 0 0 227 130 7834 50943 22324.205 421 597 425.402 0 31 82 17.223076923076924
2962 0 0 230 130 7839 51075 22351.889 424 599 620.711 0 30 84 17.223076923076924
3023 0 0 232 130 8261 51197 23455.836 426 601 556.402 0 32 88 17.223076923076924
3136 0 0 233 131 8056 51362 22960.396 427 604 379.379 0 32 88 17.16793893129771
3220 0 0 234 132 8062 50844 24053.064 429 605 407.797 0 33 92 17.189393939393938
3308 0 0 235 132 8071 50944 24092.848 431 606 401.110 0 33 94 17.189393939393938
3405 0 0 236 133 8074 51013 24108.213 432 608 416.588 0 33 97 17.23308270676692
3454 0 0 237 134 8082 51179 24170.773 434 611 393.895 0 34 97 17.246268656716417
3477 0 0 238 135 8089 51302 24217.958 438 613 393.583 0 35 102 17.28148148148148
3538 0 0 240 135 8094 51361 24233.145 435 616 575.628 0 35 102 17.28148148148148
3620 0 0 242 135 7910 51570 23787.523 440 618 554.160 0 35 103 17.28148148148148
3719 0 0 244 136 8112 51635 24326.538 444 618 607.516 0 36 106 17.272058823529413
3786 0 0 248 137 8118 52968 23864.585 446 621 892.840 0 37 109 17.32116788321168
3868 0 0 252 138 7560 53173 22330.969 447 623 961.157 0 36 110 17.28985507246377
3925 0 0 253 138 7744 53308 22869.819 449 624 395.349 0 36 112 17.28985507246377
3978 0 0 257 139 7749 53421 22878.393 450 625 861.305 0 36 113 17.280575539568346
4086 0 0 260 139 7756 53618 22923.624 452 629 642.057 0 38 114 17.280575539568346
4139 0 0 261 140 7759 53707 22468.530 455 630 404.992 0 37 118 17.25
4212 0 0 262 140 7767 53932 23001.374 456 633 423.716 0 37 120 17.25
4309 0 0 266 141 7595 54137 22525.648 459 635 940.631 0 39 121 17.24113475177305
4445 0 0 270 142 8730 54327 25420.417 461 637 878.710 0 39 129 17.288732394366196
4580 0 0 271 143 8212 54552 24239.586 464 639 404.176 0 41 133 17.27972027972028
4696 0 0 271 144 8224 53313 24831.959 466 642 236.425 0 40 136 17.3125
4809 0 0 271 144 8246 53531 25538.026 469 646 241.700 0 41 134 17.3125
4895 0 0 275 144 8250 53660 25539.958 471 648 909.090 0 41 139 17.3125
5023 0 0 276 145 8260 53843 25608.023 475 651 423.442 0 43 143 17.29655172413793
5105 0 0 279 146 8264 54042 25629.132 477 653 741.374 0 44 145 17.30821917808219
5203 0 0 282 146 8270 54204 25111.509 477 655 701.236 0 45 149 17.30821917808219
5296 0 0 284 146 8282 54530 25221.807 481 659 506.678 0 44 154 17.30821917808219
5417 0 0 287 147 8067 54726 24685.271 484 661 752.235 0 41 154 17.292517006802722
5559 0 0 288 147 7674 58757 22461.466 488 664 433.634 0 43 158 17.292517006802722
5710 0 0 290 148 9279 58936 25311.854 488 665 481.158 0 43 162 17.33783783783784
5820 0 0 295 149 9279 59175 25795.817 488 668 957.966 0 43 165 17.28187919463087
5909 0 0 296 149 8103 59416 23148.593 488 672 413.735 0 45 171 17.28187919463087
6007 0 0 298 150 8623 59731 24511.114 483 676 547.377 0 46 170 17.326666666666668
6181 0 0 298 151 7912 57853 23966.422 483 677 259.573 0 45 175 17.364238410596027
6347 0 0 300 152 7920 61030 24624.202 483 680 589.987 0 47 177 17.32894736842105
6436 0 0 303 152 8659 61374 26588.333 485 686 684.167 0 47 185 17.32894736842105
6580 0 0 304 153 8164 61622 25949.359 487 688 381.438 0 47 186 17.366013071895424
6749 0 0 307 153 8179 61845 26015.629 489 692 792.718 0 48 191 17.366013071895424
6917 0 0 308 154 8195 61502 24236.800 495 695 446.226 0 49 199 17.33116883116883
7058 0 0 309 154 8202 61719 23719.465 497 698 407.090 0 50 200 17.33116883116883
7218 0 0 310 154 8756 57767 27037.640 501 701 412.865 0 50 204 17.33116883116883
7386 0 0 310 155 8771 58053 27142.175 505 706 285.878 0 51 209 17.36774193548387
7593 0 0 311 156 8789 58436 27270.267 509 710 449.160 0 53 215 17.346153846153847
7772 0 0 314 156 8031 63963 26047.828 515 715 799.149 0 53 220 17.346153846153847
7908 0 0 315 156 8550 61485 26159.241 519 719 476.650 0 55 229 17.346153846153847
8110 0 0 318 157 8057 61771 25539.803 523 723 725.462 0 57 234 17.331210191082803
8315 0 0 320 158 8072 62191 25662.588 529 729 593.177 0 59 231 17.373417721518987
8519 0 0 322 159 7864 62605 25176.448 533 734 611.299 0 58 241 17.38364779874214
8735 0 0 325 160 8351 63010 26529.899 537 738 783.018 0 59 247 17.36875
8970 0 0 328 160 9316 66577 30424.341 542 744 835.452 0 61 249 17.36875
9222 0 0 335 161 9341 66113 28358.674 548 747 1480.487 0 63 261 17.37888198757764
9495 0 0 338 161 9358 60105 28448.904 554 752 806.294 0 65 268 17.37888198757764
9716 0 0 341 162 9368 58483 29245.084 558 759 736.907 0 66 270 17.35185185185185
9941 0 0 344 162 9389 58737 29332.907 562 762 794.092 0 67 287 17.35185185185185
10150 0 0 349 163 8757 61393 27188.744 568 768 1024.670 0 68 293 17.355828220858896
10377 0 0 351 163 8480 63877 25834.388 572 774 644.343 0 67 293 17.355828220858896
10595 0 0 353 164 9955 67484 32325.180 579 782 588.524 0 71 306 17.341463414634145
10889 0 0 355 164 8010 68027 27807.940 587 787 652.395 0 71 302 17.341463414634145
11109 0 0 361 165 8025 68424 30135.850 591 792 1106.788 0 70 314 17.315151515151516
11396 0 0 363 166 9221 68893 29807.779 592 797 613.123 0 71 322 17.301204819277107
11673 0 0 365 167 9246 69330 29965.696 600 802 584.501 0 71 330 17.323353293413174
11963 0 0 368 168 9286 70012 32231.551 608 810 765.970 0 69 338 17.357142857142858
12254 0 0 371 168 9305 67419 28405.038 612 813 864.381 0 71 348 17.357142857142858
12477 0 0 374 168 8978 70084 28447.555 621 821 802.473 0 70 361 17.357142857142858
12707 0 0 376 169 9377 71591 32015.740 624 827 671.624 0 71 363 17.36094674556213
12907 0 0 380 169 9030 72026 33651.437 631 834 962.948 0 68 375 17.36094674556213
13137 0 0 386 170 9056 72563 33802.624 637 841 1248.830 0 67 371 17.370588235294118
13468 0 0 388 170 8450 73200 30783.500 646 848 661.369 0 69 381 17.370588235294118
13847 0 0 390 170 9512 73916 33607.244 652 855 654.798 0 71 385 17.370588235294118
14181 0 0 397 171 10444 65916 30679.222 657 859 1359.469 0 73 403 17.39766081871345
14505 0 0 399 171 10484 66507 30240.879 667 870 643.506 0 74 412 17.39766081871345
14828 0 0 402 172 8851 72532 28718.565 671 873 805.906 0 70 412 17.38372093023256
15158 0 0 403 172 9239 71067 29009.428 681 883 513.770 0 71 431 17.38372093023256
15460 0 0 409 173 9281 76962 33696.872 691 893 1235.195 0 72 437 17.3757225433526
15766 0 0 412 173 9727 77647 33360.861 697 900 807.085 0 72 445 17.3757225433526
16097 0 0 414 174 10766 78168 37319.600 704 904 687.231 0 74 465 17.367816091954023
16463 0 0 415 175 10810 79090 38587.002 713 916 593.835 0 76 458 17.4
16795 0 0 418 175 10848 79585 39713.139 720 923 939.110 0 75 474 17.4
17148 0 0 424 175 9461 80534 35862.781 722 934 1385.000 0 77 484 17.4
17473 0 0 427 176 11660 81338 40688.763 722 943 933.226 0 78 493 17.426136363636363
17785 0 0 432 177 11660 81940 38935.764 722 950 1232.712 0 79 502 17.412429378531073
18107 0 0 434 177 11742 82960 37244.437 734 962 709.163 0 79 511 17.412429378531073
18477 0 0 440 178 10600 83589 35805.443 743 970 1144.208 0 78 522 17.40449438202247
18842 0 0 444 178 11921 84638 38532.665 754 981 1005.751 0 79 525 17.40449438202247
19378 0 0 445 179 10705 85267 36373.470 761 987 577.275 0 79 536 17.441340782122904
19875 0 0 452 180 10781 86462 39265.680 778 1004 1339.093 0 83 563 17.461111111111112
20333 0 0 455 180 12162 87329 42122.102 786 1011 909.348 0 82 586 17.461111111111112
20825 0 0 460 180 10346 87581 34302.855 798 1024 1237.729 0 84 600 17.461111111111112
21213 0 0 463 181 9879 88241 33307.022 799 1033 898.475 0 82 599 17.45303867403315
21736 0 0 466 182 9473 87062 35764.260 799 1045 834.921 0 83 603 17.478021978021978
22295 0 0 472 183 9512 87971 34831.556 802 1056 1365.793 0 83 620 17.51366120218579
22785 0 0 474 183 9555 91129 36246.508 814 1065 750.416 0 83 643 17.51366120218579
23399 0 0 478 183 9175 90001 35649.711 826 1078 933.490 0 84 648 17.51366120218579
23874 0 0 483 183 10689 91308 37230.426 842 1093 1217.371 0 86 690 17.51366120218579
24396 0 0 486 184 9695 95235 37679.435 854 1103 1028.656 0 88 705 17.532608695652176
25028 0 0 490 185 9741 93306 37623.242 866 1117 1070.140 0 88 694 17.55135135135135
25584 0 0 496 185 10841 89702 34529.354 873 1125 1336.845 0 87 722 17.55135135135135
26137 0 0 501 186 10913 92870 38662.207 888 1138 1296.030 0 91 743 17.526881720430108
26658 0 0 506 186 11666 94310 40568.680 904 1156 1302.220 0 91 759 17.526881720430108
27196 0 0 516 187 11047 98351 44253.899 915 1166 1635.840 0 89 767 17.53475935828877
27763 0 0 519 187 11111 99492 44655.562 927 1178 1094.781 0 92 801 17.53475935828877
28418 0 0 526 188 14577 100596 53979.473 938 1192 1711.129 0 90 802 17.55851063829787
29183 0 0 532 188 10608 101482 46504.981 949 1202 1548.822 0 91 823 17.55851063829787
29847 0 0 535 188 10667 102614 41198.667 963 1216 1048.434 0 92 842 17.55851063829787
30512 0 0 540 189 9661 103935 42362.140 975 1231 1166.659 0 93 880 17.55026455026455
31073 0 0 545 190 10792 105119 45184.273 965 1244 1248.335 0 94 877 17.573684210526316
31729 0 0 548 190 9312 106773 42305.972 985 1261 1021.098 0 97 895 17.573684210526316
32498 0 0 552 190 10919 107784 48990.495 997 1276 1038.487 0 98 917 17.573684210526316
33199 0 0 556 190 12467 102237 40850.943 1021 1294 1371.289 1 100 937 17.573684210526316
33975 0 0 563 191 13438 107541 46422.169 1031 1307 1715.814 0 99 958 17.544502617801047
34790 0 0 565 191 13541 108896 55117.381 1046 1319 1022.272 0 102 966 17.544502617801047
35648 0 0 571 191 12756 109384 55748.268 1071 1342 1674.981 0 101 989 17.544502617801047
36401 0 0 575 191 12826 111880 50219.111 1077 1357 1372.678 0 101 1000 17.544502617801047
37219 0 0 578 192 15024 111882 56479.261 1102 1383 1145.748 0 102 1000 17.536458333333332
38089 0 0 588 192 10785 114239 52830.209 1125 1400 2342.381 0 104 1000 17.536458333333332
38756 0 0 594 192 15254 114463 57360.938 1133 1410 1514.247 0 103 1000 17.536458333333332
39278 0 0 601 192 18205 116481 62317.936 1156 1436 1936.038 1 103 1000 17.536458333333332
40040 0 0 606 192 14372 124032 49249.044 1167 1446 1582.794 0 104 1000 17.536458333333332
40726 0 0 613 193 18911 118636 58515.274 1188 1467 1803.198 0 101 1000 17.507772020725387
41417 0 0 617 193 13590 118948 46569.499 1209 1490 1477.420 0 102 1000 17.507772020725387
42200 0 0 623 194 17365 124282 60564.691 1225 1506 1538.338 0 104 1000 17.536082474226806
42963 12 4 632 194 12847 128704 52499.990 1249 1528 2440.451 0 103 1000 17.536082474226806
43787 18 6 639 194 17725 129746 59602.852 1263 1541 1851.356 0 107 1000 17.536082474226806
44432 27 10 649 195 13006 131406 51233.190 1284 1555 2404.326 0 105 1000 17.564102564102566
45098 39 16 653 195 16600 131491 60629.330 1307 1584 1356.044 0 106 1000 17.564102564102566
45789 51 22 658 195 13232 131027 56822.561 1323 1609 1613.665 0 106 1000 17.564102564102566
46353 54 23 662 196 12417 137014 51034.526 1344 1625 1599.840 2 106 1000 17.56122448979592
46936 63 26 669 196 14486 132283 58927.182 1365 1646 1669.158 0 107 1000 17.56122448979592
47521 69 29 671 197 14614 136233 62787.059 1390 1666 1128.624 0 110 1000 17.583756345177665
47969 78 34 677 197 15971 138006 65720.851 1391 1683 1874.246 0 108 1000 17.583756345177665
48604 81 36 684 197 13697 139076 61558.232 1397 1698 1932.996 0 105 1000 17.583756345177665
49024 87 39 686 198 23676 140789 80333.216 1417 1720 1193.219 0 104 1000 17.57070707070707
49542 99 44 691 198 13945 143356 61005.867 1445 1749 1908.238 0 106 1000 17.57070707070707
50083 105 49 698 198 19712 144528 74013.496 1459 1760 2077.661 0 107 1000 17.57070707070707
50507 114 54 706 198 19911 144300 76924.992 1484 1781 2265.653 2 105 1000 17.57070707070707
51028 123 57 717 198 15476 147005 69660.936 1512 1813 3080.054 0 103 1000 17.57070707070707
51482 132 62 723 199 16978 150853 70614.700 1533 1838 2014.606 0 105 1000 17.592964824120603
51967 135 66 728 200 20489 154891 79401.344 1547 1851 1832.097 0 103 1000 17.615
52486 147 73 733 200 13515 157824 67693.572 1582 1885 1984.761 2 106 1000 17.615
53035 159 78 738 200 15989 159686 75101.064 1601 1904 1914.174 1 103 1000 17.615
53643 159 79 743 201 23350 155949 96046.387 1615 1920 1922.195 0 105 1000 17.63681592039801
54047 187 94 748 201 23628 164291 77644.837 1639 1943 2037.677 0 105 1000 17.63681592039801
54446 220 115 757 201 23851 162108 71067.392 1663 1967 2527.713 0 102 1000 17.63681592039801
55150 275 153 760 202 21889 163955 80969.822 1700 2004 1584.785 0 104 1000 17.60891089108911
55606 293 176 764 202 22028 166500 89940.932 1714 2017 1780.115 0 105 1000 17.60891089108911
56039 315 201 771 202 15391 168351 78598.752 1736 2041 2617.182 1 103 1000 17.60891089108911
56654 385 232 779 203 15579 167444 65988.234 1774 2067 2336.424 0 108 1000 17.625615763546797
57017 405 261 785 203 25261 175771 97355.159 1787 2088 1942.358 0 108 1000 17.625615763546797
57252 461 298 789 203 25467 177869 98276.031 1810 2115 2057.723 0 107 1000 17.625615763546797
57651 499 327 795 203 15871 181035 70128.137 1836 2138 2408.583 0 103 1000 17.625615763546797
58018 615 391 805 204 17546 177810 68320.115 1869 2175 2586.607 2 107 1000 17.651960784313726
58562 653 421 812 204 21376 177614 77682.973 1889 2197 2364.308 0 104 1000 17.651960784313726
59115 715 470 818 205 32244 183998 88734.238 1903 2219 2129.804 0 104 1000 17.66829268292683
59650 830 543 828 205 29921 186147 85387.001 1930 2246 2914.765 2 107 1000 17.66829268292683
59978 912 606 831 205 27108 190283 91014.016 1957 2264 1721.909 0 107 1000 17.66829268292683
60437 1017 680 833 205 18259 193619 87524.344 1984 2299 1762.588 1 109 1000 17.66829268292683
61057 1124 757 842 205 27636 190719 105770.194 2012 2320 2835.707 1 108 1000 17.66829268292683
61687 1202 812 851 205 22550 196970 91032.778 2032 2347 3145.182 0 104 1000 17.66829268292683
61919 1252 864 857 206 20502 195859 72162.434 2042 2360 2329.758 0 106 1000 17.684466019417474
62321 1389 928 864 206 20752 198052 97121.225 2082 2395 2583.694 0 101 1000 17.684466019417474
62918 1425 993 869 207 13403 204587 66734.277 2089 2409 2186.274 0 99 1000 17.714975845410628
63411 1509 1060 878 207 25841 202542 89269.609 2116 2432 2513.215 0 98 1000 17.714975845410628
64071 1635 1155 886 207 29098 207770 117393.350 2146 2465 2858.829 1 101 1000 17.714975845410628
64441 1723 1231 889 207 26313 211326 85840.328 2170 2492 1999.618 0 98 1000 17.714975845410628
64835 1835 1306 899 207 21537 209999 97225.929 2190 2516 3082.097 0 98 1000 17.714975845410628
65404 1950 1406 907 207 17890 215860 72744.483 2221 2541 2897.036 2 99 1000 17.714975845410628
65849 2069 1494 913 208 24281 214725 112579.052 2251 2570 2296.154 0 100 1000 17.73076923076923
66220 2243 1590 918 208 34341 218274 125085.208 2292 2612 2406.590 2 100 1000 17.73076923076923
66655 2374 1710 923 208 24810 222762 111483.110 2314 2633 2659.917 0 101 1000 17.73076923076923
67072 2557 1838 933 209 31262 225386 129065.024 2341 2672 3433.604 1 104 1000 17.74641148325359
67403 2665 1930 938 209 31521 222528 125994.410 2371 2694 2694.727 0 103 1000 17.74641148325359
67964 2708 2030 946 209 22839 230084 100519.986 2393 2713 3362.810 0 104 1000 17.74641148325359
68022 2961 2226 950 210 28681 233872 92117.154 2437 2753 2375.216 3 102 1000 17.766666666666666
68378 3012 2331 953 210 32281 229707 109060.728 2443 2757 1999.295 0 104 1000 17.766666666666666
69005 3302 2500 958 210 32786 237856 131231.263 2503 2807 2685.045 2 107 1000 17.766666666666666
69265 3303 2540 965 210 36991 236809 118218.847 2509 2826 3047.901 0 106 1000 17.766666666666666
69675 3461 2634 970 210 26521 235459 102402.454 2539 2848 2321.960 0 100 1000 17.766666666666666
70210 3757 2814 974 210 17885 246876 96944.703 2581 2906 2284.425 3 98 1000 17.766666666666666
70619 3873 2921 978 210 38251 249492 128247.916 2611 2935 2456.705 0 95 1000 17.766666666666666
71063 3901 3017 981 210 27220 245020 138742.208 2631 2947 2492.822 0 93 1000 17.766666666666666
70986 4103 3172 984 211 38882 247883 136741.762 2664 2981 2462.282 0 95 1000 17.786729857819907
71214 4281 3316 987 211 30999 250387 146467.943 2690 3009 2571.446 1 94 1000 17.786729857819907
71283 4441 3446 995 211 35122 256418 125755.159 2720 3038 3557.756 0 94 1000 17.786729857819907
71617 4759 3577 998 211 40183 260678 134108.740 2768 3090 2472.973 3 95 1000 17.786729857819907
71666 4927 3761 1006 211 15644 263247 102573.801 2802 3119 3707.848 0 94 1000 17.786729857819907
71811 4925 3836 1015 212 32135 260124 94781.405 2809 3129 2717.449 0 94 1000 17.81132075471698
72203 5054 3976 1021 213 36434 269130 115937.622 2845 3165 2933.190 2 92 1000 17.830985915492956
72374 5360 4158 1024 213 32821 273195 107195.804 2890 3210 2631.717 2 93 1000 17.830985915492956
72911 5609 4332 1032 213 42133 270739 154795.956 2932 3240 3433.314 2 96 1000 17.830985915492956
73487 5766 4513 1035 213 29761 273223 138097.716 2943 3270 2814.181 0 92 1000 17.830985915492956
73900 5954 4708 1039 213 30001 279075 127723.602 2971 3302 2888.835 1 92 1000 17.830985915492956
74075 6192 4864 1049 213 24254 279688 124857.404 3013 3340 4223.006 2 94 1000 17.830985915492956
74482 6338 4968 1053 213 34255 285425 127273.080 3043 3366 2890.853 0 90 1000 17.830985915492956
74643 6326 5035 1062 214 34381 281313 145419.597 3058 3372 3766.520 0 90 1000 17.85514018691589
74677 6495 5178 1063 214 30849 284150 145786.332 3085 3412 2415.976 0 86 1000 17.85514018691589
75215 6733 5378 1070 214 57564 287055 161579.387 3118 3445 3736.377 1 89 1000 17.85514018691589
75611 6954 5602 1080 214 39763 290905 129835.542 3148 3481 4491.700 1 87 1000 17.85514018691589
75702 7039 5703 1088 214 40061 292487 135402.515 3178 3510 3753.305 0 86 1000 17.85514018691589
76242 7520 5996 1095 214 22975 297388 112195.531 3235 3567 3656.116 0 87 1000 17.85514018691589
76758 7486 6129 1099 215 52490 298467 158766.748 3246 3576 3199.318 0 88 1000 17.88372093023256
76866 7877 6340 1104 215 25956 307246 126940.364 3296 3629 3334.925 1 86 1000 17.88372093023256
77383 8052 6575 1109 215 60994 308743 197321.975 3322 3667 3144.824 0 87 1000 17.88372093023256
77700 8294 6779 1116 215 29482 309869 141494.593 3354 3691 4156.770 0 89 1000 17.88372093023256
78022 8232 6873 1124 216 54367 309057 197023.363 3370 3719 3811.315 0 86 1000 17.90277777777778
78200 8662 7064 1132 216 37875 313598 151335.094 3419 3769 4480.952 3 86 1000 17.90277777777778
78695 8733 7232 1137 216 42984 315218 147998.874 3436 3787 3333.985 0 88 1000 17.90277777777778
78639 8846 7332 1142 216 38311 318700 153389.099 3470 3822 3400.148 0 86 1000 17.90277777777778
78833 9358 7688 1146 216 30653 325829 116653.635 3538 3867 3351.555 3 86 1000 17.90277777777778
79085 9294 7810 1151 216 50009 322844 187963.433 3555 3882 3313.147 0 86 1000 17.90277777777778
79324 9852 8174 1155 216 24859 334367 136968.406 3598 3934 3476.650 2 86 1000 17.90277777777778
79694 9993 8305 1161 217 66276 333162 175584.687 3629 3983 3568.330 0 85 1000 17.889400921658986
80240 9969 8493 1168 217 51328 335479 176923.025 3643 3994 4157.232 0 84 1000 17.889400921658986
80078 10212 8679 1169 217 22715 339639 112715.759 3671 4036 2837.605 1 83 1000 17.889400921658986
80405 10899 9123 1176 217 46232 341749 190268.327 3743 4098 3926.211 2 86 1000 17.889400921658986
80472 11046 9258 1180 217 36416 348486 164041.733 3761 4128 3802.035 0 82 1000 17.889400921658986
80630 11010 9432 1184 217 46743 349845 161618.008 3793 4128 3600.046 1 84 1000 17.889400921658986
80862 11265 9651 1193 217 69570 352943 201461.267 3826 4173 4703.418 1 81 1000 17.889400921658986
81012 11697 9838 1197 217 47720 352881 168003.210 3872 4232 3855.411 0 82 1000 17.889400921658986
81123 11627 9966 1202 217 47892 356075 186532.052 3891 4245 3785.117 0 81 1000 17.889400921658986
81321 11901 10145 1208 217 42585 361380 173685.615 3933 4293 4102.707 1 82 1000 17.889400921658986
81490 12457 10456 1213 218 43130 368771 162964.581 3986 4339 4130.758 0 81 1000 17.90366972477064
81743 12425 10668 1220 218 49034 370118 170749.684 3990 4357 4167.819 0 79 1000 17.90366972477064
82248 12844 10964 1224 218 30403 362786 134598.724 4029 4403 3531.194 0 78 1000 17.90366972477064
82410 13086 11227 1226 218 30604 371141 170463.637 4069 4438 3427.063 1 78 1000 17.90366972477064
82485 13824 11583 1233 219 44519 379589 153492.255 4140 4494 5056.751 3 82 1000 17.931506849315067
82603 13689 11680 1236 219 75119 382857 193040.506 4144 4516 3496.378 0 79 1000 17.931506849315067
83106 14308 12014 1242 219 79448 388444 198813.829 4204 4575 4651.286 2 78 1000 17.931506849315067
83449 14241 12252 1245 219 28065 386577 162471.781 4216 4587 3908.275 0 79 1000 17.931506849315067
83660 14468 12408 1250 219 67350 393051 184699.521 4267 4631 4216.765 1 78 1000 17.931506849315067
84191 15234 12753 1253 219 59840 397104 205183.361 4325 4690 3892.380 2 79 1000 17.931506849315067
84695 15522 12915 1262 219 68830 400722 209944.933 4367 4722 5573.666 1 78 1000 17.931506849315067
84578 15319 12982 1263 219 53122 401118 174094.279 4388 4752 3481.052 0 76 1000 17.931506849315067
85078 16217 13445 1274 219 53848 407055 175804.120 4443 4807 5553.071 2 80 1000 17.931506849315067
85363 16019 13515 1277 219 54001 410528 192052.082 4460 4823 3982.977 0 75 1000 17.931506849315067
85313 16795 13741 1278 219 71173 415048 223350.769 4526 4895 3639.188 0 75 1000 17.931506849315067
85480 16682 13881 1283 219 71478 413513 215084.906 4548 4910 4664.479 1 76 1000 17.931506849315067
85423 17498 14122 1292 220 94934 418389 268011.218 4617 4996 5365.066 2 78 1000 17.922727272727272
85607 17204 14310 1295 220 43232 420615 192035.273 4617 4998 4352.241 0 77 1000 17.922727272727272
85841 17964 14607 1298 220 64458 424085 251631.398 4704 5072 4134.278 2 79 1000 17.922727272727272
86272 17865 14845 1307 220 96749 425467 279937.699 4709 5073 6021.968 0 78 1000 17.922727272727272
86481 18033 15020 1310 220 85110 435683 235665.265 4755 5123 4419.545 0 77 1000 17.922727272727272
86779 18393 15402 1313 220 65644 438260 245366.582 4801 5172 4271.292 0 78 1000 17.922727272727272
86650 18715 15678 1321 220 22278 436560 182365.627 4825 5199 5643.128 1 74 1000 17.922727272727272
87137 19529 16079 1325 220 58720 442694 230314.148 4897 5264 4341.765 0 75 1000 17.922727272727272
87318 19812 16328 1333 220 35717 445753 238762.876 4926 5331 5751.849 1 76 1000 17.922727272727272
87848 20026 16627 1337 221 46096 449353 252997.864 4974 5364 4774.710 2 73 1000 17.93212669683258
87794 19716 16728 1341 221 59767 453253 220968.523 4974 5372 4831.167 0 71 1000 17.93212669683258
87866 20088 16927 1344 221 118390 456034 333107.664 5022 5424 4517.545 1 72 1000 17.93212669683258
88041 20431 17153 1349 221 119160 457929 310429.686 5066 5466 5442.473 0 71 1000 17.93212669683258
88201 21389 17536 1354 221 61456 467853 240565.837 5141 5535 5239.620 1 71 1000 17.93212669683258
88446 21100 17843 1357 221 70337 458209 169989.650 5166 5556 4446.318 0 72 1000 17.93212669683258
88630 22117 18268 1363 221 84510 466179 237681.535 5216 5625 5127.956 1 73 1000 17.93212669683258
88916 21882 18507 1369 221 107398 473709 266708.537 5242 5641 5587.302 0 73 1000 17.93212669683258
88936 22805 18861 1379 221 55512 479946 224956.374 5320 5697 6913.720 2 73 1000 17.93212669683258
88907 23185 19172 1382 221 43302 481543 220538.055 5372 5744 4752.085 0 74 1000 17.93212669683258
89205 23499 19535 1387 222 43606 487635 185469.986 5398 5810 5224.515 1 73 1000 17.95045045045045
89623 23807 19874 1392 222 87666 491599 217893.231 5451 5843 5363.007 0 72 1000 17.95045045045045
89910 23561 20116 1396 222 49983 497193 219211.674 5451 5857 5205.053 0 71 1000 17.95045045045045
90024 24632 20429 1400 222 50606 501812 203556.459 5559 5935 4930.999 3 75 1000 17.95045045045045
90288 24275 20664 1406 222 86202 504327 253043.910 5559 5965 5661.745 0 69 1000 17.95045045045045
90146 25134 20944 1409 222 87311 510855 281638.721 5635 6023 4879.964 2 70 1000 17.95045045045045
90009 24686 21057 1412 222 87545 508889 269850.121 5663 6047 5181.357 0 67 1000 17.95045045045045
90443 25640 21343 1417 222 77362 515606 258736.574 5741 6130 5851.255 2 68 1000 17.95045045045045
90614 25387 21558 1420 222 102043 514966 289407.655 5741 6132 5258.516 0 69 1000 17.95045045045045
90502 25853 21876 1424 222 78200 524376 263468.488 5797 6184 5620.635 0 70 1000 17.95045045045045
90738 26193 22164 1428 222 119169 527609 278474.453 5854 6238 5636.933 1 70 1000 17.95045045045045
90865 27272 22560 1435 222 69721 535300 303095.324 5923 6327 6505.399 2 71 1000 17.95045045045045
90993 27638 22823 1442 222 105762 540509 256756.489 5981 6368 6831.143 1 73 1000 17.95045045045045
90805 27788 22885 1447 222 106347 541286 312422.549 6010 6413 5904.917 0 72 1000 17.95045045045045
91127 28126 23310 1450 222 93388 542318 227499.207 6070 6456 5705.585 1 72 1000 17.95045045045045
91192 27797 23465 1455 223 33184 549888 152547.487 6085 6485 6007.410 0 71 1000 17.932735426008968
91025 28764 23711 1458 223 63132 552267 247543.352 6146 6552 5185.129 2 69 1000 17.932735426008968
91063 28434 23929 1460 223 94956 553460 286707.486 6162 6570 5099.920 0 68 1000 17.932735426008968
90907 29594 24339 1464 223 56082 560394 261299.709 6253 6643 6055.359 2 67 1000 17.932735426008968
91204 29249 24487 1467 223 83922 563951 284576.996 6253 6662 5758.489 0 66 1000 17.932735426008968
91360 29706 24743 1473 223 43772 568041 194704.829 6308 6718 6829.401 1 66 1000 17.932735426008968
91602 30115 24998 1479 223 129017 572334 327348.600 6370 6759 5857.887 1 67 1000 17.932735426008968
92117 31508 25575 1481 223 116979 569672 329863.115 6458 6852 5638.628 2 67 1000 17.932735426008968
92324 31920 25810 1487 223 99597 575752 386474.289 6483 6898 7115.786 0 66 1000 17.932735426008968
92391 31445 25896 1489 223 131906 582579 384452.443 6501 6905 5547.280 0 67 1000 17.932735426008968
92429 32731 26410 1492 223 101023 591493 339727.617 6590 7000 6169.057 2 65 1000 17.932735426008968
92359 32255 26693 1499 223 116307 591758 307118.411 6594 7024 7553.730 0 66 1000 17.932735426008968
92391 32619 26856 1501 223 59351 596148 250639.609 6658 7062 5764.267 1 65 1000 17.932735426008968
92787 34285 27507 1509 224 103299 606059 263149.081 6737 7156 7336.482 0 68 1000 17.9375
93069 34628 27809 1513 224 119449 609217 333890.141 6775 7204 6123.159 1 66 1000 17.9375
93153 33983 27982 1516 224 158317 609303 332434.073 6819 7221 6119.580 0 65 1000 17.9375
93260 34320 28274 1519 224 159398 615941 353961.130 6854 7275 6330.214 0 65 1000 17.9375
93576 34917 28541 1524 224 139740 620420 297270.910 6915 7317 7141.691 0 65 1000 17.9375
93901 36695 29176 1526 224 93118 628289 257757.695 6972 7417 6171.861 2 68 1000 17.9375
94128 36070 29384 1532 224 95949 623405 255785.878 7027 7431 6866.199 0 64 1000 17.9375
94000 36589 29608 1539 224 96642 624419 338945.174 7073 7477 6859.244 1 64 1000 17.9375
94163 37855 30049 1542 224 37868 639565 177939.609 7167 7566 6665.972 2 62 1000 17.9375
94408 37376 30233 1546 224 125785 634909 460105.786 7184 7593 6072.371 0 62 1000 17.9375
94844 39027 30842 1553 224 127364 650973 363329.325 7267 7668 8261.725 2 64 1000 17.9375
95199 38372 31097 1555 224 96529 652502 335545.014 7275 7682 6434.055 0 62 1000 17.9375
95142 39972 31546 1561 224 97685 660294 339666.856 7371 7796 7113.353 2 65 1000 17.9375
94966 40366 31756 1564 224 129946 664925 359558.983 7419 7828 6377.700 0 63 1000 17.9375
94968 39747 32039 1566 224 130206 664205 360351.827 7440 7859 6580.406 0 62 1000 17.9375
94605 41252 32296 1573 224 174572 672239 358792.959 7530 7958 7999.383 2 62 1000 17.9375
94502 41723 32677 1578 224 115233 674728 348127.868 7568 8006 7615.226 1 62 1000 17.9375
94769 42393 33107 1587 224 67122 681705 330992.311 7643 8073 8550.533 1 63 1000 17.9375
94939 42835 33236 1593 225 134495 688624 330618.224 7681 8122 7545.470 1 61 1000 17.964444444444446
95248 43489 33621 1597 225 179619 692423 433609.055 7737 8179 7463.159 1 63 1000 17.964444444444446
95471 42723 33790 1601 225 59613 688500 360221.370 7737 8197 7785.344 0 61 1000 17.964444444444446
95594 43364 34170 1607 225 60009 693281 362810.134 7813 8231 7485.219 1 61 1000 17.964444444444446
95560 44013 34496 1612 226 60391 691629 276634.412 7883 8300 7898.884 0 63 1000 17.991150442477878
96109 45800 35045 1618 226 61039 706770 211173.051 7961 8401 7328.836 0 61 1000 17.991150442477878
96048 44890 35023 1625 226 105376 711689 378638.795 8000 8425 7553.553 1 62 1000 17.991150442477878
96174 45510 35411 1625 226 186434 718337 433882.351 8031 8486 6362.227 1 61 1000 17.991150442477878
96367 45744 35556 1630 226 41964 716130 232963.713 8071 8534 8018.319 0 61 1000 17.991150442477878
96680 46375 35886 1633 226 142247 722917 430862.682 8131 8591 7292.162 1 61 1000 17.991150442477878
96637 46759 36009 1635 226 143057 727639 433424.664 8182 8641 7062.863 0 59 1000 17.991150442477878
96235 47433 36266 1641 226 82584 727324 309567.300 8263 8696 8480.169 0 61 1000 17.991150442477878
96319 47925 36575 1649 226 83093 739406 378498.828 8304 8759 8987.717 1 59 1000 17.991150442477878
96578 48519 37007 1655 226 193881 747701 486855.126 8375 8807 8356.549 0 59 1000 17.991150442477878
96846 50391 37502 1657 226 170125 756520 454436.354 8458 8925 7538.036 2 58 1000 17.991150442477878
96891 50765 37791 1663 226 129055 759540 488438.721 8539 8971 9432.187 0 58 1000 17.991150442477878
97226 51525 38248 1669 226 112995 758034 374722.191 8577 9050 8819.749 2 60 1000 17.991150442477878
97335 51938 38629 1675 226 200196 766391 416049.736 8651 9095 8666.797 0 60 1000 17.991150442477878
97823 52356 38928 1679 226 174643 771550 428696.695 8696 9165 8310.895 1 60 1000 17.991150442477878
98088 52931 39306 1681 226 132442 782103 393300.470 8762 9214 7770.690 1 60 1000 17.991150442477878
98232 53499 39649 1686 227 153587 786143 389226.484 8825 9276 8927.407 1 60 1000 18.01762114537445
98381 52688 39797 1688 227 87967 785527 327573.648 8846 9297 7808.208 0 60 1000 18.01762114537445
98688 54876 40410 1690 227 90953 790913 368606.489 8957 9404 7616.272 2 59 1000 18.01762114537445
99182 55564 41053 1693 227 59641 800369 326758.617 9005 9466 7983.022 0 60 1000 18.01762114537445
99676 56288 41556 1698 227 136918 798013 286514.475 9051 9519 8974.509 1 59 1000 18.01762114537445
99724 55232 41661 1699 227 182128 795352 345130.638 9092 9546 7604.934 0 57 1000 18.01762114537445
99891 57562 42392 1702 227 159886 807284 324947.016 9220 9664 8244.768 2 60 1000 18.01762114537445
100347 58264 42982 1707 227 160890 821672 498149.645 9257 9715 9203.111 1 60 1000 18.01762114537445
100441 58702 43324 1712 227 80509 830554 393930.922 9325 9772 9553.940 0 56 1000 18.01762114537445
100563 59256 43795 1721 227 144427 821109 334287.977 9375 9836 10757.964 1 58 1000 18.01762114537445
100465 59945 44220 1726 227 81480 839986 279332.139 9466 9920 9263.141 0 58 1000 18.01762114537445
100318 58818 44294 1729 227 81618 841564 371542.625 9468 9927 8519.966 0 57 1000 18.01762114537445
100443 59184 44537 1732 227 124505 842386 531608.020 9524 9981 8406.469 1 56 1000 18.01762114537445
100818 59887 45037 1734 227 144287 848254 504826.185 9598 10032 8567.665 0 56 1000 18.01762114537445
100478 61746 45168 1738 227 129195 859125 349111.562 9694 10159 9271.445 2 58 1000 18.01762114537445
100764 62493 45648 1739 227 127360 864337 457319.601 9761 10223 8222.741 1 58 1000 18.01762114537445
100866 61366 45948 1739 227 307040 866270 585985.177 9770 10226 8036.948 0 56 1000 18.01762114537445
100968 62308 46420 1740 227 147904 872084 433969.361 9818 10317 8582.821 1 58 1000 18.01762114537445
101078 62859 46867 1744 227 304814 877512 546529.468 9911 10368 9831.735 0 56 1000 18.01762114537445
101247 63624 47192 1746 227 199181 881365 471868.289 9965 10426 8901.218 1 58 1000 18.01762114537445
101035 66268 47712 1749 227 174595 894469 467652.812 10094 10564 9306.986 2 58 1000 18.01762114537445
101174 64866 47878 1753 227 274347 896944 520249.031 10097 10549 9436.478 0 56 1000 18.01762114537445
101351 65508 48323 1759 227 276003 902441 523045.773 10153 10626 10475.476 1 58 1000 18.01762114537445
101247 65867 48678 1764 227 235593 901073 534752.563 10203 10697 10312.877 0 55 1000 18.01762114537445
101681 66840 49149 1766 227 116445 913361 473682.365 10288 10779 9034.637 1 56 1000 18.01762114537445
101765 69174 49798 1768 227 156113 917498 368885.111 10407 10884 9048.631 1 57 1000 18.01762114537445
101413 67642 49744 1769 228 240075 921131 612790.070 10416 10907 9086.770 0 58 1000 18.04385964912281
101518 68153 49988 1778 228 209326 924445 641654.242 10477 10962 12783.972 1 55 1000 18.04385964912281
101275 70701 50381 1785 228 104144 941302 400630.794 10614 11103 11853.488 2 57 1000 18.04385964912281
101372 69433 50642 1790 228 244626 940285 623350.249 10622 11089 10819.689 0 54 1000 18.04385964912281
101218 70365 50891 1792 228 246389 947019 627409.037 10706 11177 9730.827 1 55 1000 18.04385964912281
101341 71159 51293 1797 228 248088 954654 588952.034 10770 11248 11300.579 1 55 1000 18.04385964912281
101494 72936 51778 1800 228 80851 962640 316186.166 10877 11363 10391.149 0 55 1000 18.04385964912281
101629 71560 52101 1806 228 250763 962355 603549.555 10893 11374 10871.061 0 52 1000 18.04385964912281
101712 73707 52434 1808 228 258008 973932 634447.709 11001 11475 10195.741 0 54 1000 18.04385964912281
101914 72350 52740 1815 228 258459 975972 633759.316 11016 11520 12052.570 0 55 1000 18.04385964912281
101497 74843 52778 1818 228 195851 980120 483897.174 11150 11613 9913.809 0 55 1000 18.04385964912281
101731 75135 53214 1821 228 72560 992280 374376.137 11044 11705 10712.509 0 55 1000 18.04385964912281
101530 75865 53548 1827 229 72935 993884 475132.283 11265 11764 11519.694 1 56 1000 18.065502183406114
101742 74733 53921 1830 229 264700 996131 596092.241 11265 11792 10557.247 0 55 1000 18.065502183406114
102138 77011 54472 1833 229 227318 1005800 632587.156 11377 11915 10278.177 1 53 1000 18.065502183406114
102256 77447 54938 1837 229 268835 1003876 643921.501 11433 11974 11574.491 1 54 1000 18.065502183406114
102408 76038 55312 1840 229 198448 1010321 669197.722 11478 11990 11241.559 0 53 1000 18.065502183406114
102798 78884 56121 1843 229 200527 1021771 709616.017 11592 12104 11219.271 1 55 1000 18.065502183406114
102721 77329 56193 1847 229 309548 1025824 590203.455 11592 12142 11435.518 0 52 1000 18.065502183406114
102975 77765 56717 1851 229 311363 1032033 594833.366 11707 12198 10732.645 1 53 1000 18.065502183406114
102982 80284 57017 1852 229 272027 1042258 627990.502 11811 12332 10148.560 2 52 1000 18.065502183406114
103073 78558 57106 1853 229 239962 1034164 687516.767 11799 12330 10589.388 0 52 1000 18.065502183406114
103000 81106 57526 1855 229 178669 1050591 494836.425 11975 12463 11242.340 2 53 1000 18.065502183406114
103332 81681 58015 1859 229 179702 1062379 591166.930 12022 12563 12091.747 1 54 1000 18.065502183406114
103322 82144 58071 1862 229 240986 1067124 646522.286 12082 12612 11290.509 1 53 1000 18.065502183406114
103397 80439 58080 1863 229 438794 1064890 807864.679 12120 12637 10762.862 0 53 1000 18.065502183406114
103323 80844 58343 1865 229 182005 1070768 575410.472 12180 12693 11152.802 1 53 1000 18.065502183406114
103194 83398 58506 1867 229 283086 1087100 794983.185 12310 12837 11225.530 2 52 1000 18.065502183406114
102983 81651 58397 1872 229 333512 1093380 629873.685 12324 12836 12530.666 0 51 1000 18.065502183406114
102792 82068 58449 1876 229 335374 1099560 616550.203 12385 12910 11943.649 1 51 1000 18.065502183406114
103150 84734 59132 1880 229 292853 1104428 692535.879 12508 13067 12082.361 2 53 1000 18.065502183406114
103191 83130 59327 1884 229 216227 1111972 434655.873 12556 13089 12561.188 0 53 1000 18.065502183406114
103474 85881 59870 1891 229 218315 1115027 669882.575 12677 13206 12576.677 2 51 1000 18.065502183406114
103551 84418 60280 1895 229 291897 1118665 791259.095 12711 13239 12624.793 0 51 1000 18.065502183406114
103890 85167 60743 1896 229 392916 1125666 727069.561 12778 13288 11580.388 0 52 1000 18.065502183406114
103295 87556 60687 1905 229 396695 1136403 732617.567 12905 13426 14922.421 2 52 1000 18.065502183406114
103315 88065 60835 1908 229 261959 1128547 612315.320 12960 13500 12613.968 0 53 1000 18.065502183406114
102984 86209 60914 1910 230 262376 1144519 655429.029 13024 13506 12044.160 0 52 1000 18.056521739130435
102823 86557 60941 1910 230 465293 1149656 919260.000 13063 13582 11255.041 0 50 1000 18.056521739130435
103116 87179 61361 1914 230 261236 1155668 769389.176 13134 13690 13225.193 0 51 1000 18.056521739130435
102734 89912 61667 1915 230 97286 1166709 605515.118 13280 13801 11894.553 2 52 1000 18.056521739130435
102634 90365 61988 1917 230 149181 1175245 605268.880 13330 13880 12265.533 1 51 1000 18.056521739130435
103020 91099 62500 1917 230 356779 1180073 835099.210 13414 13943 11649.098 1 52 1000 18.056521739130435
103229 89514 62736 1920 230 173321 1184041 494456.405 13417 13976 13360.519 0 48 1000 18.056521739130435
103144 90431 63009 1924 230 174311 1190861 495276.258 13523 14052 13364.404 1 49 1000 18.056521739130435
103113 93102 63139 1925 230 238161 1189832 528857.574 13657 14203 12141.722 0 48 1000 18.056521739130435
102935 93768 63228 1929 230 239434 1209013 587141.223 13731 14284 12928.639 1 49 1000 18.056521739130435
102943 93905 63410 1933 230 430558 1219240 777617.676 13802 14340 12995.210 0 49 1000 18.056521739130435
102930 92191 63643 1935 230 424975 1219596 830038.163 13833 14361 13152.418 0 48 1000 18.056521739130435
103061 94931 64003 1937 230 496130 1230517 880938.647 13940 14504 13335.160 2 48 1000 18.056521739130435
103023 92948 64106 1939 230 277392 1228262 752261.932 13971 14501 13315.341 0 48 1000 18.056521739130435
103361 96553 64592 1940 230 328651 1230592 579129.314 14119 14666 12824.315 2 50 1000 18.056521739130435
103660 94894 64901 1943 230 324396 1242511 826314.755 14134 14670 13382.374 0 50 1000 18.056521739130435
103659 97836 65264 1944 230 681909 1254378 1051884.587 14272 14819 12822.157 2 49 1000 18.056521739130435
103592 95864 65223 1947 230 212313 1257802 690994.486 14311 14840 14305.812 0 47 1000 18.056521739130435
103744 98805 65595 1952 230 383272 1270075 846654.555 14445 15010 15541.486 1 49 1000 18.056521739130435
103789 96749 65721 1952 230 595509 1271687 912486.606 14445 14979 12731.686 0 49 1000 18.056521739130435
103466 100076 65966 1952 230 600722 1282259 1059156.071 14597 15155 12867.667 0 48 1000 18.056521739130435
103970 100895 66552 1954 230 451098 1288060 1016824.059 14674 15216 14263.210 0 49 1000 18.056521739130435
104177 99031 66808 1956 230 337242 1290942 929369.577 14674 15252 14196.397 0 49 1000 18.056521739130435
103882 101513 66937 1957 230 527532 1306655 900698.357 14820 15393 13775.604 1 49 1000 18.056521739130435
104011 102301 67358 1959 230 530031 1305665 1065386.720 14894 15460 14371.773 0 49 1000 18.056521739130435
103860 100032 67269 1959 230 221483 1311390 768951.974 14894 15498 13277.901 0 49 1000 18.056521739130435
104004 100947 67667 1962 231 533819 1318380 1026277.429 14968 15553 14778.991 0 48 1000 18.082251082251084
103905 101289 67799 1965 231 299020 1319227 663535.390 15042 15656 15164.230 0 49 1000 18.082251082251084
103688 104258 68154 1969 231 349230 1331342 831225.336 15246 15789 15029.693 2 51 1000 18.082251082251084
103673 104744 68332 1969 231 411477 1340955 903226.648 15251 15885 13678.502 1 50 1000 18.082251082251084
103688 105359 68498 1972 231 413721 1350305 873449.298 15393 15964 15408.321 1 49 1000 18.082251082251084
104074 106396 69048 1973 231 354637 1359219 853364.442 15478 16031 14577.953 1 49 1000 18.082251082251084
104397 107048 69583 1977 231 477673 1366515 912666.071 15541 16121 15812.755 1 50 1000 18.082251082251084
104331 107609 69896 1978 231 486687 1379638 1010112.063 15654 16211 14692.086 1 50 1000 18.082251082251084
104269 105488 69945 1980 231 310377 1381736 726690.039 15674 16249 15533.114 0 49 1000 18.082251082251084
104244 106175 69872 1980 231 417757 1383104 953059.745 15742 16330 14258.647 1 48 1000 18.082251082251084
104480 106810 70409 1981 231 765820 1390483 1143138.335 15820 16408 15065.689 1 47 1000 18.082251082251084
