8 0 0 2 0 7022.0 56235.0 18280.559 504 506 12637.750 2 3 1 0.0
10 0 0 3 1 7024.0 50685.0 18784.383 506 506 9092.000 0 3 1 15.0
13 0 0 7 2 7025.0 50734.0 18748.367 506 508 19551.778 0 3 1 15.0
13 0 0 7 3 7191.0 49620.0 19793.605 506 508 450.556 0 4 1 17.333333333333332
14 0 0 10 4 7189.0 49551.0 20304.822 500 508 12784.750 0 4 1 17.5
15 0 0 12 5 7189.0 49551.0 20281.293 500 509 7404.357 0 4 1 17.6
17 0 0 14 6 7177.0 49551.0 20184.865 500 510 5715.062 0 4 1 18.666666666666668
18 0 0 17 7 7177.0 49104.0 20099.408 500 510 7699.000 0 5 1 19.142857142857142
20 0 0 23 8 7175.0 49035.0 20017.835 495 510 11482.880 0 5 2 18.875
22 0 0 26 8 7175.0 49035.0 19987.483 495 511 4986.179 0 7 2 18.875
24 0 0 29 9 7165.0 49035.0 19882.114 495 511 4889.710 0 8 2 18.88888888888889
29 0 0 29 10 7165.0 48639.0 19838.534 495 513 145.452 0 9 2 17.9
31 0 0 30 11 7162.0 48605.0 19810.886 490 515 1660.844 0 9 2 18.0
34 0 0 32 11 7162.0 48605.0 19789.958 490 515 2815.971 0 10 2 18.0
35 0 0 33 12 7153.0 48605.0 19717.201 490 517 1346.314 0 10 2 17.833333333333332
33 0 0 36 13 7154.0 48243.0 19652.301 490 516 3468.947 0 11 2 17.23076923076923
35 0 0 36 13 7341.0 48260.0 20310.826 485 517 131.105 0 10 2 17.23076923076923
38 0 0 38 14 7159.0 48447.0 19647.445 489 517 2403.100 0 10 2 17.071428571428573
42 0 0 40 15 7156.0 48203.0 19582.666 486 518 2444.619 0 10 2 17.2
44 0 0 41 15 7155.0 47916.0 19534.220 485 518 1122.767 0 11 2 17.2
48 0 0 41 16 7330.0 47916.0 20146.341 485 518 149.512 0 11 2 17.5625
51 0 0 42 16 7327.0 48322.0 19584.035 484 518 1113.795 0 11 2 17.5625
51 0 0 44 17 7327.0 48297.0 19561.533 484 514 1975.913 0 11 2 17.470588235294116
55 0 0 45 18 7317.0 47486.0 19511.435 480 514 1174.574 0 11 2 17.555555555555557
54 0 0 47 19 7317.0 47486.0 19473.714 480 514 2078.878 0 12 3 17.42105263157895
61 0 0 48 19 7313.0 47378.0 19441.824 479 514 984.200 0 12 3 17.42105263157895
63 0 0 48 20 7313.0 47378.0 19429.121 479 514 137.680 0 12 3 17.2
67 0 0 48 21 7303.0 47055.0 19395.096 475 512 137.240 0 12 3 17.476190476190474
71 0 0 50 22 7303.0 47055.0 19351.210 475 512 1848.423 0 14 3 17.545454545454547
75 0 0 52 22 7299.0 46948.0 19325.161 474 512 1671.926 0 13 3 17.545454545454547
81 0 0 52 23 7299.0 46948.0 19318.812 474 513 126.852 0 13 3 17.347826086956523
84 0 0 53 23 7289.0 46625.0 19261.101 470 513 977.745 0 12 3 17.347826086956523
89 0 0 54 24 7289.0 46625.0 19237.175 470 513 872.411 0 11 3 17.291666666666668
89 0 0 54 25 7286.0 46517.0 19233.649 469 513 121.750 0 11 3 17.16
95 0 0 55 25 7498.0 46625.0 19956.517 469 512 864.807 0 12 4 17.16
99 0 0 56 26 7498.0 46625.0 19939.573 465 512 831.759 0 11 4 17.26923076923077
103 0 0 56 26 7498.0 46625.0 19945.739 465 511 125.483 0 11 4 17.26923076923077
104 0 0 56 27 7482.0 46195.0 19892.662 464 512 125.362 0 12 4 17.11111111111111
107 0 0 56 28 7482.0 46195.0 19901.179 464 513 133.948 0 11 4 16.964285714285715
107 0 0 57 28 7482.0 46195.0 19903.021 460 512 845.627 0 11 4 16.964285714285715
109 0 0 57 29 7482.0 46195.0 19888.384 462 513 131.441 0 11 4 16.862068965517242
115 0 0 58 30 7466.0 46143.0 20200.740 459 513 906.967 0 11 4 17.0
123 0 0 59 30 7466.0 46177.0 20188.834 461 512 891.230 0 12 4 17.0
126 0 0 61 31 7465.0 45721.0 20736.026 457 512 1531.540 0 12 5 16.967741935483872
130 0 0 61 32 7465.0 45721.0 20733.291 457 513 137.683 0 12 5 16.875
139 0 0 62 33 7457.0 45506.0 20672.818 457 513 864.984 0 12 5 16.78787878787879
134 0 0 63 33 7451.0 45363.0 20627.976 456 512 797.508 0 12 5 16.78787878787879
139 0 0 67 34 7451.0 45363.0 20585.911 456 512 2644.304 0 12 5 16.676470588235293
142 0 0 69 35 7446.0 45219.0 20531.070 454 512 1335.930 0 14 5 16.6
146 0 0 69 36 7441.0 45076.0 20495.200 452 511 135.211 0 14 5 16.63888888888889
146 0 0 71 37 7435.0 44932.0 19570.927 451 511 1332.534 0 14 5 16.83783783783784
150 0 0 72 37 7143.0 42023.0 18552.667 451 511 584.851 0 14 5 16.83783783783784
148 0 0 73 38 7142.0 41983.0 18531.612 449 511 576.267 0 13 5 16.710526315789473
152 0 0 74 39 7142.0 41983.0 18521.937 447 510 690.961 0 15 5 16.846153846153847
157 0 0 75 40 7139.0 41909.0 18491.527 446 509 616.545 0 14 5 16.775
167 0 0 75 40 7140.0 41936.0 18499.808 446 509 136.390 0 13 5 16.775
163 0 0 75 41 7138.0 41855.0 18475.127 444 509 136.143 0 13 6 16.70731707317073
163 0 0 75 42 7137.0 41842.0 18471.018 442 508 135.948 0 14 6 16.80952380952381
168 0 0 75 42 7136.0 41794.0 18456.673 441 508 135.922 0 15 6 16.80952380952381
168 0 0 76 43 7137.0 41828.0 18461.151 441 508 551.077 0 15 6 16.790697674418606
177 0 0 76 44 7412.0 44301.0 19382.508 439 508 139.808 0 15 6 16.772727272727273
182 0 0 76 44 7408.0 44193.0 19371.482 437 508 139.872 0 14 6 16.772727272727273
185 0 0 76 45 7404.0 45348.0 19680.514 436 508 145.179 0 13 6 16.68888888888889
186 0 0 76 46 7400.0 45291.0 19648.639 436 508 144.897 0 15 6 16.695652173913043
185 0 0 77 46 7396.0 45248.0 19619.770 434 508 716.139 0 15 6 16.695652173913043
188 0 0 78 47 7392.0 45176.0 19592.016 432 506 623.388 0 15 6 16.80851063829787
187 0 0 78 48 7388.0 45162.0 19573.811 431 505 140.838 0 14 6 16.833333333333332
195 0 0 78 48 7384.0 45047.0 19549.220 431 506 140.625 0 14 6 16.833333333333332
202 0 0 79 49 7130.0 45047.0 18689.249 429 506 618.074 0 17 7 16.6734693877551
217 0 0 79 49 7128.0 45133.0 18684.578 427 506 144.840 0 16 7 16.6734693877551
225 0 0 81 50 7652.0 46388.0 20077.659 426 505 1131.422 0 16 7 16.72
228 0 0 83 51 7652.0 46388.0 20037.256 426 504 968.000 0 16 7 16.705882352941178
241 0 0 85 51 7652.0 46388.0 20349.240 428 504 1027.218 0 16 8 16.705882352941178
241 0 0 88 52 7633.0 46018.0 20249.368 426 502 1650.544 0 16 8 16.78846153846154
231 0 0 88 53 7633.0 46018.0 20248.370 424 502 155.778 0 15 7 16.71698113207547
230 0 0 89 53 7633.0 46018.0 20224.026 426 502 580.462 0 16 7 16.71698113207547
228 0 0 90 54 7633.0 46018.0 20207.262 423 502 573.891 0 15 8 16.64814814814815
245 0 0 90 54 7615.0 45647.0 20142.984 421 501 151.837 0 15 8 16.64814814814815
247 0 0 92 55 7615.0 45647.0 20108.793 425 501 1089.809 0 14 8 16.527272727272727
257 0 0 92 56 7615.0 45647.0 20103.802 421 501 148.266 0 15 8 16.482142857142858
265 0 0 93 57 7615.0 45647.0 20085.252 425 501 616.695 0 15 9 16.596491228070175
281 0 0 94 57 7597.0 45277.0 20012.652 420 501 609.760 0 14 9 16.596491228070175
290 0 0 95 58 7597.0 45277.0 20011.367 420 501 568.577 0 14 9 16.586206896551722
288 0 0 95 58 7597.0 45277.0 19996.079 424 500 143.371 0 16 9 16.586206896551722
298 0 0 95 59 7597.0 45277.0 19995.288 420 500 143.258 0 16 9 16.677966101694917
303 0 0 95 60 7563.0 44610.0 19550.323 420 500 152.134 0 16 9 16.8
316 0 0 95 61 7563.0 44610.0 19549.447 420 500 152.155 0 16 10 16.918032786885245
322 0 0 98 61 7563.0 44610.0 19526.139 419 499 1269.810 0 15 10 16.918032786885245
330 0 0 99 62 7554.0 44425.0 19473.043 415 498 552.772 0 14 10 17.016129032258064
343 0 0 99 63 7545.0 44240.0 19438.837 415 498 145.564 0 16 11 16.936507936507937
356 0 0 99 63 7778.0 48919.0 20829.146 415 496 154.109 0 15 11 16.936507936507937
361 0 0 101 64 7778.0 48919.0 20798.603 415 498 923.204 0 16 11 16.984375
371 0 0 101 64 7778.0 48919.0 20786.415 410 498 151.068 0 16 11 16.984375
378 0 0 103 65 7756.0 48489.0 19987.957 410 498 892.781 0 16 12 16.876923076923077
371 0 0 106 66 7756.0 48489.0 19978.453 410 496 1246.185 0 13 11 16.984848484848484
369 0 0 109 66 7756.0 48489.0 19954.511 410 497 1129.144 0 13 11 16.984848484848484
378 0 0 109 67 7756.0 48489.0 19956.084 405 498 144.189 0 13 12 16.970149253731343
396 0 0 109 68 7735.0 48058.0 19886.371 405 499 144.063 0 13 12 16.926470588235293
410 0 0 109 68 7735.0 48058.0 19888.064 405 498 144.225 0 13 13 16.926470588235293
420 0 0 110 69 7735.0 48058.0 20604.211 405 499 432.009 0 13 13 16.91304347826087
415 0 0 111 70 7735.0 48058.0 20603.200 400 500 479.150 0 13 13 16.942857142857143
422 0 0 111 71 7714.0 47628.0 20534.891 400 500 145.850 0 13 13 16.985915492957748
436 0 0 111 71 7714.0 47628.0 20532.678 400 501 150.283 0 13 13 16.985915492957748
441 0 0 111 72 7714.0 47628.0 20549.341 400 501 150.451 0 14 13 16.930555555555557
467 0 0 111 72 7714.0 47628.0 20568.838 400 503 154.637 0 14 14 16.930555555555557
486 0 0 112 72 7696.0 47284.0 20504.742 396 503 485.465 0 15 15 16.930555555555557
503 0 0 113 73 7252.0 45468.0 19562.721 396 504 489.443 0 15 15 16.863013698630137
505 0 0 114 74 7254.0 45525.0 19569.796 396 504 503.905 0 15 15 16.7972972972973
513 0 0 115 75 7254.0 45516.0 19986.198 396 506 503.889 0 14 16 16.88
528 0 0 118 76 7259.0 45670.0 19259.913 392 506 1188.200 0 15 16 16.973684210526315
544 0 0 118 77 7262.0 45764.0 19278.827 392 507 162.208 0 15 16 16.935064935064936
564 0 0 118 77 7264.0 45833.0 19299.339 392 507 162.408 0 15 17 16.935064935064936
559 0 0 121 78 7263.0 45799.0 19264.553 392 509 1102.325 0 16 17 17.025641025641026
576 0 0 121 79 7379.0 45773.0 19641.752 388 510 162.236 0 16 17 16.949367088607595
602 0 0 122 80 7380.0 45807.0 19645.990 388 511 414.121 0 16 18 16.9875
628 0 0 123 81 7384.0 45816.0 19650.808 388 512 507.568 0 16 18 17.061728395061728
643 0 0 123 81 7385.0 45893.0 19668.082 388 512 160.408 0 17 19 17.061728395061728
661 0 0 124 82 7388.0 45850.0 19663.046 384 512 479.365 0 17 20 17.024390243902438
677 0 0 124 83 7716.0 47671.0 20609.357 388 514 162.794 0 17 20 17.08433734939759
703 0 0 125 84 7716.0 47685.0 20608.601 389 515 482.457 0 17 21 17.035714285714285
718 0 0 125 84 7716.0 47685.0 20621.686 389 514 168.795 0 17 21 17.035714285714285
728 0 0 127 85 7711.0 47570.0 20645.173 390 516 764.031 0 18 22 17.11764705882353
756 0 0 129 86 7724.0 47843.0 20684.232 391 517 754.573 0 17 22 17.174418604651162
780 0 0 130 87 7289.0 46613.0 19425.745 392 518 448.780 0 17 23 17.160919540229884
798 0 0 132 87 7287.0 46570.0 19400.234 393 518 691.701 0 17 23 17.160919540229884
822 0 0 134 88 7291.0 46674.0 19423.169 393 520 588.331 0 17 24 17.147727272727273
844 0 0 134 89 7291.0 46680.0 19425.109 392 521 172.824 0 17 25 17.078651685393258
852 0 0 136 89 7293.0 46760.0 19430.106 395 521 765.036 0 18 25 17.078651685393258
884 0 0 137 90 7294.0 46772.0 19843.802 396 523 403.338 0 18 25 17.011111111111113
913 0 0 139 91 7296.0 46828.0 19834.575 397 523 780.135 0 17 27 16.978021978021978
930 0 0 140 92 7297.0 46871.0 20986.165 399 525 462.761 0 18 27 16.97826086956522
952 0 0 141 92 7299.0 46926.0 20281.812 399 526 451.972 0 18 28 16.97826086956522
971 0 0 142 93 7300.0 46975.0 20287.412 400 526 460.701 0 18 28 16.93548387096774
994 0 0 144 94 7303.0 47068.0 20304.848 400 528 657.212 0 19 29 16.98936170212766
1000 0 0 147 95 7304.0 47104.0 20672.289 403 528 1011.342 0 18 29 17.063157894736843
1037 0 0 147 96 7315.0 47437.0 20287.827 403 530 179.275 0 19 29 17.072916666666668
1066 0 0 148 96 7318.0 47523.0 20311.400 404 531 456.227 0 20 31 17.072916666666668
1095 0 0 151 97 7320.0 47599.0 20287.818 406 532 973.092 0 20 31 17.1340206185567
1127 0 0 156 97 7320.0 47604.0 20251.772 406 532 1399.494 0 20 33 17.1340206185567
1166 0 0 157 98 7324.0 47722.0 20281.489 406 534 432.101 0 21 34 17.071428571428573
1182 0 0 160 98 7326.0 47792.0 20278.742 409 535 892.907 0 21 34 17.071428571428573
1207 0 0 161 99 7329.0 47868.0 20282.905 408 536 373.712 0 22 35 17.060606060606062
1226 0 0 161 100 7330.0 47905.0 20300.509 411 537 165.871 0 21 36 17.04
1248 0 0 162 100 7337.0 48124.0 19578.720 409 538 460.470 0 23 37 17.04
1278 0 0 162 101 7341.0 48265.0 20408.723 414 540 174.628 0 22 37 17.04950495049505
1292 0 0 165 102 7345.0 48370.0 20408.731 415 541 860.150 0 22 37 17.03921568627451
1333 0 0 165 102 7346.0 48413.0 20786.614 416 542 174.790 0 22 39 17.03921568627451
1372 0 0 165 103 7351.0 48582.0 20837.585 418 544 178.425 0 23 40 17.019417475728154
1396 0 0 167 104 8081.0 49177.0 22910.655 418 544 650.953 0 23 41 17.01923076923077
1442 0 0 167 105 8081.0 49177.0 22923.066 418 545 179.462 0 24 42 17.085714285714285
1475 0 0 167 106 8081.0 49177.0 22945.016 418 548 180.012 0 24 42 17.056603773584907
1493 0 0 167 106 8056.0 48926.0 22892.049 413 549 180.385 0 25 44 17.056603773584907
1508 0 0 170 107 8096.0 49435.0 23582.905 413 550 923.401 0 25 43 16.990654205607477
1533 0 0 174 108 7371.0 49215.0 19777.578 413 553 1154.358 0 26 46 17.055555555555557
1555 0 0 175 108 7373.0 49273.0 21032.649 413 553 379.017 0 26 45 17.055555555555557
1593 0 0 177 109 7377.0 49400.0 21055.991 408 553 595.419 0 26 46 17.08256880733945
1653 0 0 179 110 7379.0 49465.0 21071.357 408 555 667.403 0 26 47 17.054545454545455
1713 0 0 180 111 7382.0 49564.0 21087.299 408 557 378.621 0 25 50 17.027027027027028
1759 0 0 182 111 7390.0 49802.0 20335.546 408 559 475.897 0 25 51 17.027027027027028
1822 0 0 183 112 7393.0 49900.0 20351.560 410 560 422.503 0 25 52 16.973214285714285
1879 0 0 184 113 7399.0 47955.0 21219.313 412 563 456.914 0 26 53 16.97345132743363
1911 0 0 186 114 7401.0 47986.0 21208.982 414 564 646.473 0 27 56 16.982456140350877
1966 0 0 188 115 7406.0 48174.0 21273.064 415 566 492.732 0 28 56 17.043478260869566
2018 0 0 188 115 7409.0 50405.0 21634.842 410 566 191.032 0 27 58 17.043478260869566
2056 0 0 196 116 8113.0 49745.0 24093.456 418 568 1821.914 0 27 59 17.060344827586206
2077 0 0 199 116 8115.0 50743.0 23624.495 419 570 775.955 0 28 62 17.060344827586206
2118 0 0 202 116 7577.0 50908.0 22152.463 421 571 820.118 0 29 61 17.060344827586206
2181 0 0 206 117 7579.0 50994.0 22123.374 421 573 935.130 0 29 62 17.00854700854701
2225 0 0 208 117 7583.0 51090.0 22155.201 422 575 507.405 0 30 63 17.00854700854701
2298 0 0 209 118 7595.0 49262.0 21891.109 425 576 404.137 0 30 64 17.016949152542374
2377 0 0 212 119 7603.0 49866.0 23333.827 426 578 783.131 0 30 68 17.016806722689076
2422 0 0 215 120 7607.0 49866.0 23335.366 426 579 758.253 0 30 69 17.0
2483 0 0 215 120 7611.0 49866.0 23357.466 426 581 192.475 0 31 70 17.0
2532 0 0 215 121 7614.0 49772.0 23305.345 421 583 195.355 0 32 71 17.05785123966942
2588 0 0 218 122 7623.0 50006.0 21622.029 421 585 849.045 0 33 74 17.040983606557376
2649 0 0 219 123 7626.0 50101.0 22078.238 421 586 426.104 0 32 76 17.073170731707318
2689 0 0 223 124 7631.0 50226.0 22084.217 421 588 963.551 0 32 77 17.129032258064516
2758 0 0 224 124 7635.0 50340.0 22116.801 416 589 344.018 0 34 80 17.129032258064516
2818 0 0 226 125 7640.0 50485.0 21282.121 416 591 554.031 0 32 80 17.168
2904 0 0 226 126 7831.0 50688.0 21909.456 418 594 203.478 0 33 83 17.150793650793652
2977 0 0 228 126 7835.0 50928.0 22393.627 420 595 422.309 0 33 84 17.150793650793652
3041 0 0 231 127 7843.0 51036.0 22404.599 422 596 822.605 0 35 89 17.173228346456693
3151 0 0 234 128 7843.0 51122.0 22390.874 422 598 789.627 0 33 90 17.1640625
3173 0 0 236 128 7850.0 51230.0 23725.971 424 601 600.126 0 35 93 17.1640625
3245 0 0 238 128 7857.0 51385.0 23769.149 426 601 564.696 0 34 92 17.1640625
3310 0 0 238 129 7869.0 51565.0 23849.996 429 606 207.792 0 36 95 17.147286821705425
3394 0 0 240 130 7871.0 51654.0 23858.169 430 606 568.715 0 36 97 17.176923076923078
3472 0 0 241 131 7879.0 51891.0 23923.573 432 608 390.288 0 37 101 17.213740458015266
3555 0 0 243 131 8286.0 52731.0 23650.691 434 610 603.106 0 37 101 17.213740458015266
3624 0 0 247 132 8298.0 52940.0 24240.204 438 612 972.024 0 39 102 17.174242424242426
3715 0 0 250 133 8314.0 53212.0 24267.847 440 613 769.960 0 39 106 17.18796992481203
3775 0 0 253 133 8320.0 53319.0 24793.991 440 616 788.373 0 39 107 17.18796992481203
3855 0 0 253 134 7917.0 50745.0 23781.260 442 618 216.529 0 38 110 17.17910447761194
3948 0 0 255 135 7923.0 52887.0 23261.602 444 621 549.545 0 40 111 17.22962962962963
4036 0 0 256 135 7931.0 53098.0 23320.702 448 622 370.019 0 41 115 17.22962962962963
4136 0 0 258 135 7745.0 53321.0 22758.593 448 624 570.231 0 41 118 17.22962962962963
4226 0 0 261 136 7750.0 53462.0 22256.858 450 627 696.236 0 41 123 17.176470588235293
4315 0 0 261 136 7757.0 53641.0 22324.589 453 629 222.570 0 39 121 17.176470588235293
4372 0 0 264 137 8695.0 53308.0 24742.024 455 632 732.004 0 39 124 17.175182481751825
4483 0 0 267 138 8698.0 53352.0 24751.197 456 634 716.264 0 41 128 17.166666666666668
4562 0 0 271 138 8425.0 55135.0 24167.295 459 636 909.348 0 40 130 17.166666666666668
4649 0 0 275 139 8432.0 55259.0 24172.354 461 638 811.018 0 40 132 17.14388489208633
4723 0 0 275 139 8444.0 55460.0 24251.231 463 641 224.628 0 40 134 17.14388489208633
4789 0 0 275 140 8449.0 55546.0 24306.520 467 643 227.444 0 41 136 17.114285714285714
4896 0 0 276 140 8225.0 52847.0 23783.269 469 644 403.237 0 42 143 17.114285714285714
5034 0 0 277 141 8234.0 52994.0 23835.193 467 647 420.699 0 42 145 17.099290780141843
5137 0 0 278 141 8246.0 53192.0 23915.012 473 650 310.264 0 43 146 17.099290780141843
5285 0 0 278 142 8250.0 53530.0 23982.577 476 652 236.725 0 43 150 17.1056338028169
5408 0 0 281 143 8528.0 56908.0 25278.161 480 656 613.742 0 45 157 17.111888111888113
5556 0 0 284 143 8539.0 57096.0 25318.447 482 659 755.395 0 45 160 17.111888111888113
5667 0 0 287 144 8550.0 57283.0 25379.146 484 661 679.536 0 45 161 17.083333333333332
5747 0 0 288 144 7679.0 52461.0 23019.408 488 666 415.917 0 45 163 17.083333333333332
5862 0 0 291 145 7685.0 51689.0 21952.777 490 667 758.611 0 46 166 17.103448275862068
5971 0 0 291 146 8336.0 55130.0 25055.585 494 669 250.580 0 47 174 17.089041095890412
6098 0 0 294 147 8345.0 55314.0 25088.776 496 673 787.074 0 48 171 17.12925170068027
6239 0 0 296 147 8359.0 57722.0 24563.696 500 676 550.272 0 47 177 17.12925170068027
6402 0 0 298 148 8376.0 58118.0 24670.173 504 681 577.200 0 49 181 17.114864864864863
6529 0 0 300 148 8399.0 58453.0 24781.097 507 684 580.881 0 50 187 17.114864864864863
6689 0 0 300 149 8412.0 56650.0 24850.662 512 687 270.414 0 51 190 17.107382550335572
6843 0 0 306 149 8430.0 59095.0 25477.974 516 692 1193.432 0 52 194 17.107382550335572
7003 0 0 308 150 8444.0 59410.0 25565.243 519 695 600.590 0 54 203 17.106666666666666
7172 0 0 308 150 7979.0 59660.0 24920.524 521 700 275.939 0 55 204 17.106666666666666
7313 0 0 313 151 7989.0 59943.0 24956.498 525 702 1007.978 0 55 204 17.08609271523179
7417 0 0 319 152 8244.0 58387.0 25177.535 532 706 1222.639 0 56 213 17.111842105263158
7578 0 0 324 153 8257.0 58688.0 25203.043 536 712 1094.571 0 54 215 17.124183006535947
7777 0 0 326 153 8273.0 59048.0 25883.886 542 716 556.979 0 56 221 17.124183006535947
7942 0 0 326 154 9172.0 60409.0 28203.058 545 722 285.223 0 57 230 17.11038961038961
8091 0 0 328 155 9190.0 60668.0 28314.743 547 726 587.991 0 59 234 17.12258064516129
8268 0 0 328 155 8886.0 63101.0 28355.616 552 729 294.224 0 59 234 17.12258064516129
8460 0 0 330 156 8906.0 63438.0 28468.721 552 733 637.563 0 60 236 17.147435897435898
8685 0 0 332 156 8929.0 63836.0 28613.066 561 739 610.766 0 61 242 17.147435897435898
8865 0 0 332 157 7891.0 59197.0 26611.585 566 742 300.925 0 62 251 17.178343949044585
9060 0 0 336 158 9328.0 62725.0 29718.852 570 748 858.358 0 64 262 17.158227848101266
9357 0 0 342 158 9891.0 63034.0 30966.588 577 756 1294.384 0 65 260 17.158227848101266
9583 0 0 347 159 9891.0 63034.0 30978.611 579 759 1096.040 0 65 271 17.19496855345912
9792 0 0 349 159 9891.0 63248.0 31102.963 579 765 633.350 0 67 283 17.19496855345912
10014 0 0 354 160 8467.0 63575.0 29193.311 573 771 1043.556 0 66 279 17.2375
10245 0 0 354 161 8492.0 64173.0 28112.151 575 777 316.739 0 67 290 17.25465838509317
10518 0 0 355 162 9526.0 65666.0 32227.688 581 783 478.975 0 69 297 17.24074074074074
10782 0 0 358 162 8256.0 67183.0 29047.041 587 788 795.267 0 70 306 17.24074074074074
10984 0 0 363 163 8278.0 67764.0 26207.742 591 794 1112.307 0 69 318 17.226993865030675
11238 0 0 363 163 8291.0 68140.0 33281.829 597 798 333.079 0 69 318 17.226993865030675
11544 0 0 364 164 8312.0 68699.0 27256.590 602 805 463.738 0 68 326 17.225609756097562
11773 0 0 368 164 8336.0 69335.0 26635.020 611 811 892.765 0 69 336 17.225609756097562
12038 0 0 371 165 9320.0 65664.0 29351.827 604 820 713.552 0 70 336 17.206060606060607
12308 0 0 374 165 9758.0 69124.0 30409.177 604 824 704.194 0 71 350 17.206060606060607
12549 0 0 375 165 9795.0 69673.0 32249.669 604 832 505.499 0 69 355 17.206060606060607
12779 0 0 379 166 8708.0 69198.0 29618.298 604 836 861.929 0 70 356 17.186746987951807
13051 0 0 384 166 8737.0 72052.0 28891.658 597 844 994.008 0 71 369 17.186746987951807
13396 0 0 386 167 8755.0 72496.0 29832.224 599 849 620.353 0 73 379 17.179640718562876
13645 0 0 387 168 10432.0 70914.0 34724.225 604 856 497.853 0 69 386 17.202380952380953
14032 0 0 393 168 10469.0 71713.0 34942.567 616 865 1305.091 0 73 397 17.202380952380953
14358 0 0 396 169 10558.0 72372.0 34450.283 622 873 789.470 0 73 415 17.21301775147929
14620 0 0 397 169 8543.0 74974.0 28852.102 627 879 544.875 0 72 413 17.21301775147929
14855 0 0 398 170 9665.0 73699.0 31993.594 636 889 531.275 0 75 420 17.2
15217 0 0 399 170 10173.0 75304.0 34165.393 645 896 514.915 0 78 439 17.2
15593 0 0 400 171 9732.0 70528.0 28559.660 651 903 536.525 0 76 434 17.19298245614035
15985 0 0 406 171 10248.0 76419.0 34769.209 659 909 1205.777 0 76 443 17.19298245614035
16377 0 0 412 172 10302.0 77213.0 34142.071 668 921 1340.043 0 79 465 17.22093023255814
16825 0 0 417 172 10348.0 77909.0 35973.916 677 928 1104.516 0 77 475 17.22093023255814
17127 0 0 420 173 10420.0 80418.0 34490.252 689 941 907.491 0 80 484 17.23699421965318
17524 0 0 424 174 10476.0 79803.0 35725.464 699 951 1013.413 0 82 507 17.24137931034483
18041 0 0 428 174 11122.0 78803.0 43733.375 710 961 1134.819 0 81 500 17.24137931034483
18550 0 0 429 174 11174.0 80877.0 38524.556 719 970 613.413 0 83 524 17.24137931034483
18954 0 0 433 175 10644.0 82314.0 37536.497 725 978 1074.660 0 82 535 17.28
19323 0 0 437 175 10168.0 82338.0 38574.007 736 988 1039.387 0 81 551 17.28
19791 0 0 445 176 10218.0 83252.0 34911.935 744 998 1593.112 1 83 550 17.3125
20181 0 0 448 177 8960.0 86264.0 31776.775 758 1010 907.649 0 86 575 17.282485875706215
20619 0 0 452 177 9403.0 85427.0 33168.783 774 1021 1082.449 0 86 596 17.282485875706215
21147 0 0 455 177 9432.0 86091.0 34338.676 779 1032 859.902 0 85 587 17.282485875706215
21675 0 0 460 178 9481.0 87252.0 35852.418 794 1046 1187.210 0 86 612 17.286516853932586
22111 0 0 468 179 9511.0 87947.0 43615.906 803 1055 1808.355 0 85 624 17.29608938547486
22459 0 0 475 179 10551.0 88962.0 38668.056 814 1065 1486.004 0 89 649 17.29608938547486
22981 0 0 479 180 8796.0 87811.0 35538.752 824 1079 1172.156 0 90 652 17.333333333333332
23487 0 0 484 180 12002.0 91286.0 41174.522 834 1092 1179.811 0 91 667 17.333333333333332
23967 0 0 490 181 10739.0 92169.0 38533.801 834 1103 1403.614 0 91 666 17.353591160220994
24528 0 0 492 181 12988.0 92937.0 42251.242 834 1114 823.253 0 93 696 17.353591160220994
25128 0 0 500 182 10851.0 94178.0 40291.471 834 1127 1675.424 0 93 724 17.346153846153847
25662 0 0 502 182 9824.0 95258.0 36712.795 838 1139 851.627 0 93 741 17.346153846153847
26185 0 0 506 182 9888.0 96734.0 39573.926 854 1155 1000.683 0 91 739 17.346153846153847
26653 9 3 509 182 9920.0 97480.0 39811.996 866 1168 1041.249 0 93 771 17.346153846153847
27220 21 7 516 183 9982.0 99763.0 41789.171 878 1181 1685.973 0 93 768 17.316939890710383
27827 30 11 519 183 10563.0 97665.0 41890.082 893 1191 986.422 0 96 804 17.316939890710383
28567 39 15 523 183 11243.0 96639.0 45185.845 904 1207 1078.181 0 96 792 17.316939890710383
29227 48 21 534 184 10697.0 100356.0 41311.260 924 1223 2205.116 0 95 813 17.33695652173913
29886 57 27 538 185 9240.0 101584.0 39003.793 936 1235 1241.493 1 94 843 17.36756756756757
30599 68 35 542 185 10805.0 102512.0 47446.984 951 1247 1188.471 0 97 868 17.36756756756757
31135 80 46 548 186 10862.0 103669.0 47811.013 957 1263 1610.344 0 95 900 17.365591397849464
31853 97 62 553 186 12390.0 105353.0 49085.464 980 1281 1376.737 0 96 899 17.365591397849464
32510 110 68 556 186 10407.0 109608.0 44791.950 996 1297 1160.054 0 96 917 17.365591397849464
33176 120 78 559 187 11755.0 105497.0 45276.040 1007 1309 1158.385 0 96 936 17.39572192513369
33741 135 88 562 187 11835.0 109024.0 47038.338 1023 1325 1183.980 0 97 952 17.39572192513369
34375 157 107 566 187 11219.0 113721.0 49204.628 1043 1343 1228.222 0 99 970 17.39572192513369
35090 170 120 572 188 11275.0 111951.0 52041.086 1053 1357 1563.960 0 100 990 17.409574468085108
35950 187 138 575 188 15009.0 112508.0 63331.798 1072 1375 1149.709 0 101 1000 17.409574468085108
36685 200 155 578 188 13046.0 112872.0 59935.636 1095 1395 1275.583 0 105 1000 17.409574468085108
37464 209 159 585 188 13146.0 116655.0 50014.548 1108 1410 1923.533 0 105 1000 17.409574468085108
38124 224 172 591 189 13283.0 118642.0 53875.961 1131 1434 1777.781 1 107 1000 17.402116402116402
38976 239 187 597 189 15615.0 119196.0 54085.845 1152 1456 1809.077 0 106 1000 17.402116402116402
39717 254 205 602 189 9883.0 121879.0 45855.733 1166 1471 1588.757 0 109 1000 17.402116402116402
40488 264 214 606 190 14668.0 124218.0 51811.290 1187 1493 1473.311 0 106 1000 17.4
41190 279 226 611 191 10548.0 125035.0 44746.899 1205 1510 1473.615 0 105 1000 17.42931937172775
41997 288 246 614 191 10610.0 126809.0 45206.495 1234 1531 1298.617 0 108 1000 17.42931937172775
42901 299 258 616 191 10653.0 127919.0 50820.516 1238 1542 1161.867 0 107 1000 17.42931937172775
43623 311 270 618 192 16450.0 129646.0 62779.385 1262 1564 1236.624 0 106 1000 17.463541666666668
44105 318 278 620 192 11460.0 133437.0 53876.700 1278 1584 1204.561 0 107 1000 17.463541666666668
44768 340 297 625 193 12321.0 132964.0 54942.295 1298 1601 1705.860 2 107 1000 17.45077720207254
45451 362 320 631 194 16975.0 135380.0 57989.086 1322 1626 2026.378 1 110 1000 17.45876288659794
45847 357 315 647 194 17060.0 136302.0 65159.543 1336 1641 3297.223 0 108 1000 17.45876288659794
46196 373 317 652 194 11746.0 140106.0 55389.070 1364 1661 1745.407 0 111 1000 17.45876288659794
46773 392 328 656 194 14694.0 135372.0 50757.624 1376 1679 1602.298 0 109 1000 17.45876288659794
47382 433 357 663 195 12776.0 142100.0 66044.440 1407 1712 1962.442 0 113 1000 17.435897435897434
47975 461 374 673 195 12000.0 141633.0 59014.354 1424 1728 2486.622 0 111 1000 17.435897435897434
48544 469 379 679 195 12046.0 140631.0 68607.330 1437 1743 1893.949 0 110 1000 17.435897435897434
49134 497 397 686 195 18017.0 145669.0 82739.196 1459 1765 1970.374 0 109 1000 17.435897435897434
49573 531 419 693 196 18172.0 147377.0 64124.754 1480 1785 2279.849 1 110 1000 17.428571428571427
50193 550 440 698 196 18338.0 149204.0 66017.387 1501 1806 1857.710 0 111 1000 17.428571428571427
50658 596 455 704 196 18596.0 152056.0 75827.870 1530 1843 2066.228 0 114 1000 17.428571428571427
51121 607 469 708 196 15680.0 150036.0 65424.325 1545 1851 1793.423 0 110 1000 17.428571428571427
51693 634 494 713 196 14564.0 155015.0 74977.244 1571 1873 1886.323 1 109 1000 17.428571428571427
52390 676 539 717 196 23079.0 156963.0 89408.923 1586 1895 1934.816 0 109 1000 17.428571428571427
53004 757 578 721 197 13715.0 160969.0 58188.180 1622 1926 1927.600 2 110 1000 17.446700507614214
53397 808 604 725 197 17761.0 163830.0 70687.010 1645 1951 1633.809 0 111 1000 17.446700507614214
53920 832 621 729 197 11989.0 159929.0 62931.170 1663 1960 1666.937 1 113 1000 17.446700507614214
54654 910 672 735 198 18085.0 167982.0 75618.320 1695 2000 2104.095 1 109 1000 17.45959595959596
55258 959 719 737 198 22069.0 169177.0 83534.980 1720 2021 1654.468 0 108 1000 17.45959595959596
55769 1017 765 741 199 18413.0 172186.0 83010.561 1743 2049 2031.642 0 109 1000 17.492462311557787
56214 1034 798 748 199 18515.0 173482.0 79504.575 1757 2057 2578.845 1 110 1000 17.492462311557787
56754 1115 864 754 199 13350.0 173262.0 68868.419 1790 2098 2303.004 2 109 1000 17.492462311557787
57302 1139 913 761 199 14486.0 176455.0 74226.534 1804 2106 2456.075 0 108 1000 17.492462311557787
57801 1234 982 767 200 21001.0 178561.0 92284.402 1837 2143 2202.434 0 112 1000 17.495
58318 1288 1049 773 200 19218.0 182488.0 89133.341 1865 2164 2551.568 1 109 1000 17.495
58641 1326 1111 777 200 29174.0 177123.0 105738.089 1888 2192 2251.659 0 104 1000 17.495
59066 1325 1152 782 200 21428.0 183275.0 91162.742 1895 2204 2283.454 0 104 1000 17.495
59414 1368 1199 785 200 21602.0 185190.0 95002.125 1920 2223 1918.709 0 102 1000 17.495
59800 1471 1281 790 201 19853.0 190628.0 89848.904 1961 2264 2243.506 2 106 1000 17.51741293532338
60357 1531 1350 796 201 14052.0 189546.0 58524.018 1981 2285 2512.278 1 104 1000 17.51741293532338
60720 1554 1397 800 202 24643.0 191349.0 111410.974 1994 2292 1817.077 0 102 1000 17.53960396039604
61202 1692 1522 806 202 15459.0 196001.0 89526.998 2024 2326 2767.588 1 106 1000 17.53960396039604
61676 1753 1593 816 203 25202.0 195985.0 105087.590 2055 2362 3660.798 0 104 1000 17.536945812807883
61876 1759 1638 821 203 31385.0 196915.0 110255.190 2065 2374 2579.549 0 101 1000 17.536945812807883
62523 1916 1778 831 203 23062.0 201286.0 88884.130 2105 2415 3403.507 0 102 1000 17.536945812807883
63125 1966 1829 836 203 25835.0 201397.0 116346.076 2130 2438 2396.578 0 100 1000 17.536945812807883
63460 2007 1908 843 203 21108.0 206700.0 91194.271 2144 2456 3090.551 0 102 1000 17.536945812807883
64017 2122 2014 846 203 21265.0 208709.0 88980.179 2163 2469 2121.489 0 100 1000 17.536945812807883
64445 2269 2139 853 204 13736.0 206998.0 67936.855 2208 2517 2975.289 0 100 1000 17.54901960784314
64740 2272 2208 863 204 13773.0 210229.0 80908.482 2221 2528 2857.412 0 100 1000 17.54901960784314
65040 2529 2380 868 205 33920.0 213073.0 125579.665 2269 2576 2412.434 3 103 1000 17.5609756097561
65437 2634 2506 873 205 18160.0 216235.0 80302.137 2288 2594 2640.287 0 98 1000 17.5609756097561
66127 2727 2612 878 206 18294.0 218540.0 94664.369 2320 2625 2271.128 0 98 1000 17.5873786407767
66510 2775 2720 884 206 16740.0 221738.0 81102.030 2331 2637 2903.976 0 100 1000 17.5873786407767
67048 2960 2898 888 206 35231.0 224164.0 130073.386 2368 2672 2411.021 0 97 1000 17.5873786407767
67725 3128 3060 890 206 31753.0 223509.0 120483.372 2375 2703 2104.170 0 100 1000 17.5873786407767
68202 3230 3142 895 206 17165.0 230269.0 82088.990 2425 2739 2833.855 0 97 1000 17.5873786407767
68774 3261 3227 899 207 32159.0 229259.0 127806.522 2438 2744 2519.040 0 95 1000 17.618357487922705
68682 3439 3362 905 207 41440.0 227602.0 130266.078 2483 2794 3201.592 2 96 1000 17.618357487922705
68970 3541 3502 908 207 23607.0 238705.0 93099.941 2510 2827 2442.199 0 99 1000 17.618357487922705
69308 3548 3578 915 207 21356.0 236649.0 104314.498 2522 2835 2983.687 0 97 1000 17.618357487922705
69676 3777 3767 923 207 21618.0 240588.0 109471.124 2569 2876 3422.590 3 99 1000 17.618357487922705
69990 3758 3835 929 207 21698.0 239588.0 105456.734 2584 2891 3155.249 0 94 1000 17.618357487922705
70279 3988 4083 934 208 34118.0 245795.0 127147.217 2631 2943 2882.111 2 92 1000 17.620192307692307
70463 3969 4166 938 208 16500.0 244818.0 101326.383 2645 2954 2838.574 0 94 1000 17.620192307692307
70923 4088 4313 942 208 20091.0 249618.0 82240.076 2678 2986 2637.576 0 93 1000 17.620192307692307
71482 4281 4498 947 208 22500.0 251522.0 109280.478 2720 3034 2888.919 3 96 1000 17.620192307692307
71736 4261 4645 955 209 18494.0 246926.0 96164.385 2735 3041 3606.817 1 93 1000 17.641148325358852
72121 4366 4800 959 209 35578.0 254739.0 132598.170 2774 3081 2731.509 0 91 1000 17.641148325358852
72616 4616 5010 962 209 36116.0 259134.0 163269.839 2817 3131 2683.888 0 93 1000 17.641148325358852
72929 4791 5189 971 209 18985.0 259972.0 127409.698 2847 3166 4362.249 2 95 1000 17.641148325358852
73397 4933 5348 973 209 19121.0 261107.0 115784.182 2880 3189 2629.565 1 92 1000 17.641148325358852
73631 4917 5459 976 210 41648.0 266318.0 156442.580 2891 3195 2854.690 0 92 1000 17.67142857142857
74133 5081 5690 978 210 42039.0 269044.0 149065.857 2927 3242 2678.047 1 91 1000 17.67142857142857
73961 5382 5908 986 210 37746.0 272445.0 148089.599 2973 3285 4064.441 2 91 1000 17.67142857142857
74381 5401 6073 992 210 55308.0 276326.0 166168.014 2983 3290 3586.957 0 89 1000 17.67142857142857
74746 5574 6320 999 210 55540.0 279145.0 162444.978 2997 3326 3878.138 0 88 1000 17.67142857142857
74652 5692 6489 1003 210 27215.0 277712.0 120384.520 3026 3358 3246.056 0 88 1000 17.67142857142857
74838 5998 6770 1008 211 22215.0 286336.0 112970.497 3082 3410 3072.993 0 91 1000 17.696682464454977
75197 6138 6902 1011 211 31137.0 290297.0 134069.393 3112 3445 2994.493 0 93 1000 17.696682464454977
75336 6340 7111 1015 211 22536.0 291881.0 123857.697 3136 3463 3287.451 0 92 1000 17.696682464454977
75394 6223 7142 1017 212 28083.0 292220.0 138390.963 3136 3481 2923.457 0 88 1000 17.71698113207547
75703 6581 7403 1021 212 22863.0 297530.0 111528.822 3194 3542 3215.850 2 87 1000 17.71698113207547
76080 6759 7568 1025 212 23033.0 300463.0 122241.538 3239 3575 3029.025 0 89 1000 17.71698113207547
76175 6980 7790 1035 212 36507.0 302647.0 156483.131 3271 3615 4841.095 1 88 1000 17.71698113207547
76351 6913 7863 1039 212 43616.0 298840.0 141716.916 3283 3626 3496.447 0 85 1000 17.71698113207547
76771 7389 8183 1041 212 32975.0 310552.0 134444.312 3347 3681 2984.538 2 89 1000 17.71698113207547
77148 7526 8288 1049 213 44562.0 307492.0 179822.406 3379 3717 4184.242 0 86 1000 17.699530516431924
77428 7758 8508 1052 213 37756.0 314494.0 149473.506 3399 3752 3214.035 1 86 1000 17.699530516431924
77768 7706 8648 1057 213 33601.0 317457.0 158707.210 3415 3762 3708.628 0 82 1000 17.699530516431924
77822 8245 8916 1062 213 34027.0 322151.0 149677.281 3462 3815 3871.222 3 85 1000 17.699530516431924
78127 8536 9162 1066 213 30530.0 321624.0 164803.393 3509 3849 3629.208 1 87 1000 17.699530516431924
78741 8743 9324 1068 213 22107.0 321228.0 102542.173 3543 3890 3223.777 1 87 1000 17.699530516431924
78783 8646 9405 1073 213 24659.0 328577.0 151108.561 3531 3897 3572.448 0 85 1000 17.699530516431924
79313 9162 9753 1083 214 65821.0 331273.0 210401.261 3599 3966 5177.363 3 89 1000 17.710280373831775
79868 9061 9822 1090 214 66077.0 329820.0 228664.381 3599 3965 4627.821 0 85 1000 17.710280373831775
80071 9296 9965 1094 214 40154.0 337247.0 150007.543 3652 4019 3819.389 1 87 1000 17.710280373831775
80300 9491 10055 1099 214 28372.0 338897.0 150276.112 3652 4044 4124.321 0 84 1000 17.710280373831775
80296 9747 10218 1105 214 28585.0 342063.0 163575.963 3706 4083 4252.527 1 86 1000 17.710280373831775
80544 10371 10462 1109 215 32489.0 349314.0 126501.552 3751 4139 3689.547 2 88 1000 17.730232558139534
80549 10232 10542 1112 215 29015.0 348457.0 145444.663 3769 4158 3384.884 0 86 1000 17.730232558139534
80987 10782 10784 1116 215 29326.0 353096.0 134134.283 3824 4218 3881.716 2 82 1000 17.730232558139534
81426 10729 10896 1122 215 29425.0 354558.0 158001.530 3820 4229 4163.345 0 81 1000 17.730232558139534
81547 11011 11084 1126 216 19294.0 357009.0 134707.879 3877 4266 4036.698 1 80 1000 17.75462962962963
81773 11625 11301 1132 216 19485.0 358935.0 118300.482 3934 4333 4608.384 2 81 1000 17.75462962962963
81899 11517 11422 1133 216 38126.0 367340.0 176328.236 3953 4342 3252.366 0 80 1000 17.75462962962963
82199 11786 11735 1133 216 38405.0 370412.0 183775.596 3988 4379 3128.870 1 80 1000 17.75462962962963
82134 12053 11856 1140 216 34297.0 369882.0 195122.848 4025 4407 5009.046 1 79 1000 17.75462962962963
82535 12305 12074 1146 216 74017.0 373135.0 236828.976 4065 4446 5003.399 1 79 1000 17.75462962962963
82710 12538 12246 1151 216 50466.0 379165.0 174265.778 4100 4495 4518.194 0 80 1000 17.75462962962963
82946 13237 12567 1155 216 51146.0 384381.0 176277.515 4155 4548 4428.443 0 83 1000 17.75462962962963
83231 13120 12715 1160 216 45183.0 384963.0 209038.694 4170 4572 4464.877 0 82 1000 17.75462962962963
83287 13274 12813 1163 217 45502.0 387987.0 193748.005 4205 4604 4137.615 0 82 1000 17.774193548387096
83403 13999 13104 1168 217 28476.0 394573.0 124465.092 4263 4670 4801.508 2 82 1000 17.774193548387096
83698 13884 13247 1175 217 77695.0 387782.0 221667.052 4279 4682 4595.617 0 77 1000 17.774193548387096
83442 14215 13422 1179 217 89541.0 392957.0 257911.346 4321 4732 4444.301 1 76 1000 17.774193548387096
83177 14528 13545 1185 217 32522.0 400645.0 149938.913 4379 4768 5053.933 1 78 1000 17.774193548387096
83362 14751 13825 1192 217 69937.0 401414.0 279737.283 4411 4811 5052.490 0 78 1000 17.774193548387096
83878 15005 14139 1201 217 47694.0 408784.0 243987.992 4445 4844 6361.010 1 78 1000 17.774193548387096
84245 15265 14355 1204 217 33223.0 411077.0 199818.084 4489 4879 4499.304 0 78 1000 17.774193548387096
84000 15556 14526 1210 217 85279.0 409986.0 270186.891 4515 4919 5047.202 1 78 1000 17.774193548387096
84318 15927 14730 1213 217 48806.0 419332.0 187088.343 4559 4972 4167.709 1 79 1000 17.774193548387096
84441 16805 14982 1223 218 49485.0 425777.0 217320.555 4642 5029 5840.731 2 81 1000 17.798165137614678
84968 17088 15220 1227 218 49816.0 428921.0 182722.022 4672 5087 4990.255 1 79 1000 17.798165137614678
85186 16950 15412 1235 218 49984.0 430517.0 211650.508 4695 5103 6009.958 0 79 1000 17.798165137614678
85604 17634 15710 1242 218 50574.0 436106.0 186244.569 4764 5166 5610.743 2 75 1000 17.798165137614678
85879 17450 15884 1249 218 98249.0 434008.0 263735.774 4764 5182 5477.655 0 73 1000 17.798165137614678
86088 17740 16045 1259 218 27796.0 435464.0 168857.732 4810 5221 6349.546 0 74 1000 17.798165137614678
86426 18092 16322 1267 219 99819.0 437023.0 296463.426 4848 5251 5844.424 0 74 1000 17.80821917808219
86291 18818 16567 1267 219 101000.0 442613.0 307642.928 4920 5321 3893.963 2 73 1000 17.80821917808219
86387 18592 16662 1272 219 40487.0 447678.0 182793.989 4934 5341 5613.213 0 73 1000 17.80821917808219
86670 18977 16988 1277 219 40791.0 451581.0 195754.801 4967 5387 5014.091 2 75 1000 17.80821917808219
87204 19847 17300 1282 219 36485.0 459615.0 216143.049 5038 5447 5375.400 1 75 1000 17.80821917808219
87241 20173 17572 1285 220 61046.0 462715.0 215076.876 5097 5503 4972.473 2 76 1000 17.813636363636363
87203 20409 17721 1289 220 53961.0 466448.0 233381.835 5130 5531 5234.682 1 72 1000 17.813636363636363
87475 20823 18077 1295 220 61952.0 470118.0 264006.309 5180 5579 5730.885 1 74 1000 17.813636363636363
87484 21030 18255 1302 220 127374.0 466280.0 314231.947 5220 5621 6461.491 0 71 1000 17.813636363636363
87799 20785 18495 1305 220 54855.0 474928.0 224553.488 5218 5631 5025.853 0 71 1000 17.813636363636363
88018 21156 18804 1308 220 29770.0 478626.0 197072.797 5264 5680 5008.147 0 70 1000 17.813636363636363
88157 21523 18962 1313 221 48904.0 478944.0 176012.799 5321 5728 4873.426 1 69 1000 17.84162895927602
87974 22464 19296 1320 221 150900.0 487087.0 323782.165 5351 5785 6187.370 1 67 1000 17.84162895927602
88257 22177 19553 1328 221 38571.0 490655.0 208706.915 5377 5807 6568.895 0 68 1000 17.84162895927602
88251 23285 19914 1332 221 34509.0 491232.0 179381.524 5457 5891 5450.625 2 70 1000 17.84162895927602
88742 22970 20033 1337 221 65330.0 497705.0 282356.105 5457 5908 5566.733 0 68 1000 17.84162895927602
88964 23366 20279 1340 221 65789.0 501451.0 267156.319 5511 5944 5506.107 1 68 1000 17.84162895927602
89186 23745 20521 1346 221 51017.0 502238.0 206292.710 5565 5997 6421.884 1 67 1000 17.84162895927602
89608 24738 20918 1350 221 76751.0 510490.0 273619.198 5647 6072 5246.533 2 69 1000 17.84162895927602
89483 24392 20980 1352 221 76965.0 511994.0 326914.090 5675 6077 4919.599 0 69 1000 17.84162895927602
89552 24725 21233 1358 221 88802.0 514126.0 363639.263 5703 6148 6657.362 1 69 1000 17.84162895927602
89901 25655 21631 1365 221 68606.0 524459.0 272222.942 5769 6217 7082.998 2 69 1000 17.84162895927602
89830 25248 21806 1368 221 103168.0 523554.0 338307.995 5791 6210 5661.934 0 69 1000 17.84162895927602
89944 25438 21950 1372 221 103951.0 525874.0 287642.684 5826 6267 5926.476 1 67 1000 17.84162895927602
89883 25922 22218 1374 221 53514.0 529761.0 265055.111 5877 6308 5163.233 0 67 1000 17.84162895927602
89928 26425 22558 1383 221 80320.0 535576.0 335280.582 5929 6370 7566.247 0 68 1000 17.84162895927602
89993 27553 22905 1390 221 37291.0 542344.0 251098.685 6000 6444 7143.783 2 67 1000 17.84162895927602
90064 27153 23138 1393 221 37362.0 539558.0 259049.045 6028 6467 5740.933 0 68 1000 17.84162895927602
90094 28317 23546 1397 221 62997.0 546773.0 315758.236 6089 6532 5524.091 2 66 1000 17.84162895927602
90254 28754 23744 1402 222 55603.0 554366.0 260248.366 6142 6582 6457.113 1 66 1000 17.85135135135135
90762 28504 24047 1406 222 129723.0 548026.0 316515.698 6172 6598 6073.555 0 65 1000 17.85135135135135
91115 29810 24560 1409 222 73533.0 564690.0 250096.333 6257 6682 5623.044 1 68 1000 17.85135135135135
91110 30059 24750 1415 222 43839.0 566499.0 279440.366 6299 6724 6568.119 1 67 1000 17.85135135135135
91394 29581 24879 1419 223 49908.0 568339.0 227120.230 6299 6750 6419.678 0 64 1000 17.869955156950674
91343 30931 25389 1422 223 57455.0 573204.0 252581.107 6385 6831 6013.886 0 67 1000 17.869955156950674
91359 30360 25457 1427 223 86090.0 576132.0 316221.398 6398 6836 6660.166 0 64 1000 17.869955156950674
91823 31598 25833 1432 223 87095.0 583197.0 319562.794 6480 6910 6774.308 2 67 1000 17.869955156950674
92101 32044 26105 1434 223 76530.0 589166.0 366888.067 6518 6972 6068.049 0 67 1000 17.869955156950674
92326 31638 26310 1438 223 76731.0 590808.0 339945.775 6544 6990 6876.626 0 66 1000 17.869955156950674
92405 33106 26823 1441 223 77676.0 598519.0 295362.414 6641 7075 6335.257 0 67 1000 17.869955156950674
92759 32580 27029 1447 223 77847.0 599918.0 269339.695 6647 7082 7549.413 0 66 1000 17.869955156950674
92996 33086 27341 1453 223 78370.0 604193.0 306127.186 6693 7140 6658.568 1 67 1000 17.869955156950674
93509 34634 27975 1458 223 158643.0 612133.0 407881.975 6771 7238 6888.942 3 67 1000 17.869955156950674
93907 34180 28361 1463 223 53324.0 612084.0 279844.512 6805 7245 7149.322 0 65 1000 17.869955156950674
93827 34651 28691 1466 223 53661.0 616405.0 272863.854 6877 7301 6376.999 1 64 1000 17.869955156950674
93865 35045 28840 1469 223 247876.0 620676.0 477922.129 6912 7345 6546.111 0 65 1000 17.869955156950674
94169 35401 29100 1476 223 47747.0 615486.0 244336.762 6946 7406 7527.147 0 65 1000 17.869955156950674
94415 37042 29653 1480 224 194803.0 631035.0 438052.863 7028 7495 6839.556 0 67 1000 17.883928571428573
94607 37830 30074 1485 224 191272.0 631816.0 486483.615 7098 7548 7522.328 0 66 1000 17.883928571428573
94754 38188 30428 1488 224 72617.0 640034.0 319525.485 7133 7603 7121.157 0 63 1000 17.883928571428573
94643 37744 30619 1490 224 109858.0 641507.0 368007.641 7117 7606 6726.059 0 62 1000 17.883928571428573
94721 38281 30990 1493 224 83886.0 649233.0 351744.630 7195 7671 6827.474 0 63 1000 17.883928571428573
94887 40269 31555 1497 224 128593.0 651539.0 442058.531 7288 7761 7182.513 1 63 1000 17.883928571428573
94990 40886 32017 1499 224 85474.0 662199.0 344114.028 7352 7813 6997.698 1 65 1000 17.883928571428573
95518 41748 32552 1508 224 173062.0 659035.0 508555.191 7416 7876 9144.805 1 67 1000 17.883928571428573
95778 42332 32954 1516 224 50792.0 666500.0 267619.354 7445 7927 9242.626 0 64 1000 17.883928571428573
95871 41900 33269 1518 225 50895.0 667817.0 229796.957 7474 7953 6824.567 0 63 1000 17.897777777777776
95847 42539 33646 1524 225 58332.0 676224.0 284930.240 7548 7997 7238.090 1 62 1000 17.897777777777776
96147 43284 34229 1527 225 67060.0 679085.0 317074.147 7579 8037 7328.545 1 62 1000 17.897777777777776
95960 44775 34515 1535 225 117209.0 685980.0 412372.545 7666 8125 9084.762 1 62 1000 17.897777777777776
96135 45278 34896 1543 225 78027.0 690675.0 384143.111 7720 8188 9662.929 1 61 1000 17.897777777777776
96210 45847 35256 1553 225 103322.0 697248.0 428762.566 7780 8255 10314.134 1 61 1000 17.897777777777776
96429 45193 35479 1557 225 118970.0 696631.0 402277.474 7790 8269 7959.635 0 61 1000 17.897777777777776
96511 46016 35949 1562 225 119890.0 702194.0 395793.678 7857 8333 8054.717 2 63 1000 17.897777777777776
96895 46590 36508 1566 225 91360.0 703066.0 407656.626 7904 8374 7900.427 0 61 1000 17.897777777777776
96936 48870 37134 1572 225 186577.0 715147.0 501480.033 7996 8467 8839.891 2 64 1000 17.897777777777776
97117 47944 37321 1582 225 80702.0 714757.0 319141.166 8021 8480 10584.727 0 61 1000 17.897777777777776
97096 48733 37822 1585 225 93174.0 719493.0 327478.223 8092 8544 7438.094 1 63 1000 17.897777777777776
97057 49247 38225 1592 225 81722.0 724438.0 314547.480 8123 8604 8810.795 0 60 1000 17.897777777777776
97310 51361 38673 1598 225 63070.0 736909.0 247255.739 8226 8704 9101.417 1 60 1000 17.897777777777776
97190 50669 38975 1603 226 109096.0 737834.0 403696.125 8244 8714 7984.444 0 61 1000 17.91592920353982
97562 51290 39482 1607 226 109828.0 742975.0 379473.238 8308 8776 8083.750 0 59 1000 17.91592920353982
97585 53372 39980 1611 226 110949.0 750856.0 382566.714 8392 8876 8457.788 2 60 1000 17.91592920353982
97780 53973 40276 1614 226 147862.0 751873.0 483508.880 8455 8934 7900.589 0 60 1000 17.91592920353982
98042 53131 40478 1619 226 148198.0 753622.0 520307.133 8475 8950 8844.643 0 59 1000 17.91592920353982
98272 53888 40814 1621 226 198194.0 755631.0 490104.133 8550 9020 7860.723 0 58 1000 17.91592920353982
97948 54422 41018 1626 226 85965.0 766672.0 334654.827 8587 9080 8545.793 0 57 1000 17.91592920353982
97917 56431 41552 1626 226 86868.0 775094.0 338336.683 8702 9172 7248.453 2 57 1000 17.91592920353982
97968 55798 41938 1631 226 233599.0 776844.0 543323.457 8718 9179 8795.575 0 58 1000 17.91592920353982
98396 57524 42409 1632 226 153848.0 783044.0 504906.833 8827 9302 7848.797 0 57 1000 17.91592920353982
98221 56461 42620 1638 226 154139.0 784559.0 449711.644 8821 9301 9416.524 0 57 1000 17.91592920353982
98776 58722 43417 1640 226 135323.0 795563.0 469854.776 8932 9429 7770.026 2 58 1000 17.91592920353982
99079 57831 43708 1647 226 59464.0 788697.0 362115.340 8952 9432 10707.414 0 59 1000 17.91592920353982
99082 59749 44266 1649 227 60040.0 800106.0 295434.237 9076 9540 8367.648 2 61 1000 17.938325991189426
98863 58546 44306 1654 227 137258.0 807268.0 476838.486 9069 9537 9278.413 0 58 1000 17.938325991189426
98736 59206 44730 1658 227 138157.0 812708.0 478992.120 9137 9611 9397.859 1 59 1000 17.938325991189426
99039 59747 45020 1661 227 246137.0 812680.0 600013.220 9174 9689 9033.281 1 57 1000 17.938325991189426
99148 60255 45331 1666 227 247582.0 816171.0 626103.347 9245 9727 10186.843 1 56 1000 17.938325991189426
99068 62534 45857 1673 227 92910.0 830584.0 347338.210 9363 9850 10764.032 1 57 1000 17.938325991189426
99026 63241 46270 1677 227 81451.0 837711.0 335790.294 9421 9901 9194.689 1 57 1000 17.938325991189426
99080 62160 46547 1679 227 291614.0 831836.0 672255.333 9454 9918 8558.735 0 56 1000 17.938325991189426
99160 62420 46742 1683 227 293128.0 840641.0 627078.011 9505 9969 9842.884 1 55 1000 17.938325991189426
99506 64876 47497 1688 227 95158.0 851908.0 424657.323 9620 10095 10383.379 2 58 1000 17.938325991189426
99595 65461 47781 1692 228 298534.0 859583.0 610851.009 9674 10146 9465.862 1 58 1000 17.95175438596491
99576 64504 48068 1698 228 83587.0 861258.0 439078.720 9690 10192 10510.668 0 56 1000 17.95175438596491
99659 66494 48591 1702 228 84413.0 870364.0 422302.945 9792 10271 9925.839 2 57 1000 17.95175438596491
99893 65497 48952 1703 228 128374.0 873334.0 398084.394 9814 10289 8825.308 0 56 1000 17.95175438596491
100021 67558 49468 1704 228 85379.0 881010.0 346756.438 9898 10402 8928.995 2 56 1000 17.95175438596491
100118 68338 49775 1707 228 230837.0 884476.0 578480.905 9976 10469 9207.479 1 57 1000 17.95175438596491
100003 67078 49883 1710 228 150560.0 887738.0 504137.906 10006 10482 9583.543 0 55 1000 17.95175438596491
100058 69700 50360 1715 228 152285.0 898174.0 487519.843 10121 10601 10561.699 2 56 1000 17.95175438596491
100345 68280 50583 1717 228 75942.0 893808.0 357893.590 10142 10615 9508.068 0 55 1000 17.95175438596491
100183 68763 50995 1719 228 87571.0 905179.0 384150.498 10192 10694 9560.966 1 55 1000 17.95175438596491
100026 69249 51132 1722 228 116286.0 908686.0 439918.528 10269 10752 9945.260 1 54 1000 17.95175438596491
100175 72158 51614 1726 228 326035.0 920551.0 697899.369 10375 10885 10533.001 2 56 1000 17.95175438596491
100427 70857 51867 1728 228 102365.0 922400.0 366957.932 10390 10874 9561.771 0 56 1000 17.95175438596491
100371 71478 51974 1733 228 136376.0 924389.0 495575.795 10474 10960 10269.542 1 56 1000 17.95175438596491
100052 71742 51968 1739 228 137138.0 927728.0 550402.947 10540 11003 11508.895 0 54 1000 17.95175438596491
99705 73841 52205 1744 228 159523.0 941964.0 593265.186 10640 11128 11427.171 2 54 1000 17.95175438596491
99575 74424 52421 1750 228 285054.0 942890.0 703071.838 10702 11193 11951.054 0 54 1000 17.95175438596491
99476 74924 52562 1753 228 121685.0 950706.0 465565.770 10755 11268 10624.076 0 54 1000 17.95175438596491
99512 75444 52914 1757 228 122334.0 956005.0 467409.881 10808 11321 10669.669 1 54 1000 17.95175438596491
99075 73718 52784 1762 228 216426.0 957386.0 636873.656 10850 11344 11269.545 0 54 1000 17.95175438596491
98894 76497 53296 1767 228 189623.0 971223.0 542953.293 10958 11456 11417.334 0 57 1000 17.95175438596491
99143 75161 53547 1773 228 523619.0 965599.0 837816.771 10958 11470 11503.637 0 52 1000 17.95175438596491
98929 75737 53826 1777 228 190904.0 975993.0 613122.191 11012 11527 11375.550 0 51 1000 17.95175438596491
98738 78034 54091 1778 228 192772.0 985720.0 656026.279 11122 11663 10083.328 1 51 1000 17.95175438596491
99020 76870 54614 1782 228 222963.0 985561.0 686461.411 11165 11668 11761.082 0 51 1000 17.95175438596491
99449 77594 55007 1785 228 126777.0 992288.0 534475.585 11220 11750 11226.195 0 51 1000 17.95175438596491
99833 78492 55407 1791 229 225658.0 997639.0 698463.446 11276 11816 12676.466 0 51 1000 17.978165938864628
100197 79154 55941 1791 229 111403.0 1006044.0 430988.174 11385 11892 9885.265 0 51 1000 17.978165938864628
100623 82305 56607 1798 229 112564.0 1017056.0 385823.146 11501 12010 12719.156 0 51 1000 17.978165938864628
100848 82931 56955 1804 229 150165.0 1019292.0 491412.174 11546 12073 11946.321 0 51 1000 17.978165938864628
100879 83655 57073 1810 229 268174.0 1025518.0 670003.778 11648 12164 12112.950 1 52 1000 17.978165938864628
100934 83982 57441 1813 229 202132.0 1034910.0 623071.111 11706 12219 11521.473 1 51 1000 17.978165938864628
100907 82544 57744 1820 229 233729.0 1033811.0 695799.090 11706 12249 14116.323 0 51 1000 17.978165938864628
101040 85179 58300 1825 229 236048.0 1044208.0 700840.664 11810 12358 12852.757 2 51 1000 17.978165938864628
101199 85614 58656 1828 229 101152.0 1048881.0 453377.891 11910 12432 11951.068 0 51 1000 17.978165938864628
101323 86319 59159 1831 229 88503.0 1054416.0 476702.957 11974 12516 11721.921 0 52 1000 17.978165938864628
101273 86733 59344 1837 229 156072.0 1060812.0 566350.139 12033 12566 13015.015 0 51 1000 17.978165938864628
101372 87692 59880 1843 229 156971.0 1067134.0 598782.302 12143 12650 13196.971 0 52 1000 17.978165938864628
101463 88036 60169 1845 229 329797.0 1067816.0 781106.357 12195 12695 11759.667 1 50 1000 17.978165938864628
101656 86490 60467 1845 229 158070.0 1074858.0 586002.302 12200 12724 10666.162 0 48 1000 17.978165938864628
101987 89214 61163 1849 229 159494.0 1088657.0 543575.867 12321 12841 12382.696 2 50 1000 17.978165938864628
102100 87496 61290 1851 229 333944.0 1086671.0 861297.720 12345 12860 11398.083 0 50 1000 17.978165938864628
102372 90390 61709 1855 229 214771.0 1100270.0 591613.824 12452 12989 12566.029 0 50 1000 17.978165938864628
102436 90896 62034 1859 229 215904.0 1106166.0 594019.219 12514 13042 12490.857 1 50 1000 17.978165938864628
102692 91843 62620 1865 229 217192.0 1115233.0 609147.137 12576 13137 13080.965 1 50 1000 17.978165938864628
102931 90613 63099 1867 229 188366.0 1113357.0 576379.935 12638 13141 11553.756 0 50 1000 17.978165938864628
102666 90994 63183 1868 230 189354.0 1119206.0 579053.200 12701 13209 11555.040 1 50 1000 18.004347826086956
102481 92013 63705 1872 230 609967.0 1123583.0 963115.067 12768 13297 12722.240 1 50 1000 18.004347826086956
102206 92797 63719 1877 230 143902.0 1132137.0 519567.105 12852 13386 13591.012 1 50 1000 18.004347826086956
102241 93406 64016 1881 230 109095.0 1134511.0 484360.374 12916 13438 12870.964 1 50 1000 18.004347826086956
102235 96586 64564 1886 230 259365.0 1148703.0 801930.990 13016 13588 13246.104 0 52 1000 18.004347826086956
102429 97291 65044 1889 230 467119.0 1149901.0 966832.215 13109 13639 13260.823 1 52 1000 18.004347826086956
102348 95335 65092 1890 230 261235.0 1159739.0 717697.658 13112 13662 12190.832 0 51 1000 18.004347826086956
102574 95820 65551 1892 230 262512.0 1165951.0 720978.355 13197 13761 12504.122 1 50 1000 18.004347826086956
102614 99334 65962 1896 230 172065.0 1177195.0 543642.125 13355 13884 13860.477 1 51 1000 18.004347826086956
102802 97790 66092 1897 230 265718.0 1177179.0 808759.101 13346 13901 12229.818 0 51 1000 18.004347826086956
103033 98504 66482 1901 230 308804.0 1181244.0 864702.206 13423 13994 13900.634 1 50 1000 18.004347826086956
103185 99218 66929 1905 230 232514.0 1185457.0 768038.099 13518 14052 14217.228 0 50 1000 18.004347826086956
103048 102242 67190 1907 230 175986.0 1204517.0 584293.514 13658 14185 12921.444 1 50 1000 18.004347826086956
102919 102533 67433 1913 230 153315.0 1208999.0 470388.588 13726 14255 14600.680 1 50 1000 18.004347826086956
103044 100866 67687 1916 230 236328.0 1205318.0 755962.342 13760 14309 13088.009 0 51 1000 18.004347826086956
103193 101508 68141 1917 230 317686.0 1215508.0 863041.993 13856 14380 12941.207 1 51 1000 18.004347826086956
103192 102015 68416 1917 230 495502.0 1217182.0 1032265.189 13889 14480 12424.707 0 52 1000 18.004347826086956
103016 104959 68583 1920 230 241049.0 1236035.0 738365.804 14036 14568 14447.746 2 50 1000 18.004347826086956
102695 102895 68578 1921 230 180966.0 1237589.0 628711.969 14061 14606 13087.543 0 50 1000 18.004347826086956
102529 103040 68663 1929 230 181889.0 1242274.0 646580.025 14116 14691 17143.386 0 47 1000 18.004347826086956
102438 106205 69104 1933 230 137904.0 1252123.0 523814.389 14264 14822 14937.965 0 48 1000 18.004347826086956
102612 106752 69401 1935 230 138641.0 1258594.0 525486.201 14353 14896 13721.110 1 47 1000 18.004347826086956
102610 106904 69947 1939 230 139266.0 1268818.0 525809.349 14429 14986 14351.992 0 48 1000 18.004347826086956
102938 107275 70454 1943 230 140014.0 1271856.0 541735.025 14504 15036 14826.170 1 49 1000 18.004347826086956
102847 105331 70376 1945 231 249075.0 1271691.0 793554.447 14523 15052 14031.710 0 48 1000 18.02164502164502
102858 105905 70522 1947 231 250372.0 1278442.0 797252.759 14595 15119 14027.149 1 46 1000 18.02164502164502
102994 109097 70855 1952 231 218579.0 1292032.0 684415.145 14718 15266 15995.236 1 48 1000 18.02164502164502
102826 106932 70863 1956 231 218956.0 1294309.0 675333.170 14755 15304 15490.076 0 48 1000 18.02164502164502
103113 109847 71496 1956 231 528695.0 1301168.0 1082044.242 14887 15433 13415.983 1 47 1000 18.02164502164502
103331 107755 71869 1962 231 94231.0 1302865.0 486611.521 14904 15440 17209.750 0 47 1000 18.02164502164502
103517 108341 72363 1963 232 192369.0 1315935.0 657422.914 14963 15535 14122.088 0 47 1000 18.04741379310345
103485 108873 72589 1965 232 167473.0 1324620.0 609204.098 15046 15598 14245.359 0 47 1000 18.04741379310345
103555 112655 73049 1967 232 301134.0 1336809.0 786084.823 15218 15755 15013.265 1 48 1000 18.04741379310345
103567 113291 73263 1968 232 147190.0 1338382.0 582511.798 15262 15837 14312.449 1 47 1000 18.04741379310345
103465 110977 73509 1978 232 544471.0 1345578.0 1046174.727 15306 15881 18346.296 0 48 1000 18.04741379310345
103458 111258 73682 1982 232 352544.0 1350606.0 891292.467 15382 15955 16009.741 0 45 1000 18.04741379310345
