3 0 0 1 0 7016.0 56235.0 18221.326 502 502 502.000 0 1 1 0.0
4 0 0 2 1 7017.0 50438.0 18225.263 502 504 11174.250 1 1 1 19.0
5 0 0 6 2 7185.0 50487.0 18764.220 502 504 22770.750 0 2 1 14.5
6 0 0 11 3 7184.0 49336.0 19684.097 502 504 17861.154 0 2 1 13.333333333333334
7 0 0 15 3 7184.0 49350.0 19599.331 502 506 11520.235 0 2 1 13.333333333333334
7 0 0 16 4 7182.0 49264.0 19551.638 498 506 2657.611 0 2 1 16.0
9 0 0 19 4 7175.0 49006.0 19449.313 496 506 6678.524 0 3 1 16.0
11 0 0 21 5 7170.0 48834.0 19382.957 496 506 3936.130 0 3 1 17.0
12 0 0 22 6 7170.0 48834.0 19373.472 496 506 1973.458 0 4 1 16.5
13 0 0 23 6 7168.0 48762.0 19341.848 493 504 2132.800 0 5 1 16.5
14 0 0 27 7 7162.0 48547.0 19242.829 491 504 6263.897 0 5 1 17.428571428571427
15 0 0 28 8 7158.0 48404.0 19191.565 491 504 1767.067 0 5 1 17.125
16 0 0 31 9 7158.0 48404.0 19158.435 491 504 4356.545 0 5 1 17.666666666666668
17 0 0 33 10 7156.0 48332.0 19119.966 488 504 2555.771 0 5 1 17.9
16 0 0 33 11 7150.0 48117.0 19061.561 486 504 126.971 0 6 1 17.181818181818183
17 0 0 34 12 7146.0 47973.0 19013.261 486 504 1296.667 0 7 1 17.166666666666668
19 0 0 38 13 7146.0 47973.0 18973.301 486 504 4469.500 0 8 1 17.46153846153846
20 0 0 39 13 7144.0 47902.0 18944.507 483 504 1135.390 0 8 2 17.46153846153846
21 0 0 39 14 7139.0 47686.0 18886.066 481 503 107.585 0 7 2 17.071428571428573
26 0 0 40 14 7135.0 47543.0 18835.834 481 503 1240.095 0 7 2 17.071428571428573
24 0 0 41 15 7135.0 47543.0 18824.151 481 502 1207.953 0 7 2 16.866666666666667
27 0 0 41 15 7133.0 47471.0 18804.936 478 503 102.279 0 8 2 16.866666666666667
30 0 0 41 16 7127.0 47256.0 18746.841 476 504 102.000 0 9 2 17.3125
33 0 0 42 17 7124.0 47141.0 18706.717 478 504 1042.909 0 8 2 17.235294117647058
36 0 0 42 18 7125.0 47199.0 19281.080 478 504 110.455 0 8 2 16.944444444444443
39 0 0 44 18 7308.0 47363.0 19906.986 478 504 2053.130 0 8 2 16.944444444444443
34 0 0 44 19 7308.0 47326.0 19900.860 473 503 126.457 0 7 2 16.68421052631579
35 0 0 44 19 7309.0 47289.0 19897.872 473 503 136.848 0 7 2 16.68421052631579
38 0 0 46 20 7305.0 47117.0 19830.352 473 503 2099.792 0 7 2 16.65
41 0 0 46 20 7305.0 47163.0 19274.999 473 503 140.896 0 8 2 16.65
44 0 0 47 21 7300.0 47131.0 19246.271 473 502 882.551 0 9 2 16.476190476190474
48 0 0 47 22 7296.0 47077.0 19220.936 468 502 137.633 0 9 2 16.681818181818183
46 0 0 49 23 7291.0 46905.0 19155.274 468 501 1856.569 0 8 2 16.869565217391305
47 0 0 51 24 7291.0 46883.0 19131.370 468 501 1781.321 0 8 2 17.125
48 0 0 53 24 7286.0 46797.0 19082.769 468 500 1616.345 0 7 2 17.125
45 0 0 53 25 7282.0 46797.0 19066.893 463 497 121.564 0 7 2 17.04
50 0 0 53 25 7277.0 46749.0 19039.688 463 497 130.073 0 7 2 17.04
53 0 0 53 26 7277.0 46692.0 19029.925 463 498 130.000 0 7 2 17.0
56 0 0 54 27 7273.0 46654.0 18998.725 463 498 853.321 0 8 3 16.962962962962962
62 0 0 54 28 7268.0 46615.0 18976.347 458 498 127.268 0 8 3 16.964285714285715
66 0 0 54 29 7264.0 46587.0 18955.537 458 497 127.054 0 7 3 16.896551724137932
69 0 0 55 30 7264.0 46558.0 18941.835 458 495 831.316 0 8 3 17.1
71 0 0 57 30 7259.0 45678.0 18902.177 458 495 1686.220 0 8 3 17.1
73 0 0 58 31 7255.0 45535.0 18872.219 453 495 879.633 0 8 3 16.903225806451612
75 0 0 58 32 7250.0 45391.0 18815.528 453 497 117.900 0 8 3 17.0
83 0 0 60 33 7250.0 45391.0 18801.551 453 497 1335.919 0 8 3 16.96969696969697
90 0 0 61 33 7476.0 46022.0 19552.702 453 497 765.349 0 8 3 16.96969696969697
95 0 0 61 34 7476.0 46022.0 19552.702 448 497 119.492 0 9 4 16.852941176470587
95 0 0 63 35 7247.0 45291.0 18753.713 448 494 1453.169 0 10 4 16.82857142857143
96 0 0 63 36 7247.0 45291.0 18760.262 448 494 122.923 0 10 4 16.805555555555557
99 0 0 63 37 7243.0 45183.0 18750.341 448 496 122.923 0 11 4 16.864864864864863
104 0 0 63 38 7237.0 44968.0 18741.648 443 496 122.938 0 11 4 16.92105263157895
110 0 0 65 39 7452.0 45377.0 19457.020 445 496 1236.642 0 11 4 17.05128205128205
113 0 0 66 40 7444.0 45248.0 19845.440 445 497 717.824 0 11 4 17.0
113 0 0 68 40 7247.0 45305.0 19177.157 447 497 1347.529 0 11 4 17.0
110 0 0 69 41 7245.0 45233.0 19151.472 447 497 692.986 0 11 4 17.024390243902438
110 0 0 69 42 7242.0 45147.0 19135.501 446 497 131.930 0 10 4 16.80952380952381
112 0 0 69 42 7238.0 45004.0 19111.296 441 497 131.845 0 10 4 16.80952380952381
116 0 0 70 43 7236.0 44947.0 19079.264 442 497 679.333 0 9 4 16.837209302325583
121 0 0 71 43 7235.0 44904.0 19058.923 444 496 605.123 0 9 4 16.837209302325583
129 0 0 71 44 7232.0 44832.0 19044.302 444 496 127.671 0 10 5 16.772727272727273
133 0 0 72 45 7231.0 44789.0 19024.852 445 495 731.527 0 10 5 16.822222222222223
141 0 0 72 46 7226.0 44645.0 18993.216 440 495 125.608 0 10 5 16.97826086956522
144 0 0 72 47 7226.0 44645.0 18990.654 440 494 125.473 0 9 5 16.93617021276596
146 0 0 72 47 7406.0 44602.0 19587.205 440 495 131.392 0 10 5 16.93617021276596
141 0 0 73 48 7401.0 44444.0 19529.480 439 494 646.800 0 10 5 16.895833333333332
142 0 0 74 49 7401.0 44502.0 19523.962 440 494 712.263 0 11 5 16.959183673469386
146 0 0 74 49 7390.0 44344.0 19478.229 435 494 127.329 0 11 5 16.959183673469386
148 0 0 74 50 7390.0 44287.0 19468.452 435 494 127.132 0 9 5 16.8
148 0 0 75 51 7385.0 44229.0 19434.895 435 493 624.597 0 10 5 16.784313725490197
146 0 0 75 52 7385.0 44158.0 19427.028 435 493 125.299 0 11 5 16.75
149 0 0 76 52 7374.0 44143.0 19376.306 430 492 681.872 0 11 5 16.75
165 0 0 76 53 7374.0 44057.0 19366.239 430 492 123.295 0 11 6 16.67924528301887
172 0 0 77 54 7369.0 44117.0 19347.931 430 492 609.430 0 11 6 16.796296296296298
176 0 0 78 55 7369.0 44203.0 19338.950 430 492 610.775 0 11 6 16.854545454545455
183 0 0 79 55 7369.0 45147.0 19777.716 425 491 609.333 0 12 6 16.854545454545455
189 0 0 79 56 7369.0 45147.0 19773.871 425 491 129.136 0 12 6 16.821428571428573
197 0 0 79 57 7365.0 45055.0 19750.300 425 490 129.086 0 12 6 16.789473684210527
200 0 0 81 57 7361.0 44962.0 19707.275 425 491 1100.133 0 12 7 16.789473684210527
200 0 0 81 58 7353.0 44777.0 19658.697 420 491 125.795 0 12 7 16.74137931034483
208 0 0 82 59 7353.0 44777.0 19650.803 420 491 632.500 0 12 7 16.779661016949152
212 0 0 82 60 7349.0 44684.0 19625.725 420 491 124.262 0 12 7 16.85
218 0 0 82 60 7345.0 44118.0 19205.891 420 490 129.619 0 14 7 16.85
221 0 0 82 61 7337.0 44118.0 19179.570 415 491 129.560 0 13 7 16.885245901639344
225 0 0 82 62 7338.0 43967.0 19169.566 417 492 129.429 0 14 7 16.870967741935484
239 0 0 82 63 7538.0 44092.0 19796.208 415 492 134.310 0 14 8 16.80952380952381
243 0 0 83 63 7538.0 44581.0 20191.817 415 491 539.471 0 13 8 16.80952380952381
255 0 0 85 64 7538.0 44506.0 20170.406 414 491 1046.759 0 13 8 16.75
252 0 0 86 64 7519.0 44462.0 20082.044 412 491 614.466 0 12 8 16.75
258 0 0 86 65 7519.0 44343.0 20430.966 410 491 138.023 0 13 8 16.846153846153847
263 0 0 90 66 7519.0 44329.0 20405.766 412 490 1833.707 0 13 9 16.833333333333332
265 0 0 91 67 7519.0 44487.0 20406.614 412 491 552.968 0 14 9 16.83582089552239
283 0 0 91 67 7501.0 44474.0 20343.343 407 491 135.172 0 13 9 16.83582089552239
289 0 0 93 68 7501.0 44462.0 20324.219 407 491 905.211 0 13 9 16.941176470588236
298 0 0 94 69 7501.0 44339.0 20305.481 407 491 519.021 0 13 9 17.028985507246375
313 0 0 94 70 7501.0 44339.0 20314.281 407 491 131.000 0 14 10 17.114285714285714
312 0 0 96 71 7482.0 44289.0 20227.317 402 492 937.633 0 14 10 17.04225352112676
324 0 0 96 71 7482.0 44326.0 20236.910 402 492 128.337 0 14 10 17.04225352112676
325 0 0 96 72 7482.0 44190.0 19863.504 402 493 133.306 0 14 10 17.0
342 0 0 98 72 7482.0 44314.0 19867.047 402 493 907.760 0 15 11 17.0
336 0 0 99 73 7491.0 44264.0 19881.678 397 493 501.020 0 15 11 16.931506849315067
355 0 0 99 74 7491.0 44302.0 19895.352 397 495 133.802 0 15 11 16.95945945945946
353 0 0 102 75 7491.0 44277.0 19871.898 397 495 1260.635 0 15 11 16.986666666666668
362 0 0 102 75 7482.0 44264.0 19841.470 397 496 129.971 0 15 11 16.986666666666668
379 0 0 102 76 7475.0 44388.0 19831.919 393 496 134.644 0 16 11 16.973684210526315
383 0 0 102 77 7480.0 44376.0 19848.560 396 496 134.644 0 15 12 17.025974025974026
389 0 0 102 78 7222.0 44516.0 19034.582 396 496 139.183 0 15 12 17.012820512820515
386 0 0 102 79 7231.0 48173.0 19872.208 395 498 152.135 0 14 12 17.0126582278481
396 0 0 103 80 7231.0 48202.0 19863.251 396 498 525.867 0 14 12 17.075
397 0 0 105 81 7111.0 48230.0 19456.972 397 498 888.533 0 15 12 17.037037037037038
406 0 0 107 82 7111.0 48087.0 19408.386 397 498 857.615 0 15 12 17.048780487804876
411 0 0 107 82 7113.0 47943.0 19404.569 397 498 149.587 0 15 13 17.048780487804876
418 0 0 107 83 7111.0 47943.0 19399.560 397 498 149.596 0 14 13 17.06024096385542
424 0 0 109 84 7112.0 47972.0 19386.917 397 499 904.378 0 15 13 17.035714285714285
437 0 0 109 85 7114.0 47857.0 19373.854 398 499 146.991 0 15 13 17.11764705882353
437 0 0 110 86 7351.0 44695.0 19098.016 398 499 552.955 0 15 14 17.13953488372093
436 0 0 111 87 7352.0 44753.0 19081.368 398 500 517.035 0 15 13 17.091954022988507
443 0 0 113 87 7353.0 44796.0 19081.938 399 500 739.670 0 15 13 17.091954022988507
453 0 0 113 88 7362.0 44996.0 19845.638 399 501 158.348 0 15 13 17.0
470 0 0 115 89 7363.0 45029.0 19833.878 400 500 786.615 0 15 14 17.06741573033708
491 0 0 116 89 7364.0 45076.0 19838.323 401 502 475.068 0 16 15 17.06741573033708
500 0 0 116 90 7365.0 45043.0 19840.204 403 503 154.720 0 15 15 17.011111111111113
519 0 0 121 90 7363.0 45089.0 19791.670 402 503 1732.585 0 16 16 17.011111111111113
532 0 0 122 91 7365.0 45122.0 19799.759 403 503 452.363 0 16 16 17.043956043956044
560 0 0 123 91 7367.0 47972.0 21503.315 403 503 500.984 0 16 16 17.043956043956044
570 0 0 123 92 7367.0 45288.0 20246.749 404 505 160.856 0 17 17 17.0
576 0 0 126 93 7367.0 45484.0 19468.929 404 506 1027.211 0 17 17 16.989247311827956
583 0 0 126 94 7373.0 45533.0 19498.853 399 507 161.266 0 17 18 16.96808510638298
596 0 0 127 95 7373.0 45560.0 19496.529 399 507 470.442 0 16 18 16.94736842105263
602 0 0 128 96 7375.0 45549.0 19495.921 399 509 399.300 0 17 19 16.9375
614 0 0 128 96 7377.0 45597.0 19510.354 399 509 159.300 0 16 18 16.9375
637 0 0 128 97 7378.0 45646.0 19523.489 395 509 159.431 0 16 19 17.010309278350515
641 0 0 129 98 7382.0 45689.0 19542.390 395 511 370.412 0 17 20 16.948979591836736
662 0 0 130 99 7383.0 45716.0 19542.158 395 511 425.614 0 16 20 17.0
667 0 0 132 100 7546.0 45770.0 20051.614 395 512 758.306 0 16 20 16.97
684 0 0 132 100 7264.0 45845.0 19162.660 391 513 165.769 0 17 21 16.97
696 0 0 134 101 7267.0 46853.0 20797.387 391 514 605.882 0 17 21 17.02970297029703
720 0 0 135 102 7267.0 46853.0 20795.418 391 515 427.526 0 17 21 17.0
703 0 0 135 103 7269.0 46853.0 20805.165 391 515 175.365 0 17 21 17.067961165048544
719 0 0 137 104 7270.0 46681.0 20769.993 387 516 709.763 0 18 22 17.115384615384617
739 0 0 137 105 7272.0 46681.0 20782.551 387 516 173.201 0 17 22 17.142857142857142
759 0 0 138 105 7275.0 46509.0 21163.173 387 516 464.836 0 16 23 17.142857142857142
768 0 0 138 106 7278.0 46509.0 20787.819 387 518 179.264 0 17 23 17.18867924528302
793 0 0 138 107 7280.0 46337.0 20771.769 383 518 179.443 0 16 23 17.19626168224299
802 0 0 140 107 7282.0 46398.0 20769.935 383 519 726.768 0 17 24 17.19626168224299
831 0 0 140 107 7741.0 46448.0 22151.265 383 521 180.444 0 17 24 17.19626168224299
832 0 0 142 108 7744.0 46521.0 22146.750 383 521 687.458 0 17 24 17.175925925925927
848 0 0 145 109 7562.0 46580.0 21588.222 379 522 933.660 0 17 26 17.211009174311926
861 0 0 146 110 7566.0 46634.0 19831.216 379 522 395.345 0 17 26 17.154545454545456
885 0 0 147 111 7294.0 46776.0 18969.440 379 524 469.651 0 18 26 17.216216216216218
907 0 0 147 112 7297.0 46857.0 18992.861 379 525 182.671 0 17 26 17.1875
948 0 0 149 112 7299.0 46926.0 19000.569 375 524 641.404 0 17 28 17.1875
975 0 0 151 113 7299.0 46939.0 18995.766 375 526 611.902 0 18 28 17.141592920353983
1022 0 0 153 114 7303.0 47047.0 19011.538 375 527 602.058 0 18 29 17.114035087719298
1035 0 0 153 114 7744.0 48230.0 21828.386 375 527 181.555 0 25 31 17.114035087719298
1052 0 0 155 115 7749.0 47158.0 20716.502 376 528 678.293 0 26 31 17.078260869565216
1090 0 0 158 116 7744.0 47219.0 20702.218 376 529 694.056 0 26 32 17.103448275862068
1124 0 0 158 117 7941.0 47313.0 21579.991 376 530 187.850 0 27 33 17.102564102564102
1150 0 0 161 117 7943.0 47383.0 21581.710 372 530 841.209 0 27 34 17.102564102564102
1143 0 0 165 118 7967.0 47412.0 21628.650 372 532 1084.521 0 28 33 17.127118644067796
1176 0 0 165 119 7964.0 47531.0 21631.876 372 533 183.281 0 28 35 17.15126050420168
1187 0 0 166 120 7966.0 47584.0 21644.833 372 533 420.268 0 28 34 17.166666666666668
1218 0 0 166 120 7962.0 47633.0 21643.184 368 534 182.631 0 29 35 17.166666666666668
1226 0 0 166 121 7962.0 47707.0 21669.308 368 535 185.798 0 27 36 17.15702479338843
1266 0 0 167 122 7474.0 47789.0 20335.109 368 537 426.000 0 27 36 17.204918032786885
1306 0 0 173 122 7476.0 47883.0 20310.622 368 537 1512.669 0 27 38 17.204918032786885
1335 0 0 174 123 7478.0 47965.0 20322.472 364 538 410.881 0 27 39 17.260162601626018
1381 0 0 174 124 7479.0 48117.0 20343.519 364 540 181.528 0 28 40 17.25
1419 0 0 175 125 7481.0 48182.0 20355.805 365 541 339.017 0 28 41 17.28
1425 0 0 175 126 7213.0 48236.0 19506.201 365 541 183.904 0 28 41 17.261904761904763
1445 0 0 178 127 7216.0 48355.0 19901.486 367 542 752.361 0 28 41 17.236220472440944
1475 0 0 179 127 7218.0 48453.0 19925.937 368 545 334.845 0 29 43 17.236220472440944
1504 0 0 179 128 7351.0 48569.0 20367.622 369 544 188.624 0 29 43 17.2265625
1542 0 0 179 129 7354.0 48675.0 20383.646 370 545 188.972 0 28 46 17.248062015503876
1583 0 0 180 130 7359.0 48810.0 19664.390 371 548 342.385 0 29 46 17.23076923076923
1617 0 0 182 131 7360.0 46771.0 20076.231 372 548 540.701 0 27 46 17.213740458015266
1660 0 0 183 131 7363.0 46910.0 20107.232 373 549 325.503 0 29 48 17.213740458015266
1707 0 0 184 132 7364.0 47031.0 20123.651 374 550 359.688 0 29 50 17.21969696969697
1731 0 0 186 132 7368.0 47135.0 20138.856 376 552 638.622 0 29 50 17.21969696969697
1756 0 0 187 133 7371.0 47178.0 20137.328 377 552 378.217 0 29 50 17.18796992481203
1800 0 0 187 133 7375.0 47246.0 20164.416 378 553 201.455 0 29 53 17.18796992481203
1826 0 0 187 134 7530.0 47491.0 20681.777 380 556 204.762 0 30 53 17.17910447761194
1883 0 0 189 134 7532.0 47549.0 20677.252 380 556 639.728 0 30 54 17.17910447761194
1915 0 0 190 135 7536.0 47669.0 20708.082 382 558 428.859 0 31 56 17.16296296296296
1969 0 0 191 135 7536.0 50579.0 21878.071 383 559 429.896 0 31 56 17.16296296296296
2004 0 0 195 136 7542.0 48884.0 22275.248 385 561 1045.807 0 32 57 17.139705882352942
2046 0 0 197 136 7545.0 48988.0 22288.131 386 562 651.025 0 31 59 17.139705882352942
2091 0 0 198 137 7724.0 50147.0 21711.530 388 564 419.675 0 32 62 17.175182481751825
2135 0 0 203 138 7727.0 50288.0 21700.359 388 564 1208.063 0 31 62 17.152173913043477
2197 0 0 209 139 7912.0 50384.0 22188.554 390 566 1420.791 0 32 63 17.201438848920862
2249 0 0 209 140 7914.0 50429.0 22202.968 388 568 203.280 0 32 65 17.207142857142856
2297 0 0 212 140 7921.0 50539.0 22220.171 392 568 748.224 0 31 65 17.207142857142856
2358 0 0 213 141 7924.0 50715.0 21813.730 394 571 410.344 0 32 68 17.19148936170213
2412 0 0 213 141 7574.0 50852.0 20387.214 395 571 208.247 0 31 69 17.19148936170213
2473 0 0 216 142 7577.0 50942.0 20390.830 397 572 730.835 0 33 72 17.169014084507044
2540 0 0 216 143 7583.0 51111.0 20439.376 397 575 206.445 0 34 71 17.20979020979021
2605 0 0 217 143 8368.0 51154.0 23718.331 397 575 389.845 0 35 76 17.20979020979021
2671 0 0 218 144 8164.0 51339.0 23347.619 401 577 415.782 0 37 76 17.1875
2739 0 0 219 144 7766.0 51455.0 22303.653 403 579 386.416 0 38 78 17.1875
2821 0 0 220 145 8173.0 51594.0 22983.017 404 581 382.018 0 39 82 17.158620689655173
2887 0 0 220 146 8177.0 50837.0 23109.810 406 582 222.761 0 37 82 17.19178082191781
2946 0 0 221 147 8181.0 50911.0 23127.761 406 584 425.691 0 38 85 17.217687074829932
3022 0 0 227 147 8189.0 51046.0 23149.354 410 586 1235.004 0 38 88 17.217687074829932
3102 0 0 227 148 7626.0 50099.0 21610.585 410 587 220.004 0 37 88 17.222972972972972
3166 0 0 229 148 7632.0 50248.0 21184.813 412 589 531.567 0 38 90 17.222972972972972
3239 0 0 229 149 7638.0 50416.0 21233.910 414 590 221.762 0 38 94 17.201342281879196
3344 0 0 229 150 7644.0 50584.0 20380.059 418 593 225.372 0 39 95 17.18
3381 0 0 229 150 7646.0 50636.0 21698.289 418 594 230.190 0 37 96 17.18
3487 0 0 231 150 7653.0 53872.0 23638.712 420 597 554.021 0 37 99 17.18
3571 0 0 232 151 7663.0 51101.0 22332.190 422 598 435.085 0 38 104 17.211920529801326
3628 0 0 235 152 7666.0 51174.0 22327.721 423 599 796.384 0 38 103 17.17105263157895
3712 0 0 236 152 7670.0 51301.0 22365.632 426 601 392.084 0 38 104 17.17105263157895
3740 0 0 236 153 7679.0 51531.0 23282.934 426 604 237.786 0 39 109 17.137254901960784
3825 0 0 240 153 7685.0 51707.0 23322.429 430 605 936.674 0 39 109 17.137254901960784
3894 0 0 241 154 7691.0 51871.0 23362.773 432 608 398.819 0 39 111 17.162337662337663
3973 0 0 242 155 7694.0 51946.0 23375.992 431 609 446.869 0 39 112 17.148387096774194
4083 0 0 248 156 7699.0 52086.0 23867.975 434 611 1239.528 0 40 116 17.16025641025641
4195 0 0 252 157 7706.0 52263.0 23897.884 437 614 931.933 0 41 119 17.191082802547772
4293 0 0 252 157 7716.0 55489.0 23127.024 440 616 235.854 0 41 122 17.191082802547772
4413 0 0 255 158 7724.0 55726.0 23168.553 441 619 766.257 0 41 125 17.20886075949367
4528 0 0 258 159 7728.0 55869.0 23186.239 442 621 729.669 0 41 131 17.238993710691823
4583 0 0 258 160 8983.0 55991.0 26242.854 444 621 236.869 0 43 134 17.23125
4684 0 0 260 160 8983.0 56106.0 26251.755 444 624 568.115 0 41 131 17.23125
4783 0 0 262 160 8983.0 56386.0 26296.177 444 627 567.845 0 42 138 17.23125
4866 0 0 263 161 8950.0 56515.0 26223.809 439 628 398.140 0 40 138 17.198757763975156
4999 0 0 264 162 8950.0 56680.0 26254.756 439 631 411.981 0 40 142 17.179012345679013
5135 0 0 268 162 8950.0 56895.0 26268.203 439 635 925.278 0 42 146 17.179012345679013
5227 0 0 268 163 7599.0 57139.0 22999.633 439 636 240.207 0 41 148 17.15950920245399
5324 0 0 268 164 7607.0 54524.0 22041.101 434 641 243.426 0 43 149 17.152439024390244
5427 0 0 269 164 8723.0 55680.0 26624.768 440 642 367.686 0 43 155 17.152439024390244
5593 0 0 275 164 8740.0 55728.0 26175.684 442 645 1245.939 0 43 155 17.152439024390244
5717 0 0 277 165 7814.0 56034.0 23832.661 446 648 552.642 0 43 162 17.175757575757576
5806 0 0 280 166 7819.0 56082.0 23838.834 448 649 731.585 0 45 169 17.216867469879517
5966 0 0 281 167 7831.0 56417.0 23948.927 452 653 403.092 0 46 173 17.233532934131738
6100 0 0 283 168 7839.0 55878.0 22989.340 454 655 495.295 0 45 173 17.220238095238095
6276 0 0 284 169 7849.0 56140.0 24562.937 458 659 397.808 0 45 178 17.218934911242602
6462 0 0 285 169 7859.0 56422.0 26087.599 460 662 375.679 0 47 180 17.218934911242602
6627 0 0 286 170 7682.0 55080.0 25610.214 466 667 427.354 0 49 188 17.211764705882352
6758 0 0 289 171 9638.0 55399.0 30126.440 466 670 770.863 0 49 193 17.19298245614035
6832 0 0 289 172 9638.0 55547.0 30131.921 466 672 267.519 0 51 199 17.232558139534884
6918 0 0 292 172 7706.0 55797.0 25741.049 466 676 743.878 0 51 199 17.232558139534884
7148 0 0 294 173 7536.0 55999.0 25339.662 461 679 421.899 0 51 202 17.208092485549134
7299 0 0 296 173 8645.0 58942.0 28621.421 461 683 577.540 0 52 211 17.208092485549134
7528 0 0 297 174 9284.0 56662.0 29960.957 463 689 430.441 0 55 208 17.2183908045977
7701 0 0 298 174 7752.0 62042.0 26527.533 467 692 411.150 0 56 218 17.2183908045977
7901 0 0 300 175 7763.0 61555.0 24863.015 471 696 530.566 0 57 219 17.194285714285716
8112 0 0 304 176 7772.0 59658.0 25478.812 475 700 795.239 0 58 230 17.232954545454547
8293 0 0 307 176 7785.0 60184.0 23370.309 479 706 764.968 0 58 231 17.232954545454547
8474 0 0 310 177 7794.0 56497.0 22302.649 482 708 644.962 0 58 240 17.225988700564972
8637 0 0 311 178 7809.0 63014.0 22967.229 488 714 389.310 0 60 251 17.264044943820224
8772 0 0 311 179 9126.0 63263.0 26523.031 490 718 304.319 0 61 255 17.29608938547486
9035 0 0 312 179 8054.0 61703.0 26849.578 496 723 470.245 0 62 255 17.29608938547486
9252 0 0 317 180 8868.0 62793.0 29837.759 500 726 1090.680 0 62 262 17.272222222222222
9504 0 0 324 180 8892.0 63212.0 29931.782 505 731 1500.997 0 64 264 17.272222222222222
9631 0 0 327 180 8911.0 63540.0 30048.332 510 736 817.669 0 66 272 17.272222222222222
9758 0 0 330 181 8932.0 63901.0 30166.542 514 741 809.581 0 64 284 17.25414364640884
9930 0 0 333 182 8376.0 63467.0 27380.746 520 744 818.379 0 66 284 17.247252747252748
10172 0 0 337 182 8395.0 61906.0 27024.075 523 750 927.617 0 66 283 17.247252747252748
10412 0 0 338 183 10177.0 59247.0 30947.297 530 756 511.826 0 69 301 17.224043715846996
10683 0 0 339 183 8432.0 62762.0 26650.843 535 760 483.947 0 68 308 17.224043715846996
10928 0 0 341 184 8453.0 64196.0 29979.898 540 766 669.784 0 68 309 17.21195652173913
11133 0 0 345 185 8472.0 64433.0 30064.876 543 771 989.683 0 69 322 17.221621621621622
11363 0 0 346 186 9119.0 67123.0 30005.218 551 778 510.305 0 69 321 17.258064516129032
11626 0 0 348 186 8245.0 66885.0 27633.163 555 782 627.151 0 71 331 17.258064516129032
11904 0 0 353 187 8260.0 67301.0 27710.433 561 787 1039.400 0 70 344 17.235294117647058
12179 0 0 359 187 8278.0 67775.0 28530.060 567 795 1251.296 0 73 346 17.235294117647058
12471 0 0 362 188 8298.0 68305.0 27191.603 573 799 856.824 0 73 354 17.26595744680851
12682 0 0 366 189 11198.0 66660.0 36562.617 573 807 863.228 0 72 358 17.253968253968253
12964 0 0 368 189 8632.0 67441.0 33913.842 573 816 646.419 0 72 366 17.253968253968253
13258 0 0 375 189 8649.0 67825.0 31458.410 573 820 1480.891 0 74 377 17.253968253968253
13565 0 0 386 190 8678.0 68495.0 31602.348 575 827 1950.722 0 73 383 17.28421052631579
13875 0 0 391 191 8694.0 68874.0 30979.945 581 833 1002.702 0 73 392 17.272251308900522
14201 0 0 396 191 8729.0 69687.0 31198.688 589 842 1054.317 0 73 401 17.272251308900522
14578 0 0 399 192 8755.0 70305.0 31352.796 595 847 682.022 0 74 405 17.270833333333332
14920 0 0 405 192 8781.0 73046.0 30725.299 604 854 1009.676 0 75 421 17.270833333333332
15306 0 0 408 193 8496.0 73674.0 29987.611 611 863 747.224 0 77 426 17.295336787564768
15701 0 0 414 194 8513.0 76304.0 27803.083 617 869 1210.103 1 78 437 17.288659793814432
16088 0 0 416 194 9214.0 70559.0 33112.363 625 876 671.510 0 81 456 17.288659793814432
16445 0 0 419 194 9258.0 73563.0 28747.202 636 886 867.036 0 81 464 17.288659793814432
16811 0 0 424 195 9282.0 74094.0 28829.777 641 893 1086.707 0 81 475 17.3025641025641
17220 0 0 428 195 9326.0 74985.0 29071.627 653 904 824.767 0 83 486 17.3025641025641
17637 0 0 436 196 8981.0 75574.0 32111.098 659 910 1417.785 0 85 500 17.285714285714285
17987 0 0 442 197 9014.0 76355.0 35581.987 667 919 1278.982 0 84 508 17.314720812182742
18363 0 0 446 197 10347.0 77882.0 39324.834 674 926 955.208 0 85 531 17.314720812182742
18708 6 2 448 198 11573.0 76924.0 41942.499 689 940 713.544 0 87 540 17.343434343434343
19113 12 4 450 199 9523.0 78842.0 32371.841 695 948 677.631 0 84 540 17.35175879396985
19453 21 7 453 199 10521.0 80474.0 35921.026 706 958 842.607 0 87 549 17.35175879396985
19890 33 11 456 200 10586.0 81440.0 38276.895 719 969 879.028 0 92 565 17.375
20448 42 14 458 201 10639.0 82234.0 36851.578 724 976 760.265 0 89 567 17.407960199004975
20844 51 17 465 201 10700.0 83144.0 35131.344 737 986 1353.961 0 88 594 17.407960199004975
21301 60 20 467 201 13767.0 79259.0 43052.225 737 1003 723.691 0 90 591 17.407960199004975
21743 69 24 474 201 10292.0 83280.0 41283.007 737 1016 1469.914 0 90 604 17.407960199004975
22178 75 29 476 202 10347.0 84093.0 41686.136 749 1026 719.335 0 90 626 17.440594059405942
22710 84 32 480 202 10973.0 84377.0 40421.338 761 1038 1152.222 0 92 631 17.440594059405942
23242 93 35 485 202 9952.0 91778.0 36056.315 773 1050 1166.782 0 92 660 17.440594059405942
23923 99 40 489 203 12517.0 92836.0 41829.257 783 1063 1054.574 0 90 662 17.458128078817733
24446 105 44 497 204 9151.0 93613.0 30818.795 792 1070 1654.868 0 88 690 17.49019607843137
24853 114 48 501 205 9192.0 92547.0 33015.818 803 1079 931.551 0 90 701 17.521951219512196
25472 123 50 507 206 11338.0 85438.0 46842.866 827 1099 1322.149 0 95 722 17.52912621359223
26110 137 60 512 206 12902.0 90779.0 46801.694 834 1112 1303.527 1 96 725 17.52912621359223
26649 175 74 517 207 12222.0 94026.0 42157.723 834 1121 1273.541 0 97 768 17.55072463768116
27295 203 83 523 207 11546.0 94838.0 43209.017 842 1137 1304.606 0 95 789 17.55072463768116
28042 324 129 525 207 10392.0 94220.0 45405.615 862 1151 803.285 0 98 793 17.55072463768116
28553 364 144 531 208 12477.0 96159.0 47143.174 870 1165 1461.265 0 96 806 17.54326923076923
29299 429 175 535 208 11789.0 94305.0 45958.125 885 1176 1178.186 0 98 813 17.54326923076923
29935 456 195 538 208 11851.0 95213.0 47696.009 896 1188 1028.704 0 97 833 17.54326923076923
30469 555 234 541 209 14665.0 96686.0 49351.890 912 1205 1088.591 0 98 860 17.535885167464116
31091 618 261 548 209 9612.0 93509.0 37417.293 924 1215 1432.109 0 100 898 17.535885167464116
31780 698 300 551 209 10726.0 100940.0 39445.708 936 1231 983.206 0 101 885 17.535885167464116
32458 803 344 556 210 10810.0 102620.0 37290.926 955 1249 1278.586 0 103 937 17.514285714285716
33292 853 377 560 210 14086.0 103518.0 50907.842 965 1261 992.726 0 103 939 17.514285714285716
33983 940 430 566 210 14197.0 104928.0 53902.286 981 1275 1460.771 0 101 959 17.514285714285716
34876 1048 484 574 211 14365.0 108759.0 53223.284 1006 1297 1893.295 3 104 967 17.492890995260662
35758 1105 517 580 211 11755.0 105497.0 49766.873 1014 1309 1583.433 0 102 1000 17.492890995260662
36573 1232 582 589 212 9981.0 109567.0 43938.612 1037 1329 2005.487 0 105 1000 17.5188679245283
37445 1299 622 593 213 13676.0 111511.0 49381.896 1052 1341 1183.521 0 108 1000 17.52112676056338
38171 1381 672 599 213 13795.0 113033.0 53231.610 1068 1361 1340.379 0 106 1000 17.52112676056338
38736 1500 737 603 213 13928.0 114747.0 57719.563 1086 1381 1350.564 1 108 1000 17.52112676056338
39507 1534 770 605 214 11425.0 114982.0 45606.729 1097 1391 1086.377 0 108 1000 17.55140186915888
40094 1620 813 610 215 10825.0 106631.0 37529.647 1116 1412 1374.123 0 109 1000 17.558139534883722
40816 1673 858 622 216 10887.0 122201.0 48822.494 1128 1431 2088.385 0 110 1000 17.583333333333332
41335 1748 914 629 216 11643.0 119360.0 57569.684 1149 1446 1708.174 0 111 1000 17.583333333333332
41995 1810 958 638 216 11718.0 122995.0 44001.191 1165 1461 2204.595 0 111 1000 17.583333333333332
42707 1957 1029 643 217 11829.0 123091.0 47605.390 1193 1485 1401.843 0 114 1000 17.59447004608295
43436 1995 1089 649 217 17346.0 121968.0 64104.307 1204 1500 1738.327 0 110 1000 17.59447004608295
44006 2120 1161 653 217 11958.0 125679.0 49770.028 1226 1519 1516.267 0 111 1000 17.59447004608295
44654 2297 1257 660 218 12924.0 126542.0 60108.089 1248 1540 1820.560 0 112 1000 17.587155963302752
45165 2405 1317 665 218 13018.0 131553.0 54739.155 1268 1562 1692.486 1 110 1000 17.587155963302752
45564 2484 1382 672 218 15221.0 131306.0 53470.383 1278 1575 1892.499 0 112 1000 17.587155963302752
46010 2641 1424 677 218 11515.0 127473.0 53326.913 1308 1597 1423.688 1 113 1000 17.587155963302752
46644 2691 1477 683 219 14291.0 132397.0 57143.194 1310 1609 1676.785 0 110 1000 17.561643835616437
47320 2904 1583 694 219 17027.0 134762.0 54465.681 1344 1637 2523.632 1 111 1000 17.561643835616437
47974 2961 1658 702 219 18741.0 136018.0 77184.507 1348 1651 1790.432 0 114 1000 17.561643835616437
48395 3139 1772 709 220 11047.0 135747.0 52743.615 1374 1667 2086.366 0 115 1000 17.59090909090909
48861 3255 1828 715 220 17422.0 140267.0 65723.108 1392 1683 1802.894 0 111 1000 17.59090909090909
49348 3399 1943 729 220 14849.0 141899.0 62366.047 1409 1707 3134.642 1 110 1000 17.59090909090909
49918 3755 2115 736 220 13892.0 143503.0 76669.086 1444 1739 2144.981 1 113 1000 17.59090909090909
50584 3899 2219 748 221 17979.0 145249.0 75783.503 1463 1759 2998.755 0 111 1000 17.61085972850679
51250 3955 2308 752 221 13040.0 147419.0 65274.066 1475 1771 1564.841 0 110 1000 17.61085972850679
51669 4277 2482 759 222 13172.0 150054.0 53459.917 1510 1799 2153.279 3 114 1000 17.63963963963964
52264 4288 2547 763 222 13221.0 151053.0 55513.166 1514 1814 1388.558 0 109 1000 17.63963963963964
52746 4578 2773 769 222 13349.0 153628.0 58544.003 1550 1844 1693.833 2 107 1000 17.63963963963964
53272 4728 2917 779 223 17171.0 154333.0 73198.098 1569 1862 2408.554 0 106 1000 17.6457399103139
53961 4817 3066 783 223 25485.0 155484.0 87564.922 1582 1877 1604.615 0 107 1000 17.6457399103139
54575 5118 3271 788 223 23327.0 159318.0 76913.632 1615 1911 1908.504 0 107 1000 17.6457399103139
54968 5225 3388 794 223 23527.0 159115.0 84217.380 1633 1932 1847.851 0 107 1000 17.6457399103139
55411 5263 3533 800 223 13781.0 162290.0 61327.751 1645 1940 2133.718 0 105 1000 17.6457399103139
56090 5571 3771 802 224 16407.0 165303.0 67178.792 1685 1979 1328.785 1 109 1000 17.642857142857142
56548 5763 3930 815 225 18094.0 166208.0 77926.664 1707 2002 3111.356 0 105 1000 17.657777777777778
56944 5879 4064 822 225 18250.0 168041.0 78596.220 1725 2023 2188.875 2 105 1000 17.657777777777778
57570 5868 4157 828 225 14181.0 170328.0 55746.525 1739 2035 2222.529 0 104 1000 17.657777777777778
58115 6189 4400 833 225 20423.0 172198.0 85330.984 1773 2073 1938.305 1 105 1000 17.657777777777778
58362 6264 4565 842 226 28022.0 170158.0 86401.022 1783 2080 2705.815 0 107 1000 17.6858407079646
58775 6534 4751 844 226 18880.0 173037.0 79506.491 1816 2118 1514.069 2 106 1000 17.6858407079646
59282 6669 4908 847 226 17354.0 174952.0 85164.334 1834 2139 1775.300 0 103 1000 17.6858407079646
59867 6792 5074 852 227 19179.0 178262.0 97101.208 1861 2164 2156.790 0 105 1000 17.704845814977972
60197 6978 5258 858 227 16119.0 180941.0 77129.713 1879 2185 2321.859 0 103 1000 17.704845814977972
60462 6971 5372 860 227 21385.0 184011.0 75859.891 1888 2197 1555.258 0 104 1000 17.704845814977972
60933 7152 5555 865 227 21587.0 181873.0 82271.207 1914 2223 2005.051 1 107 1000 17.704845814977972
61164 7356 5721 873 228 29047.0 185379.0 100303.623 1940 2242 2575.991 0 105 1000 17.732456140350877
61461 7681 5893 880 228 33985.0 182746.0 109979.103 1967 2280 2505.500 0 105 1000 17.732456140350877
61886 7854 6052 883 228 16700.0 190988.0 71446.941 1994 2304 1935.905 0 103 1000 17.732456140350877
62497 8088 6247 888 228 22407.0 186866.0 93909.061 2013 2320 1975.840 0 100 1000 17.732456140350877
62915 8312 6445 894 228 16953.0 195353.0 95616.724 2043 2352 2383.114 0 103 1000 17.732456140350877
63520 8288 6606 897 229 18642.0 196330.0 74638.795 2053 2363 1819.240 0 100 1000 17.746724890829693
63948 8765 6869 904 230 20802.0 195576.0 76393.519 2093 2401 2614.252 2 100 1000 17.77391304347826
64161 8627 6918 908 230 17249.0 200477.0 73447.569 2103 2410 2073.923 0 96 1000 17.77391304347826
64553 8764 7040 914 230 15889.0 198389.0 68028.655 2120 2437 2392.888 0 98 1000 17.77391304347826
64855 9234 7347 918 230 16062.0 208112.0 76740.504 2170 2485 2088.897 0 102 1000 17.77391304347826
65231 9391 7530 920 230 23778.0 210313.0 97597.284 2190 2496 1817.952 0 96 1000 17.77391304347826
65788 9455 7778 924 230 19513.0 207082.0 90525.048 2204 2520 2280.604 0 98 1000 17.77391304347826
66117 9595 7952 932 231 19664.0 212511.0 103003.997 2226 2541 2914.537 0 96 1000 17.783549783549784
66660 9862 8199 938 231 19825.0 213890.0 95907.130 2254 2569 2577.624 0 96 1000 17.783549783549784
67029 10044 8379 945 231 19970.0 213871.0 110982.205 2281 2592 2660.031 1 96 1000 17.783549783549784
67464 10535 8701 951 231 20218.0 220775.0 98589.033 2319 2636 2772.855 1 98 1000 17.783549783549784
67953 10779 8881 958 232 20371.0 221209.0 106243.061 2341 2666 2862.364 0 98 1000 17.810344827586206
68434 11006 9133 967 232 16973.0 224293.0 75460.688 2374 2686 3222.004 0 98 1000 17.810344827586206
68787 11280 9332 973 232 17091.0 222544.0 83368.311 2396 2716 2419.937 2 101 1000 17.810344827586206
69056 11226 9425 977 233 36003.0 225462.0 143584.068 2417 2724 2299.211 0 101 1000 17.811158798283262
69409 11408 9602 980 233 36290.0 226102.0 134636.540 2431 2753 2250.214 0 95 1000 17.811158798283262
69847 11954 9913 982 233 46928.0 231284.0 162460.805 2476 2799 2153.085 0 96 1000 17.811158798283262
70122 11908 10097 988 233 36908.0 234244.0 147851.673 2488 2809 3004.203 0 97 1000 17.811158798283262
70493 12494 10340 992 233 23855.0 237850.0 125619.682 2524 2855 2593.695 3 98 1000 17.811158798283262
70891 12828 10614 996 234 19619.0 241450.0 97372.043 2560 2888 2554.024 0 98 1000 17.82905982905983
71182 12701 10670 1005 234 19682.0 242542.0 83142.967 2572 2904 3426.660 0 97 1000 17.82905982905983
71457 13298 11006 1010 235 19920.0 246647.0 87629.034 2621 2952 2465.342 2 97 1000 17.851063829787233
71844 13498 11233 1018 235 24677.0 246867.0 120729.780 2657 2979 3183.377 1 96 1000 17.851063829787233
72146 13516 11443 1024 235 34780.0 248424.0 119099.014 2667 2981 3105.517 0 98 1000 17.851063829787233
72611 13717 11675 1029 235 27851.0 252072.0 120047.722 2700 3020 2656.540 0 94 1000 17.851063829787233
73043 14428 12040 1041 235 31639.0 249257.0 99147.378 2739 3074 4507.276 1 95 1000 17.851063829787233
73173 14655 12158 1048 236 31920.0 257415.0 141497.461 2778 3107 2752.245 1 92 1000 17.843220338983052
73502 14411 12248 1060 236 32026.0 261120.0 114079.337 2788 3121 4348.214 0 92 1000 17.843220338983052
73576 14594 12423 1063 236 20902.0 261448.0 81465.530 2815 3144 2506.013 1 90 1000 17.843220338983052
73828 14862 12601 1066 236 46758.0 267488.0 167095.135 2854 3176 2347.801 1 93 1000 17.843220338983052
73964 15014 12811 1072 236 21196.0 264153.0 133264.393 2871 3209 3320.162 0 88 1000 17.843220338983052
74302 15639 13090 1075 236 61944.0 268545.0 197225.339 2913 3260 2563.434 0 89 1000 17.843220338983052
74784 15977 13438 1082 236 58207.0 269766.0 160330.984 2941 3292 3679.439 2 91 1000 17.843220338983052
75173 16210 13629 1091 236 24171.0 276394.0 117285.219 2969 3317 3938.110 0 89 1000 17.843220338983052
75810 16488 13932 1097 237 30405.0 277128.0 129918.286 2997 3358 3483.622 0 90 1000 17.843881856540083
76047 16281 14088 1100 237 24413.0 282240.0 116449.338 3026 3368 2823.029 1 90 1000 17.843881856540083
76314 16525 14350 1107 237 19986.0 284797.0 106612.423 3041 3394 3371.631 0 88 1000 17.843881856540083
76406 16766 14546 1111 237 22285.0 281349.0 100401.309 3071 3421 3143.974 0 90 1000 17.843881856540083
76781 17408 14898 1117 237 31354.0 285482.0 142427.196 3116 3477 2995.265 1 87 1000 17.843881856540083
77327 17694 15089 1121 237 31603.0 290153.0 122417.714 3146 3510 3146.671 0 89 1000 17.843881856540083
77582 17835 15247 1127 238 18653.0 292917.0 116198.777 3172 3530 3228.632 0 89 1000 17.865546218487395
78033 18057 15437 1130 238 18767.0 295639.0 122141.467 3218 3574 2750.484 0 88 1000 17.865546218487395
78075 17864 15550 1132 238 18810.0 294605.0 93146.512 3234 3587 2805.190 0 88 1000 17.865546218487395
78247 18009 15608 1137 238 17210.0 301514.0 81791.942 3266 3618 3106.869 1 89 1000 17.865546218487395
78461 18038 15724 1150 239 36804.0 304225.0 145220.108 3294 3646 3995.528 0 89 1000 17.86610878661088
78445 18340 15914 1150 239 41891.0 306957.0 160422.122 3322 3676 2360.135 0 88 1000 17.86610878661088
78682 19065 16209 1156 239 37572.0 311541.0 139236.702 3358 3726 3662.706 2 89 1000 17.86610878661088
79038 18960 16472 1160 239 33456.0 310618.0 146217.738 3398 3743 3168.412 0 86 1000 17.86610878661088
79042 19629 16656 1164 239 21700.0 313197.0 125308.411 3431 3789 3283.605 2 85 1000 17.86610878661088
79311 19387 16732 1169 240 19660.0 318272.0 124251.322 3444 3806 3324.623 0 84 1000 17.879166666666666
79792 20256 17143 1178 240 49747.0 320685.0 150156.473 3512 3862 3999.054 0 86 1000 17.879166666666666
80148 19974 17201 1180 240 27406.0 324517.0 133750.645 3521 3884 2780.169 0 84 1000 17.879166666666666
80249 20236 17416 1187 240 27607.0 327512.0 110783.248 3555 3914 3854.834 1 83 1000 17.879166666666666
80358 21151 17795 1191 241 66210.0 326712.0 236825.687 3622 3966 3345.520 2 85 1000 17.904564315352697
80781 20865 17973 1199 241 25077.0 331700.0 147753.883 3618 3985 4627.943 0 82 1000 17.904564315352697
80834 21156 18148 1203 241 22688.0 337029.0 100635.264 3654 4028 3581.530 0 80 1000 17.904564315352697
80824 22041 18437 1208 241 36115.0 341938.0 140522.231 3720 4080 3291.741 2 82 1000 17.904564315352697
81159 22292 18680 1215 241 25734.0 342194.0 148445.161 3762 4119 4120.984 1 83 1000 17.904564315352697
81637 22084 18857 1220 241 41218.0 340147.0 171407.735 3762 4134 3733.697 0 82 1000 17.904564315352697
81834 22285 18947 1226 241 25978.0 339434.0 139487.009 3780 4168 3880.030 0 82 1000 17.904564315352697
81793 22458 19025 1230 242 23461.0 342616.0 138613.218 3816 4208 3172.720 2 82 1000 17.917355371900825
81906 22717 19207 1242 242 37344.0 353464.0 166437.877 3854 4239 4977.061 0 79 1000 17.917355371900825
81948 23607 19427 1246 242 37813.0 360754.0 139989.581 3911 4295 3711.427 3 81 1000 17.917355371900825
81984 23809 19664 1251 242 38083.0 361645.0 162950.494 3949 4338 3582.081 0 82 1000 17.917355371900825
82213 23536 19886 1254 242 55642.0 362766.0 196152.835 3968 4346 3332.943 0 81 1000 17.917355371900825
82457 24345 20249 1256 242 56339.0 367687.0 211903.180 4022 4409 3308.418 2 78 1000 17.917355371900825
83025 24077 20483 1261 242 56521.0 368301.0 223840.323 4042 4424 4361.367 0 78 1000 17.917355371900825
82985 24929 20719 1263 242 39228.0 373976.0 144314.028 4082 4487 3431.703 1 80 1000 17.917355371900825
83066 25158 20910 1269 242 75081.0 377223.0 219597.844 4122 4515 3974.044 0 81 1000 17.917355371900825
83404 25382 21185 1274 242 99145.0 380430.0 235487.064 4172 4559 4291.668 0 80 1000 17.917355371900825
83332 24993 21324 1276 242 35318.0 381484.0 194655.646 4172 4557 3470.354 0 78 1000 17.917355371900825
83507 25888 21683 1279 243 31739.0 388996.0 188442.427 4238 4643 3922.562 3 81 1000 17.91358024691358
83646 26057 21804 1285 243 31952.0 392167.0 118937.314 4270 4664 4531.361 1 76 1000 17.91358024691358
83786 26330 22102 1291 243 32183.0 395607.0 107698.572 4307 4708 3860.684 0 74 1000 17.91358024691358
84097 25986 22198 1295 243 36362.0 396847.0 145236.813 4343 4708 3806.522 1 75 1000 17.91358024691358
84477 26296 22573 1298 243 53294.0 396196.0 180657.055 4364 4755 3800.085 1 73 1000 17.91358024691358
84889 27238 22953 1303 243 41881.0 401526.0 203498.727 4428 4819 4283.477 0 75 1000 17.91358024691358
85450 27624 23385 1308 244 47860.0 403160.0 200941.814 4472 4871 4722.482 1 76 1000 17.938524590163933
85532 27296 23551 1312 244 81033.0 410430.0 240778.341 4485 4885 4145.044 0 74 1000 17.938524590163933
85521 28118 23860 1316 244 23834.0 415733.0 137306.485 4551 4933 4298.096 2 76 1000 17.938524590163933
85749 28349 24032 1321 244 43119.0 415171.0 198772.553 4582 4968 4750.779 0 75 1000 17.938524590163933
86144 28557 24215 1326 244 43434.0 418644.0 186051.735 4627 5005 4777.278 0 75 1000 17.938524590163933
86342 28769 24382 1327 244 49628.0 423892.0 186951.855 4671 5063 3727.914 1 75 1000 17.938524590163933
86431 28317 24458 1328 244 38728.0 425152.0 200372.284 4673 5076 3654.640 0 73 1000 17.938524590163933
86835 29435 24808 1333 244 50355.0 428902.0 183895.033 4742 5144 4632.370 2 74 1000 17.938524590163933
87070 29821 25115 1335 244 50764.0 430710.0 198237.272 4802 5188 3995.309 0 74 1000 17.938524590163933
87602 30177 25491 1337 244 51133.0 434218.0 245724.711 4825 5229 3984.058 0 73 1000 17.938524590163933
87758 30592 25773 1342 245 28003.0 441818.0 143028.278 4873 5281 5119.048 1 74 1000 17.955102040816328
88150 30865 26076 1346 245 40310.0 441395.0 174047.152 4921 5319 4590.926 0 73 1000 17.955102040816328
88206 30380 26118 1349 245 40414.0 444609.0 218528.635 4930 5331 4434.552 0 74 1000 17.955102040816328
88355 31537 26317 1351 245 46363.0 452669.0 210028.834 5016 5397 4414.656 2 74 1000 17.955102040816328
88777 31078 26556 1355 245 46468.0 452091.0 188059.908 5021 5413 4982.387 0 73 1000 17.955102040816328
88691 32323 27027 1361 245 41457.0 459864.0 209007.262 5086 5472 5100.665 0 76 1000 17.955102040816328
88677 32549 27149 1361 245 41741.0 463092.0 189218.706 5130 5521 3929.732 1 75 1000 17.955102040816328
88947 32016 27358 1361 245 105325.0 464915.0 314679.906 5140 5535 3963.510 0 74 1000 17.955102040816328
88915 32342 27629 1366 245 106252.0 468406.0 289688.420 5184 5579 5353.428 1 73 1000 17.955102040816328
89234 32746 27948 1370 245 122451.0 472174.0 304251.724 5210 5627 5104.520 0 72 1000 17.955102040816328
89411 33182 28270 1374 245 82065.0 475266.0 297540.633 5262 5658 5403.586 1 71 1000 17.955102040816328
89083 33576 28462 1378 245 82708.0 479714.0 248240.627 5314 5715 5335.867 1 69 1000 17.955102040816328
89061 34670 28634 1378 245 26914.0 479896.0 153897.124 5366 5773 4190.730 2 70 1000 17.955102040816328
89105 35085 28924 1383 246 43754.0 487363.0 206408.722 5431 5827 5403.879 2 72 1000 17.95528455284553
89352 34361 29124 1390 246 49788.0 488690.0 176584.539 5440 5847 6134.362 0 69 1000 17.95528455284553
89411 35685 29503 1396 246 65416.0 496852.0 266564.366 5496 5913 5798.007 2 69 1000 17.95528455284553
89537 36200 29926 1398 246 34868.0 500925.0 202706.705 5553 5964 5038.869 1 71 1000 17.95528455284553
89887 36487 30329 1401 246 114458.0 502553.0 382389.478 5593 6018 5243.728 0 72 1000 17.95528455284553
90136 35972 30461 1405 246 114592.0 504293.0 296080.805 5604 6015 5713.190 0 69 1000 17.95528455284553
90409 37401 30969 1409 246 40211.0 510759.0 223681.003 5696 6104 5414.147 2 72 1000 17.95528455284553
90555 36914 31187 1411 246 59169.0 510461.0 224470.499 5707 6119 4842.377 0 68 1000 17.95528455284553
90852 37396 31650 1419 246 68060.0 516194.0 293330.715 5758 6139 6481.733 1 68 1000 17.95528455284553
90872 38699 31965 1421 246 52917.0 525206.0 190935.590 5837 6238 5263.857 2 70 1000 17.95528455284553
90677 38059 31952 1425 247 90453.0 524112.0 297650.680 5848 6249 5581.274 0 69 1000 17.979757085020243
90824 39256 32337 1433 247 47133.0 525224.0 272462.892 5922 6330 6938.119 1 69 1000 17.979757085020243
90850 38687 32457 1437 247 61270.0 532240.0 273527.046 5934 6330 6130.802 0 69 1000 17.979757085020243
91447 40210 33070 1441 247 47783.0 533588.0 205415.689 6024 6439 6160.220 0 70 1000 17.979757085020243
92009 39529 33313 1446 247 47883.0 536688.0 245377.755 6039 6437 5957.424 0 69 1000 17.979757085020243
91918 40764 33653 1450 247 142444.0 543268.0 390242.231 6100 6524 5979.052 2 69 1000 17.979757085020243
92141 41130 33925 1455 247 33552.0 552571.0 206301.242 6146 6551 6577.246 0 67 1000 17.979757085020243
92268 41595 34241 1462 248 63656.0 554517.0 256204.360 6207 6615 6631.138 0 69 1000 17.975806451612904
92529 41974 34437 1464 248 64118.0 559510.0 265733.404 6249 6657 5564.582 1 67 1000 17.975806451612904
92482 42282 34681 1468 248 73826.0 563577.0 296050.568 6292 6709 6297.212 0 67 1000 17.975806451612904
92833 41483 34860 1469 248 56707.0 564957.0 240694.149 6301 6726 5217.519 0 65 1000 17.975806451612904
92493 41821 34964 1473 248 74446.0 566973.0 255133.765 6355 6773 5992.134 0 65 1000 17.975806451612904
92659 43097 35306 1480 248 34756.0 573405.0 169735.648 6434 6849 6891.551 2 65 1000 17.975806451612904
92831 43722 35767 1487 248 44838.0 572807.0 231706.205 6475 6891 6434.019 1 67 1000 17.975806451612904
93124 43052 35989 1488 248 44938.0 583298.0 183150.194 6504 6918 5460.132 0 68 1000 17.975806451612904
93484 44467 36438 1490 248 45412.0 586143.0 202526.597 6577 6984 5635.748 2 69 1000 17.975806451612904
93710 43934 36798 1495 249 101201.0 589133.0 397976.193 6609 7015 6310.154 0 70 1000 17.995983935742974
94096 45517 37288 1497 249 68077.0 598799.0 293247.327 6685 7089 6161.692 0 71 1000 17.995983935742974
94553 44715 37373 1507 249 59755.0 598555.0 230281.038 6698 7115 8022.997 0 67 1000 17.995983935742974
94901 46328 37766 1512 249 68998.0 603717.0 307115.756 6790 7196 6721.244 0 65 1000 17.995983935742974
95066 46702 38008 1518 249 91157.0 608125.0 350123.921 6841 7246 7843.002 1 65 1000 17.995983935742974
95526 47229 38449 1523 249 53669.0 612650.0 215149.199 6889 7291 7362.247 1 64 1000 17.995983935742974
95562 46403 38541 1527 250 105613.0 615828.0 386356.433 6900 7303 6175.305 0 63 1000 18.016
95617 46562 38676 1527 250 92541.0 617924.0 364577.211 6954 7351 5604.944 0 61 1000 18.016
95540 47264 38873 1534 250 54462.0 622745.0 249926.498 7014 7415 7839.219 1 62 1000 18.016
95139 48664 38965 1537 250 71767.0 629981.0 282834.011 7084 7501 6618.910 1 61 1000 18.016
95444 49231 39485 1543 250 72223.0 634488.0 332781.421 7146 7567 7346.351 1 62 1000 18.016
95589 48541 39788 1547 250 82899.0 635405.0 374558.183 7152 7567 7155.531 0 60 1000 18.016
96011 50457 40320 1550 250 83841.0 643014.0 378580.982 7242 7663 6872.644 1 61 1000 18.016
96201 50916 40546 1559 250 147162.0 651752.0 462964.737 7298 7703 9198.958 0 63 1000 18.016
96480 50132 40735 1567 250 147482.0 653375.0 462695.142 7315 7739 9033.823 0 63 1000 18.016
96312 51809 41191 1568 250 85502.0 660453.0 333472.851 7408 7821 6273.531 1 62 1000 18.016
96063 52042 41346 1570 250 50472.0 663299.0 283257.338 7457 7862 6528.420 1 62 1000 18.016
95933 52508 41554 1573 251 99402.0 667927.0 375841.850 7502 7940 6889.013 1 63 1000 18.03585657370518
96028 51761 41781 1577 251 131694.0 671182.0 456397.327 7531 7953 7438.336 0 63 1000 18.03585657370518
96314 53487 42326 1579 251 115740.0 678823.0 381632.719 7616 8041 6674.695 0 60 1000 18.03585657370518
96121 52628 42469 1580 251 39900.0 678766.0 206125.214 7631 8045 6558.766 0 60 1000 18.03585657370518
96272 53200 42805 1581 251 88483.0 679577.0 383331.429 7688 8107 6423.133 1 61 1000 18.03585657370518
96460 53649 43137 1586 251 155699.0 684648.0 454792.178 7748 8167 8368.999 0 61 1000 18.03585657370518
96746 54125 43610 1595 251 156702.0 691191.0 446818.903 7796 8211 9921.393 1 61 1000 18.03585657370518
96819 54493 43885 1597 251 103575.0 697298.0 381750.675 7845 8273 7247.771 0 60 1000 18.03585657370518
96896 55008 44223 1600 251 90805.0 698537.0 339347.524 7899 8330 7685.605 0 60 1000 18.03585657370518
96661 55681 44404 1604 251 104941.0 703293.0 400472.031 7951 8376 7714.341 1 59 1000 18.03585657370518
96933 56167 44704 1612 251 70006.0 709629.0 277407.283 8025 8431 9002.147 1 58 1000 18.03585657370518
97011 56762 44980 1614 252 47435.0 714290.0 241369.820 8059 8494 7222.964 0 60 1000 18.043650793650794
97186 58574 45547 1618 252 47869.0 721531.0 242637.798 8149 8580 7929.342 2 60 1000 18.043650793650794
97443 57682 45806 1620 252 123660.0 725002.0 400408.194 8118 8587 7373.007 0 61 1000 18.043650793650794
97622 60002 46324 1626 252 55185.0 727020.0 267785.556 8270 8703 9384.303 1 60 1000 18.043650793650794
97812 59136 46585 1626 252 94858.0 733526.0 377696.970 8276 8703 6858.259 0 61 1000 18.043650793650794
97447 59548 46726 1634 252 167295.0 738493.0 456514.979 8325 8765 9607.658 1 60 1000 18.043650793650794
97489 61670 47075 1636 252 150262.0 746240.0 446056.443 8438 8859 7531.167 2 58 1000 18.043650793650794
97925 62375 47635 1638 252 97091.0 753825.0 353435.080 8504 8912 7247.405 1 60 1000 18.043650793650794
97936 62647 47837 1647 252 49910.0 760287.0 272012.864 8560 8973 10008.481 1 58 1000 18.043650793650794
97892 63094 48045 1648 252 172464.0 765032.0 528636.440 8612 9038 7470.747 0 58 1000 18.043650793650794
97978 61922 48197 1648 252 98517.0 766739.0 358470.759 8610 9068 7218.573 0 59 1000 18.043650793650794
98412 62626 48813 1652 252 113934.0 766264.0 347838.383 8699 9118 8656.804 0 58 1000 18.043650793650794
98426 63096 49147 1656 252 151858.0 773372.0 492048.062 8746 9163 8689.416 0 59 1000 18.043650793650794
97991 63304 49171 1663 252 132619.0 779203.0 436176.963 8805 9232 10287.302 0 58 1000 18.043650793650794
97830 63923 49646 1670 252 66950.0 780779.0 297708.417 8861 9283 10081.295 1 58 1000 18.043650793650794
97696 64317 49816 1675 252 88382.0 787625.0 349333.666 8911 9320 9396.480 1 58 1000 18.043650793650794
97932 64870 50246 1681 252 102077.0 790583.0 402859.001 8970 9401 9558.349 1 57 1000 18.043650793650794
97921 65405 50572 1691 252 180350.0 794584.0 570412.004 9034 9454 10664.178 1 56 1000 18.043650793650794
97794 67681 50972 1696 252 46321.0 803732.0 307451.933 9130 9565 9966.014 2 58 1000 18.043650793650794
98004 68167 51326 1699 252 69144.0 807256.0 339618.437 9180 9604 8611.553 1 57 1000 18.043650793650794
98362 67121 51700 1701 252 183740.0 814420.0 477416.641 9209 9639 8577.494 0 55 1000 18.043650793650794
98461 69242 52092 1706 252 91923.0 821217.0 369139.787 9314 9720 9709.560 0 56 1000 18.043650793650794
98694 67936 52316 1713 252 214632.0 818725.0 519474.762 9312 9763 10386.920 0 54 1000 18.043650793650794
98574 68565 52594 1715 252 61619.0 823635.0 266851.664 9381 9791 8323.111 1 55 1000 18.043650793650794
98703 69322 52924 1719 253 123116.0 832204.0 486780.787 9435 9859 8708.393 1 54 1000 18.035573122529645
98651 71599 53214 1722 253 190317.0 843412.0 521908.425 9518 9986 9108.569 1 56 1000 18.035573122529645
98973 72120 53728 1723 253 144073.0 848493.0 435640.485 9593 10025 8552.744 0 55 1000 18.035573122529645
99193 70795 53974 1729 253 144307.0 849909.0 459259.524 9609 10049 10370.776 0 53 1000 18.035573122529645
99476 73561 54635 1732 253 95805.0 858051.0 410583.560 9704 10175 9334.374 2 55 1000 18.035573122529645
99624 74055 55077 1734 253 169271.0 867400.0 494624.741 9780 10238 9056.281 1 55 1000 18.035573122529645
99780 74603 55520 1738 253 196224.0 867886.0 600662.529 9851 10278 10064.030 1 54 1000 18.035573122529645
100194 73466 55797 1739 253 196659.0 867676.0 560564.870 9868 10306 8853.047 0 54 1000 18.035573122529645
99763 73789 55840 1742 253 97630.0 875364.0 393595.119 9926 10346 9381.806 1 54 1000 18.035573122529645
99708 75786 56304 1744 253 130369.0 880156.0 420284.532 10026 10448 9284.473 2 55 1000 18.035573122529645
100004 76169 56686 1747 253 44373.0 886221.0 350305.895 10082 10520 9740.176 0 55 1000 18.035573122529645
100212 75005 57138 1752 253 44436.0 888436.0 349606.930 10077 10530 10285.434 0 56 1000 18.035573122529645
99751 77145 57273 1753 254 44836.0 897614.0 259357.081 10186 10655 9189.458 2 57 1000 18.043307086614174
99868 77497 57588 1761 254 133371.0 901254.0 454473.647 10273 10713 10695.676 1 55 1000 18.043307086614174
99966 77997 57937 1765 254 205595.0 908265.0 591983.420 10340 10770 10282.422 0 54 1000 18.043307086614174
99954 76393 58056 1768 254 205935.0 910057.0 564602.777 10350 10786 10282.702 0 53 1000 18.043307086614174
99694 78880 58380 1770 254 240135.0 917297.0 665729.051 10463 10885 9842.558 1 53 1000 18.043307086614174
99833 77387 58604 1775 254 135949.0 919376.0 462411.591 10463 10918 11590.701 0 53 1000 18.043307086614174
99987 77960 58973 1777 254 136731.0 926880.0 470208.755 10545 10970 9667.440 1 54 1000 18.043307086614174
100515 80337 59611 1784 254 159032.0 935813.0 498596.941 10645 11097 12392.303 0 52 1000 18.043307086614174
100438 78920 59765 1790 254 159339.0 937340.0 507564.701 10676 11111 11731.151 0 51 1000 18.043307086614174
100378 81631 60351 1791 254 185673.0 946909.0 532885.699 10783 11226 9550.156 2 54 1000 18.043307086614174
100486 80200 60545 1793 254 161208.0 946788.0 546997.319 10793 11240 10118.891 0 52 1000 18.043307086614174
100514 82864 60872 1794 254 162803.0 957476.0 582489.304 10903 11340 9969.388 2 52 1000 18.043307086614174
100806 81583 61244 1796 254 162994.0 963719.0 458478.806 10918 11360 10545.179 0 53 1000 18.043307086614174
100604 84075 61369 1803 254 164570.0 969410.0 542486.276 11045 11481 11670.360 1 53 1000 18.043307086614174
101007 84853 62065 1807 254 194438.0 970902.0 540738.790 11106 11548 11209.155 1 51 1000 18.043307086614174
100965 83284 62275 1808 254 254895.0 976615.0 622811.393 11121 11571 9801.949 0 50 1000 18.043307086614174
101115 85951 62917 1811 254 257335.0 986360.0 643125.718 11234 11674 11037.263 1 50 1000 18.043307086614174
101522 84602 63418 1813 254 257932.0 985010.0 707062.988 11256 11683 10883.104 0 51 1000 18.043307086614174
101571 84996 63578 1817 254 259391.0 993565.0 661987.750 11315 11766 11856.116 1 52 1000 18.043307086614174
101167 85331 63492 1822 254 260849.0 999106.0 694910.891 11371 11821 12341.931 0 52 1000 18.043307086614174
101371 88164 63992 1830 254 148530.0 1011210.0 402542.193 11505 11945 13832.213 2 51 1000 18.043307086614174
101721 88874 64433 1833 254 229602.0 1012175.0 659748.156 11567 12017 11166.803 0 52 1000 18.043307086614174
101741 87138 64742 1836 254 74519.0 1015369.0 283774.795 11588 12017 11617.560 0 50 1000 18.043307086614174
101929 87638 65092 1842 255 267200.0 1020759.0 649650.267 11636 12108 11881.018 1 52 1000 18.054901960784314
101813 90089 65398 1844 255 114472.0 1035157.0 486431.142 11779 12224 11224.782 0 50 1000 18.054901960784314
102134 90651 65775 1844 255 152783.0 1043390.0 492662.336 11852 12279 10358.782 1 50 1000 18.054901960784314
101871 88957 65919 1845 255 203678.0 1037428.0 632423.429 11848 12320 10639.241 0 50 1000 18.054901960784314
101838 89435 66201 1850 255 76495.0 1046777.0 350798.721 11941 12368 12963.470 0 49 1000 18.054901960784314
101723 92015 66387 1853 256 77165.0 1062790.0 287628.064 12053 12506 11848.038 2 50 1000 18.0703125
102037 92450 66778 1858 256 135397.0 1062678.0 496487.117 12119 12576 11884.875 1 49 1000 18.0703125
102490 93101 67225 1860 256 209011.0 1072871.0 559028.064 12193 12634 11608.567 1 51 1000 18.0703125
102938 93740 67886 1862 256 118889.0 1077069.0 401056.049 12248 12714 11707.576 0 51 1000 18.0703125
103134 91747 68061 1865 256 210520.0 1070932.0 478966.213 12288 12740 11875.583 0 50 1000 18.0703125
103182 94422 68408 1867 256 212468.0 1085356.0 548015.683 12407 12859 11872.299 2 50 1000 18.0703125
103545 92865 68717 1870 256 216377.0 1089201.0 637498.274 12429 12878 12096.340 0 50 1000 18.0703125
103870 93973 69255 1873 256 217678.0 1092739.0 669421.155 12499 12961 12424.739 1 49 1000 18.0703125
103889 94310 69513 1877 256 248721.0 1100156.0 706883.029 12574 13012 13093.722 1 49 1000 18.0703125
103852 97342 70103 1882 256 163196.0 1110885.0 573804.487 12699 13135 13949.439 1 50 1000 18.0703125
104124 95627 70350 1886 256 217808.0 1118692.0 608255.649 12719 13179 13100.156 0 50 1000 18.0703125
104305 98729 71102 1891 256 219813.0 1129066.0 612415.357 12837 13303 13438.928 1 50 1000 18.0703125
104512 97019 71306 1898 256 93993.0 1130957.0 373977.723 12858 13305 14688.702 0 49 1000 18.0703125
104278 97625 71453 1901 256 191714.0 1137163.0 550970.369 12911 13400 12231.664 1 50 1000 18.0703125
104434 100796 71911 1905 256 345898.0 1141702.0 849312.160 13032 13514 13246.261 2 52 1000 18.0703125
104078 98502 71737 1907 256 223754.0 1139844.0 683210.880 13080 13523 12660.098 0 49 1000 18.0703125
103947 101381 72199 1911 256 225826.0 1150631.0 706148.731 13207 13657 13714.429 2 50 1000 18.0703125
103723 101968 72360 1913 256 303434.0 1160531.0 728249.265 13241 13744 13007.126 1 51 1000 18.0703125
