14 0 0 1 0 30000 66000 39003.601 528 528 528.000 13 13 1 0.0
16 0 0 1 0 30000 66000 39003.601 530 530 530.000 14 14 1 0.0
16 0 0 2 0 30000 66000 39007.206 531 531 15265.500 15 15 1 0.0
17 0 0 2 1 30000 66000 38920.737 531 533 532.000 0 15 1 12.0
20 0 0 5 1 30000 66000 38902.605 531 535 18213.200 0 16 1 12.0
23 0 0 5 1 30000 66000 38830.461 531 539 535.000 0 18 2 12.0
25 0 0 6 1 30000 66000 38834.002 525 543 5445.500 0 20 2 12.0
25 0 0 7 2 30000 66000 38837.545 525 546 4668.000 0 21 2 16.5
27 0 0 7 2 30000 66000 38837.545 525 549 380.143 0 23 2 16.5
27 0 0 10 2 30000 66000 38848.193 525 550 9266.200 0 21 2 16.5
29 0 0 12 3 30000 66000 38855.305 527 551 5222.083 0 23 2 17.333333333333332
29 0 0 12 3 30000 66000 38797.428 529 552 266.417 0 23 2 17.333333333333332
31 0 0 16 3 30000 66000 38811.594 523 553 7699.250 0 23 2 17.333333333333332
35 0 0 16 4 30000 66000 38811.594 525 553 232.938 0 22 2 18.5
37 0 0 17 4 30000 66000 38815.143 523 552 2046.647 0 22 2 18.5
40 0 0 18 4 30000 66000 38818.695 523 554 1932.833 0 22 2 18.5
41 0 0 18 4 30000 66000 38818.695 523 553 265.667 0 21 2 18.5
39 0 0 19 5 30000 66000 38822.249 523 553 1830.053 0 19 2 17.2
45 0 0 19 5 30000 66000 38822.249 517 553 250.684 0 20 2 17.2
50 0 0 19 5 30000 66000 38822.249 517 553 250.579 0 20 2 17.2
52 0 0 19 5 30000 66000 38822.249 517 553 250.474 0 20 2 17.2
59 0 0 20 5 30000 66000 38825.806 517 547 1737.350 0 20 3 17.2
61 0 0 22 6 30000 66000 38832.930 511 553 2966.682 0 22 3 15.833333333333334
65 0 0 22 6 30000 66000 38832.930 511 552 263.500 0 22 3 15.833333333333334
67 0 0 23 6 30000 66000 38836.496 511 551 1556.261 0 22 3 15.833333333333334
73 0 0 23 6 30000 66000 38836.496 511 552 251.174 0 20 3 15.833333333333334
74 0 0 23 7 30000 66000 38836.496 505 550 250.522 0 19 3 15.857142857142858
81 0 0 23 7 30000 66000 38836.496 505 549 250.696 0 18 3 15.857142857142858
86 0 0 24 7 30000 66000 38840.065 505 551 1490.042 0 19 3 15.857142857142858
91 0 0 24 7 30000 66000 38840.065 505 551 239.625 0 19 4 15.857142857142858
94 0 0 25 8 30000 66000 38843.636 499 551 1429.840 0 19 4 16.75
96 0 0 25 8 30000 66000 38829.091 501 552 250.520 0 19 4 16.75
96 0 0 26 8 30000 66000 38832.660 501 551 1414.385 0 18 4 16.75
98 0 0 27 8 30000 66000 38836.231 501 551 1362.111 0 18 4 16.75
101 0 0 28 9 30000 66000 38839.806 502 553 1313.250 0 19 4 16.666666666666668
100 0 0 29 9 30000 66000 38843.383 502 550 1267.931 0 19 4 16.666666666666668
95 0 0 29 9 30000 66000 38726.831 502 547 251.655 0 17 4 16.666666666666668
98 0 0 32 9 30000 66000 38722.853 502 553 3040.750 0 15 4 16.666666666666668
95 0 0 34 10 30000 66000 38729.927 496 553 1979.147 0 14 4 17.4
100 0 0 34 10 30000 66000 38729.927 496 553 213.971 0 14 4 17.4
102 0 0 35 10 30000 66000 38733.469 496 553 1079.686 0 14 4 17.4
108 0 0 36 10 30000 66000 38737.013 496 552 1049.944 0 13 4 17.4
118 0 0 36 11 30000 66000 38737.013 491 554 216.194 0 14 4 17.818181818181817
117 0 0 37 11 30000 66000 38740.560 491 553 1020.324 0 13 4 17.818181818181817
116 0 0 41 11 30000 66000 38754.778 491 551 3115.976 0 11 4 17.818181818181817
123 0 0 41 12 30000 66000 38754.778 491 551 189.220 0 11 4 18.166666666666668
131 0 0 41 12 30000 66000 38740.138 486 544 201.317 0 14 5 18.166666666666668
136 0 0 42 12 30000 66000 38743.694 486 548 910.690 0 13 5 18.166666666666668
135 0 0 42 12 30000 66000 38743.694 486 551 196.738 0 13 5 18.166666666666668
137 0 0 43 13 30000 66000 38747.253 486 553 889.977 0 14 5 17.923076923076923
138 0 0 44 13 30000 66000 38750.814 481 552 869.636 0 13 5 17.923076923076923
141 0 0 44 13 30000 66000 38750.814 481 553 187.795 0 13 5 17.923076923076923
148 0 0 44 13 30000 66000 38750.814 481 555 187.932 0 13 5 17.923076923076923
158 0 0 47 14 30000 66000 38761.517 481 555 2101.149 0 14 5 18.285714285714285
165 0 0 47 14 30000 66000 38761.517 476 555 186.043 0 14 6 18.285714285714285
164 0 0 47 15 30000 66000 38732.165 478 554 196.872 0 13 6 18.666666666666668
170 0 0 47 15 30000 66000 38732.165 478 548 207.043 0 13 6 18.666666666666668
174 0 0 49 15 30000 66000 38739.290 478 550 1423.000 0 14 6 18.666666666666668
181 0 0 49 15 30000 66000 38739.290 478 552 198.224 0 14 6 18.666666666666668
187 0 0 49 15 30000 66000 38739.290 473 551 197.980 0 14 6 18.666666666666668
183 0 0 49 16 30000 66000 38724.602 475 550 207.694 0 13 6 19.0
185 0 0 50 16 30000 66000 38713.469 475 549 803.700 0 12 6 19.0
185 0 0 50 16 30000 66000 38713.469 475 551 203.560 0 12 6 19.0
187 12 5 51 17 30000 66000 38717.027 475 551 787.549 0 12 6 18.11764705882353
190 15 6 51 17 30000 66000 38717.027 469 550 199.235 0 12 6 18.11764705882353
194 18 8 53 17 30000 66000 38724.152 475 550 1324.075 0 11 7 18.11764705882353
204 18 9 53 17 30000 66000 38724.152 477 551 191.679 0 11 7 18.11764705882353
213 15 8 53 18 30000 66000 38724.152 477 551 191.642 0 13 7 17.666666666666668
220 18 9 53 18 30000 66000 38724.152 472 551 191.585 0 13 7 17.666666666666668
226 18 9 53 18 30000 66000 38724.152 474 551 191.774 0 13 7 17.666666666666668
236 21 10 53 19 30000 66000 38709.440 472 549 200.679 0 14 8 17.736842105263158
243 21 10 53 19 30000 66000 38694.728 474 549 200.717 0 14 8 17.736842105263158
248 21 11 54 19 30000 66000 38698.283 478 550 752.907 0 14 8 17.736842105263158
254 21 11 55 19 30000 66000 38701.840 478 554 739.291 0 13 8 17.736842105263158
260 24 12 57 20 30000 66000 38708.964 478 554 1239.895 0 14 8 17.9
265 21 9 57 20 30000 66000 38708.964 479 554 187.333 0 13 8 17.9
278 24 10 57 20 30000 66000 38708.964 480 556 187.737 0 14 9 17.9
291 27 11 57 20 30000 66000 38635.284 481 556 205.035 0 14 9 17.9
297 27 12 57 21 30000 66000 38635.284 480 558 205.281 0 15 9 17.523809523809526
301 27 12 57 21 30000 66000 38635.284 481 558 205.509 0 15 10 17.523809523809526
306 30 13 58 21 30000 66000 38638.821 476 558 728.466 0 15 10 17.523809523809526
312 30 13 58 21 30000 66000 38638.821 476 560 211.362 0 15 10 17.523809523809526
318 30 13 59 22 30000 66000 38642.360 476 560 716.492 0 15 10 17.318181818181817
327 30 14 59 22 30000 66000 38642.360 476 561 208.220 0 16 10 17.318181818181817
327 33 15 59 22 30000 66000 38642.360 471 561 208.254 0 16 10 17.318181818181817
324 33 15 60 22 30000 66000 38645.902 471 563 704.950 0 15 10 17.318181818181817
331 36 15 62 23 30000 66000 38652.994 471 563 1174.903 0 14 10 17.47826086956522
350 36 16 62 23 30000 66000 38652.994 471 563 207.339 0 15 11 17.47826086956522
356 36 18 63 23 30000 66000 38656.545 466 565 680.540 0 15 11 17.47826086956522
359 30 15 63 23 30000 66000 38656.545 466 565 212.651 0 15 11 17.47826086956522
362 33 16 63 24 30000 66000 38656.545 466 567 212.889 0 15 11 17.625
369 33 16 64 24 30000 66000 38660.099 466 567 678.484 0 15 11 17.625
370 33 17 64 24 30000 66000 38660.099 466 568 217.734 0 15 11 17.625
389 33 18 64 25 30000 66000 38660.099 468 568 218.016 0 16 12 17.36
408 36 19 64 25 30000 66000 38660.099 468 568 226.562 0 15 12 17.36
424 36 20 65 25 30000 66000 38663.655 470 570 693.092 0 16 13 17.36
450 39 21 65 25 30000 66000 38663.655 472 572 232.108 0 16 14 17.36
456 39 23 67 26 30000 66000 38670.777 472 572 1120.851 0 16 14 17.46153846153846
459 36 19 67 26 30000 66000 38670.777 473 574 225.627 0 16 14 17.46153846153846
458 39 20 69 26 30000 66000 38677.910 474 573 1088.928 0 16 14 17.46153846153846
487 39 21 70 26 30000 66000 38681.481 473 574 652.414 0 17 14 17.46153846153846
505 39 21 71 27 30000 66000 38640.593 477 576 650.423 0 17 15 17.37037037037037
514 36 20 72 27 30000 66000 38614.498 477 576 648.847 0 18 16 17.37037037037037
520 39 22 73 27 30000 66000 38588.381 478 578 640.192 0 17 16 17.37037037037037
546 42 24 73 27 30000 66000 38588.381 478 579 229.479 0 18 17 17.37037037037037
566 42 25 74 27 30000 66000 38591.921 480 581 632.203 0 18 17 17.37037037037037
575 45 27 74 28 30000 66000 38591.921 480 580 227.054 0 18 17 17.392857142857142
593 45 26 74 28 30000 66000 38591.921 482 582 234.459 0 19 18 17.392857142857142
598 45 27 76 29 30000 66000 38599.010 484 582 1018.092 0 19 18 17.482758620689655
610 45 24 76 29 30000 66000 38584.158 484 584 235.605 0 19 18 17.482758620689655
633 48 26 77 29 30000 66000 38587.701 486 585 629.026 0 18 19 17.482758620689655
647 51 27 78 29 30000 66000 38591.247 485 586 621.397 0 19 19 17.482758620689655
666 51 27 81 30 30000 66000 38601.902 487 588 1339.593 0 20 20 17.533333333333335
688 51 27 81 30 30000 66000 38601.902 485 588 228.864 0 20 20 17.533333333333335
710 55 39 82 30 30000 66000 38605.459 489 590 604.634 0 20 21 17.533333333333335
730 55 47 82 31 30000 66000 38575.682 489 590 245.207 0 20 22 17.677419354838708
741 62 66 83 31 30000 66000 38579.230 489 590 609.880 0 20 22 17.677419354838708
766 64 65 85 31 30000 66000 38586.335 489 592 948.859 0 20 23 17.677419354838708
775 72 72 87 31 30000 66000 38593.452 484 593 927.621 0 21 23 17.677419354838708
794 68 73 89 32 30000 66000 38600.581 484 594 907.191 0 21 23 17.4375
805 70 81 89 32 30000 66000 38600.581 484 595 233.315 0 20 24 17.4375
819 72 82 92 32 30000 66000 38566.445 484 597 1216.380 0 21 24 17.4375
832 72 88 93 32 30000 66000 38570.004 479 599 558.419 0 21 25 17.4375
858 77 91 94 33 30000 66000 38573.566 479 600 553.085 0 21 25 17.242424242424242
898 80 92 95 33 30000 66000 38577.131 479 601 547.863 0 22 26 17.242424242424242
921 92 93 95 33 30000 66000 38577.131 479 603 232.400 0 23 28 17.242424242424242
940 97 104 96 34 30000 66000 38580.699 474 605 548.552 0 23 27 17.235294117647058
968 98 100 97 34 30000 66000 38584.270 482 608 543.557 0 24 29 17.235294117647058
965 105 105 97 34 30000 66000 38494.382 482 607 245.309 0 24 28 17.235294117647058
972 108 114 97 35 30000 66000 38479.401 484 607 256.918 0 24 29 17.37142857142857
1002 124 127 97 35 30000 66000 38479.401 483 609 257.536 0 25 29 17.37142857142857
1025 136 141 97 35 30000 66000 38479.401 485 611 258.010 0 25 30 17.37142857142857
1055 139 149 101 35 30000 66000 38493.539 487 613 1441.752 0 26 30 17.37142857142857
1100 153 169 102 36 30000 66000 38497.081 487 611 545.794 0 27 32 17.22222222222222
1115 168 189 103 36 30000 66000 38500.626 489 613 546.320 0 26 32 17.22222222222222
1137 183 195 103 36 30000 66000 38485.607 491 616 265.796 0 25 33 17.22222222222222
1168 185 200 103 37 30000 66000 38485.607 491 616 271.631 0 26 33 17.18918918918919
1191 195 208 104 37 30000 66000 38489.149 493 618 558.096 0 26 35 17.18918918918919
1230 209 217 104 37 30000 66000 38489.149 493 620 270.202 0 26 36 17.18918918918919
1265 221 230 105 37 30000 66000 38492.693 490 619 558.914 0 26 36 17.18918918918919
1292 239 240 105 38 30000 66000 38492.693 495 621 273.895 0 27 38 17.31578947368421
1326 241 245 105 38 30000 66000 38492.693 495 623 279.905 0 27 38 17.31578947368421
1344 258 259 105 38 30000 66000 38492.693 490 623 280.524 0 27 39 17.31578947368421
1382 265 273 107 38 30000 66000 38499.791 490 626 836.664 0 27 39 17.31578947368421
1397 258 260 108 39 30000 66000 38458.194 490 626 556.120 0 27 40 17.256410256410255
1453 276 287 108 39 30000 66000 38458.194 490 629 279.222 0 29 42 17.256410256410255
1481 293 319 109 39 30000 66000 38461.731 485 632 552.596 0 30 43 17.256410256410255
1517 314 347 109 40 30000 66000 38461.731 485 632 278.275 0 30 43 17.425
1543 325 356 109 40 30000 66000 38461.731 485 634 284.229 0 30 45 17.425
1597 327 369 111 40 30000 66000 38468.815 485 637 820.216 0 31 46 17.425
1654 341 392 113 40 30000 66000 38475.911 487 636 811.743 0 30 48 17.425
1684 359 401 114 41 30000 66000 38419.111 489 638 552.123 0 30 50 17.24390243902439
1708 372 419 116 41 30000 66000 38380.872 490 638 806.603 0 31 50 17.24390243902439
1743 388 448 117 41 30000 66000 38369.282 491 641 543.872 0 30 51 17.24390243902439
1803 404 462 117 42 30000 66000 38369.282 493 643 298.880 0 31 52 17.261904761904763
1853 423 493 118 42 30000 66000 38372.796 495 645 556.229 0 31 52 17.261904761904763
1911 430 509 119 42 30000 66000 38376.312 497 648 552.252 0 32 55 17.261904761904763
1944 440 524 121 43 30000 66000 38383.354 496 648 791.752 0 32 55 17.3953488372093
2000 445 525 122 43 30000 66000 38386.880 501 653 540.525 0 32 56 17.3953488372093
2036 472 549 123 43 30000 66000 38390.408 502 652 536.951 0 31 58 17.3953488372093
2088 477 556 123 44 30000 66000 38390.408 504 655 303.179 0 32 59 17.5
2109 487 573 123 44 30000 66000 38375.263 506 656 309.016 0 32 60 17.5
2152 504 593 123 44 30000 66000 38375.263 509 658 310.041 0 33 62 17.5
2195 510 608 123 44 30000 66000 38375.263 510 660 310.715 0 33 62 17.5
2255 536 643 123 45 30000 66000 38314.682 510 664 320.935 0 34 63 17.533333333333335
2295 532 653 124 45 30000 66000 38303.030 514 664 565.363 0 33 66 17.533333333333335
2308 544 671 126 45 30000 66000 38310.025 515 666 799.817 0 34 66 17.533333333333335
2357 554 686 128 46 30000 66000 38317.032 519 669 788.312 0 34 69 17.608695652173914
2405 574 705 130 46 30000 66000 38324.051 521 672 777.385 0 36 68 17.608695652173914
2473 591 719 130 46 30000 66000 38324.051 521 674 321.077 0 36 71 17.608695652173914
2521 665 755 131 47 30000 66000 38312.368 521 675 549.359 0 38 73 17.404255319148938
2606 708 783 134 47 30000 66000 38322.908 521 678 994.963 0 36 73 17.404255319148938
2669 727 803 134 47 30000 66000 38322.908 515 681 328.709 0 36 75 17.404255319148938
2741 741 825 134 47 30000 66000 38322.908 515 682 334.134 0 35 78 17.404255319148938
2801 774 861 134 47 30000 66000 38322.908 515 687 335.642 0 36 80 17.404255319148938
2881 803 897 136 48 30000 66000 38329.949 515 689 777.890 0 38 82 17.479166666666668
2950 820 917 136 48 30000 66000 38329.949 517 692 338.412 0 37 83 17.479166666666668
3001 837 924 137 48 30000 66000 38333.474 521 695 561.088 0 38 86 17.479166666666668
3053 857 946 140 49 30000 66000 38344.068 523 700 979.114 0 39 87 17.612244897959183
3112 892 986 142 49 30000 66000 38290.076 523 702 759.655 0 41 87 17.612244897959183
3174 898 1004 143 49 30000 66000 38293.594 523 705 553.790 0 41 92 17.612244897959183
3232 925 1011 144 50 30000 66000 38297.114 523 709 552.139 0 41 92 17.52
3315 957 1050 144 50 30000 66000 38266.553 517 712 349.917 0 43 96 17.52
3383 1013 1096 144 50 30000 66000 38220.713 521 714 354.639 0 42 96 17.52
3429 1052 1120 145 50 30000 66000 38224.204 525 718 569.145 0 43 99 17.52
3500 1111 1135 147 50 30000 66000 38231.194 529 723 771.816 0 45 98 17.52
3557 1158 1171 147 51 30000 66000 38215.895 532 723 365.429 0 46 104 17.568627450980394
3625 1176 1194 149 51 30000 66000 38222.884 534 729 773.356 0 45 103 17.568627450980394
3733 1223 1234 152 51 30000 66000 38233.390 538 730 960.618 0 45 108 17.568627450980394
3799 1265 1300 155 51 30000 66000 38228.571 540 736 943.948 0 45 108 17.568627450980394
3894 1284 1342 156 52 30000 66000 38232.082 545 739 559.532 0 45 109 17.576923076923077
3967 1365 1392 157 52 30000 66000 38235.595 551 742 566.873 0 46 113 17.576923076923077
4079 1421 1452 160 52 30000 66000 38200.000 553 749 941.169 0 47 114 17.576923076923077
4145 1563 1500 161 53 30000 66000 38188.115 557 751 572.516 0 46 118 17.39622641509434
4250 1623 1564 161 53 30000 66000 38188.115 561 754 388.168 0 45 121 17.39622641509434
4357 1696 1575 161 53 30000 66000 38111.159 566 760 397.925 0 45 124 17.39622641509434
4475 1710 1636 165 53 30000 66000 38094.218 566 762 1117.139 0 47 125 17.39622641509434
4590 1789 1703 165 54 30000 66000 38094.218 566 766 396.073 0 48 131 17.5
4689 1838 1726 166 54 30000 66000 38097.686 560 771 584.331 0 48 131 17.5
4804 1915 1755 166 54 30000 66000 38097.686 562 774 406.102 0 48 136 17.5
4926 2037 1788 169 54 30000 66000 38108.108 570 781 942.586 0 50 140 17.5
5058 2363 2021 171 55 30000 66000 38115.071 574 784 762.012 0 51 144 17.327272727272728
5215 2465 2108 172 55 30000 66000 38072.165 578 789 593.488 0 54 151 17.327272727272728
5280 2523 2125 174 55 30000 66000 38063.629 582 793 761.592 0 55 154 17.327272727272728
5425 2629 2215 177 56 30000 66000 38074.042 588 798 928.316 0 57 154 17.410714285714285
5568 2701 2290 179 56 30000 66000 38081.000 592 803 760.218 0 58 156 17.410714285714285
5669 2798 2372 182 56 30000 66000 38091.458 596 810 919.066 0 59 159 17.410714285714285
5785 2810 2409 184 56 30000 66000 38067.358 601 813 751.201 0 60 162 17.410714285714285
5920 2913 2468 184 57 30000 66000 38036.269 604 817 428.522 0 59 168 17.29824561403509
6022 2970 2554 186 57 30000 66000 38043.215 609 822 755.468 0 61 171 17.29824561403509
6172 3150 2652 188 57 30000 66000 38050.173 618 828 758.984 0 63 178 17.29824561403509
6346 3229 2728 191 58 30000 66000 38060.632 621 833 913.634 0 60 180 17.310344827586206
6480 3290 2833 192 58 30000 66000 38001.733 621 835 609.391 0 61 188 17.310344827586206
6604 3415 2921 193 58 30000 66000 37989.597 621 839 609.244 0 60 187 17.310344827586206
6726 3510 2999 194 59 30000 66000 37993.062 621 842 609.278 0 62 193 17.305084745762713
6927 3628 3138 197 59 30000 66000 38003.474 614 850 911.528 0 59 196 17.305084745762713
7133 3733 3272 199 59 30000 66000 38010.430 620 856 762.523 0 60 202 17.305084745762713
7301 3871 3385 200 59 30000 66000 38013.913 625 862 622.850 0 60 208 17.305084745762713
7436 4012 3484 206 60 30000 66000 38034.874 631 866 1336.320 0 60 211 17.366666666666667
7618 4215 3637 210 60 30000 66000 38017.467 640 873 1032.629 0 61 216 17.366666666666667
7795 4366 3776 212 60 30000 66000 38024.476 646 880 743.533 0 63 221 17.366666666666667
7954 4385 3779 218 61 30000 66000 38045.574 652 886 1276.128 0 65 231 17.311475409836067
8126 4633 3922 219 61 30000 66000 38049.101 658 896 601.018 0 64 232 17.311475409836067
8361 4703 4048 222 61 30000 66000 38059.701 663 901 865.878 0 62 232 17.311475409836067
8563 4911 4174 224 61 30000 66000 38035.149 672 908 739.308 0 63 242 17.311475409836067
8810 5087 4324 225 62 30000 66000 38038.681 681 915 610.253 0 66 244 17.419354838709676
9035 5226 4451 227 62 30000 66000 38045.755 686 922 746.656 0 66 256 17.419354838709676
9279 5376 4598 229 62 30000 66000 38036.988 692 930 754.314 0 68 262 17.419354838709676
9498 5625 4732 230 63 30000 66000 37961.233 694 938 636.248 0 68 269 17.396825396825395
9728 5818 4942 231 63 30000 66000 37964.742 694 948 641.251 0 69 275 17.396825396825395
9979 6099 5165 235 63 30000 66000 37978.808 694 952 1018.145 0 69 282 17.396825396825395
10161 6287 5294 236 63 30000 66000 37982.332 687 962 640.530 0 68 287 17.396825396825395
10405 6442 5511 239 64 30000 66000 37992.923 699 969 894.142 0 70 301 17.484375
10716 6685 5715 242 64 30000 66000 37923.826 708 974 898.769 0 71 309 17.484375
11027 6919 5963 245 64 30000 66000 37902.439 717 985 893.037 0 72 306 17.484375
11295 7312 6228 247 64 30000 66000 37829.561 729 1001 777.895 0 75 321 17.484375
11563 7467 6433 247 65 30000 66000 37813.582 739 1008 547.498 0 71 327 17.56923076923077
11846 7675 6673 251 65 30000 66000 37827.479 748 1012 1022.466 0 73 329 17.56923076923077
12080 7782 6828 254 66 30000 66000 37837.934 754 1026 906.528 1 72 341 17.606060606060606
12374 7977 7056 254 66 30000 66000 37821.906 765 1035 571.728 0 71 350 17.606060606060606
12659 8164 7232 258 66 30000 66000 37835.861 773 1039 1041.395 0 74 366 17.606060606060606
12968 8492 7544 259 66 30000 66000 37839.357 779 1055 708.378 0 74 360 17.606060606060606
13307 8643 7802 261 67 30000 66000 37846.360 791 1066 834.720 0 72 384 17.686567164179106
13555 8813 8053 264 67 30000 66000 37856.887 799 1072 946.992 0 74 387 17.686567164179106
13819 8971 8244 267 67 30000 66000 37867.443 810 1085 950.007 0 73 390 17.686567164179106
14204 9233 8528 270 67 30000 66000 37878.027 822 1091 953.067 0 76 393 17.686567164179106
14495 9579 8747 273 68 30000 66000 37872.474 833 1107 961.824 0 76 409 17.75
14826 9854 8970 274 68 30000 66000 37843.666 845 1116 749.741 0 76 412 17.75
15219 10106 9266 275 68 30000 66000 37798.652 857 1122 764.353 0 78 431 17.75
15570 10326 9492 278 69 30000 66000 37792.979 869 1144 986.637 2 77 433 17.82608695652174
15828 10562 9709 279 69 30000 66000 37731.652 877 1153 789.731 0 78 447 17.82608695652174
16188 10815 9972 283 69 30000 66000 37729.364 888 1166 1111.042 0 78 457 17.82608695652174
16560 11144 10280 284 69 30000 66000 37732.852 903 1179 801.683 3 82 470 17.82608695652174
16955 11361 10563 286 70 30000 66000 37739.837 913 1192 922.497 2 80 471 17.857142857142858
17276 11389 10664 289 70 30000 66000 37668.928 913 1192 1035.976 0 82 500 17.857142857142858
17635 11640 10899 293 70 30000 66000 37633.892 913 1210 1135.911 0 81 498 17.857142857142858
17997 11834 11071 296 71 30000 66000 37644.283 921 1222 1031.311 1 81 520 17.929577464788732
18347 12125 11280 296 71 30000 66000 37546.279 921 1238 749.436 0 82 518 17.929577464788732
18781 12488 11538 298 71 30000 66000 37536.785 925 1252 960.480 1 84 522 17.929577464788732
19240 12757 11828 302 72 30000 66000 37484.986 941 1266 1169.636 0 86 535 17.86111111111111
19646 12828 12047 302 72 30000 66000 37484.986 949 1272 788.579 0 85 555 17.86111111111111
20133 13357 12334 306 72 30000 66000 37498.633 973 1296 1190.696 2 90 571 17.86111111111111
20576 13563 12565 311 72 30000 66000 37515.761 984 1308 1292.714 0 90 593 17.86111111111111
21053 13770 12940 315 73 30000 66000 37529.519 996 1318 1199.410 1 90 607 17.876712328767123
21471 14208 13216 317 73 30000 66000 37404.489 1014 1334 1029.814 0 93 612 17.876712328767123
21871 14328 13462 324 74 30000 66000 37411.765 1020 1348 1481.222 0 90 617 17.95945945945946
22393 14733 13858 328 74 30000 66000 37425.414 1040 1362 1211.442 1 91 632 17.95945945945946
22968 15033 14208 332 74 30000 66000 37339.483 1060 1386 1222.036 0 95 650 17.95945945945946
23550 15520 14655 335 74 30000 66000 37299.769 1076 1398 1140.510 0 95 678 17.95945945945946
23994 15794 14924 340 75 30000 66000 37266.667 1096 1410 1322.171 0 97 694 18.026666666666667
24504 16276 15190 347 75 30000 66000 37256.851 1101 1436 1493.908 0 96 692 18.026666666666667
25026 16378 15434 349 75 30000 66000 37179.916 1111 1453 1071.797 0 98 721 18.026666666666667
25687 16785 15830 355 75 30000 66000 37166.434 1126 1468 1414.800 2 100 727 18.026666666666667
26320 17194 16146 358 76 30000 66000 37159.664 1146 1488 1179.366 0 99 731 18.07894736842105
26928 17665 16356 359 76 30000 66000 37078.935 1166 1506 1034.607 0 103 776 18.07894736842105
27457 18115 16627 365 76 30000 66000 37098.829 1191 1533 1456.397 2 100 775 18.07894736842105
28137 18581 17028 374 77 30000 66000 37044.214 1207 1553 1689.599 0 104 797 18.155844155844157
28842 18946 17507 376 77 30000 66000 37016.949 1225 1575 1143.673 1 105 817 18.155844155844157
29546 19389 17885 379 77 30000 66000 37009.901 1249 1601 1244.201 1 106 821 18.155844155844157
30050 19567 18270 389 77 30000 66000 37043.108 1261 1620 1777.928 0 106 848 18.155844155844157
30688 20352 18640 395 78 30000 66000 37063.183 1291 1650 1467.787 3 107 866 18.21794871794872
31340 20570 19092 398 78 30000 66000 37004.757 1307 1664 1256.151 0 109 872 18.21794871794872
32026 21276 19370 399 78 30000 66000 37008.091 1345 1694 1132.055 3 113 910 18.21794871794872
32762 21862 19793 402 78 30000 66000 37018.112 1367 1722 1305.796 0 110 924 18.21794871794872
33621 22090 20294 407 79 30000 66000 37034.878 1387 1744 1461.801 0 114 951 18.240506329113924
34185 22631 20634 411 79 30000 66000 37013.882 1417 1772 1404.596 1 110 988 18.240506329113924
35151 23247 21212 417 79 30000 66000 37034.085 1443 1800 1562.369 0 113 975 18.240506329113924
35969 23807 21730 419 80 30000 66000 37040.846 1478 1829 1299.542 0 113 1000 18.3125
36685 24637 22096 425 80 30000 66000 37009.157 1514 1866 1605.951 0 116 1000 18.3125
37502 25171 22578 431 80 30000 66000 37012.083 1545 1900 1619.875 1 115 1000 18.3125
38226 25653 22953 435 80 30000 66000 37025.666 1573 1928 1503.411 0 114 1000 18.3125
38902 26211 23344 442 81 30000 66000 37049.563 1606 1958 1715.946 2 116 1000 18.234567901234566
39555 26409 23858 448 81 30000 66000 37070.175 1627 1977 1656.531 1 119 1000 18.234567901234566
40049 26819 24128 453 81 30000 66000 37069.858 1653 2015 1608.667 2 117 1000 18.234567901234566
40707 27638 24541 460 81 30000 66000 37094.118 1705 2052 1757.659 2 120 1000 18.234567901234566
41435 28058 24896 465 82 30000 66000 37111.548 1735 2087 1647.918 0 120 1000 18.182926829268293
42147 28461 25303 468 82 30000 66000 37122.047 1767 2108 1543.353 2 120 1000 18.182926829268293
42800 28435 25680 472 82 30000 66000 37136.095 1785 2139 1624.013 0 123 1000 18.182926829268293
43432 28879 26003 474 82 30000 66000 37143.139 1819 2173 1525.831 2 117 1000 18.182926829268293
43893 29151 26179 482 83 30000 66000 37171.457 1846 2198 1911.058 0 115 1000 18.156626506024097
44783 29917 26713 489 83 30000 66000 37196.420 1891 2237 1867.162 1 119 1000 18.156626506024097
45280 29864 27142 493 83 30000 66000 37156.951 1905 2264 1699.065 0 117 1000 18.156626506024097
45747 30225 27396 499 84 30000 66000 37142.429 1935 2296 1824.423 2 116 1000 18.166666666666668
46297 30586 27746 507 84 30000 66000 37080.783 1972 2323 1951.988 1 116 1000 18.166666666666668
46943 31561 28219 511 84 30000 66000 37022.624 2012 2374 1749.932 2 118 1000 18.166666666666668
47563 31981 28646 513 85 30000 66000 37029.693 2053 2395 1665.355 0 120 1000 18.211764705882352
48066 31853 28971 515 85 30000 66000 36964.232 2074 2424 1685.812 0 119 1000 18.211764705882352
48527 32835 29240 522 85 30000 66000 36988.878 2115 2469 1996.856 3 119 1000 18.211764705882352
49146 32751 29636 524 86 30000 66000 36995.951 2136 2496 1734.408 0 118 1000 18.27906976744186
49844 33121 29971 527 86 30000 66000 37006.589 2177 2538 1814.992 2 122 1000 18.27906976744186
50485 33581 30388 532 86 30000 66000 36969.512 2195 2568 1953.133 2 119 1000 18.27906976744186
51133 34547 30858 534 87 30000 66000 36976.602 2238 2614 1830.747 4 122 1000 18.25287356321839
51649 35011 31292 536 87 30000 66000 36947.047 2238 2657 1867.002 0 119 1000 18.25287356321839
52075 35276 31621 542 87 30000 66000 36949.949 2271 2675 2107.299 2 121 1000 18.25287356321839
52629 35173 31975 547 88 30000 66000 36912.442 2293 2709 2066.651 1 118 1000 18.21590909090909
53037 35494 32193 551 88 30000 66000 36926.629 2337 2749 2042.031 2 117 1000 18.21590909090909
53560 35951 32637 559 88 30000 66000 36955.178 2367 2789 2273.569 3 118 1000 18.21590909090909
54260 36532 33067 560 89 30000 66000 36958.763 2408 2832 1941.995 1 117 1000 18.235955056179776
54949 37827 33645 568 89 30000 66000 36857.143 2468 2896 2345.393 1 117 1000 18.235955056179776
55252 38255 34034 571 89 30000 66000 36849.145 2513 2932 2116.967 2 119 1000 18.235955056179776
55548 37969 34265 575 89 30000 66000 36844.675 2537 2959 2188.610 0 116 1000 18.235955056179776
56182 39184 34807 578 90 30000 66000 36855.359 2594 3012 2179.566 4 119 1000 18.211111111111112
56593 39637 35246 584 90 30000 66000 36876.827 2639 3064 2359.233 1 122 1000 18.211111111111112
56897 39888 35568 589 90 30000 66000 36894.819 2665 3101 2335.367 2 114 1000 18.211111111111112
57219 39623 35813 593 91 30000 66000 36890.404 2704 3115 2304.337 0 117 1000 18.263736263736263
57488 39961 36223 594 91 30000 66000 36875.131 2729 3159 2192.968 0 112 1000 18.263736263736263
58131 41242 36804 603 91 30000 66000 36907.749 2794 3223 2616.554 3 116 1000 18.263736263736263
58543 41613 37203 606 91 30000 66000 36918.691 2821 3267 2356.096 1 113 1000 18.263736263736263
59044 42049 37628 613 92 30000 66000 36944.356 2877 3303 2575.564 3 114 1000 18.282608695652176
59549 41715 37985 616 92 30000 66000 36917.197 2891 3331 2403.891 0 111 1000 18.282608695652176
59918 42267 38380 623 92 30000 66000 36923.815 2933 3371 2615.811 1 112 1000 18.282608695652176
60315 42845 38819 629 93 30000 66000 36849.813 2975 3420 2594.017 1 111 1000 18.344086021505376
60937 44506 39498 629 93 30000 66000 36849.813 3048 3489 2379.238 4 112 1000 18.344086021505376
61475 45072 40040 633 93 30000 66000 36825.924 3104 3541 2608.403 1 112 1000 18.344086021505376
61760 44623 40228 637 93 30000 66000 36743.961 3119 3564 2628.507 0 112 1000 18.344086021505376
61990 45045 40626 643 94 30000 66000 36707.593 3160 3611 2739.378 2 109 1000 18.340425531914892
62320 45457 41052 646 94 30000 66000 36718.447 3175 3643 2641.232 1 112 1000 18.340425531914892
62826 45953 41554 648 94 30000 66000 36725.702 3221 3699 2641.923 3 110 1000 18.340425531914892
63107 46419 41982 650 94 30000 66000 36732.973 3269 3747 2691.372 2 111 1000 18.340425531914892
63602 47813 42604 651 95 30000 66000 36736.614 3349 3834 2717.455 3 114 1000 18.4
63801 48101 42870 657 95 30000 66000 36758.546 3397 3871 2978.417 2 113 1000 18.4
64109 47565 43057 665 95 30000 66000 36788.011 3430 3900 3072.332 0 112 1000 18.4
64683 48116 43510 672 96 30000 66000 36814.004 3477 3948 3045.631 2 111 1000 18.427083333333332
65239 49569 44079 678 96 30000 66000 36757.409 3562 4036 3053.403 3 112 1000 18.427083333333332
65677 49124 44546 682 96 30000 66000 36772.277 3579 4051 2988.290 1 109 1000 18.427083333333332
65997 50372 45052 690 96 30000 66000 36782.320 3673 4136 3206.513 4 114 1000 18.427083333333332
66308 49582 45175 690 97 30000 66000 36782.320 3701 4143 2899.167 1 112 1000 18.412371134020617
66992 51205 45883 694 97 30000 66000 36797.342 3773 4228 3139.222 1 110 1000 18.412371134020617
67460 50524 46306 698 97 30000 66000 36792.453 3801 4256 3161.493 0 109 1000 18.412371134020617
67811 51811 46727 705 98 30000 66000 36818.942 3880 4346 3341.994 1 111 1000 18.397959183673468
68197 52201 47109 710 98 30000 66000 36837.989 3929 4405 3295.863 1 111 1000 18.397959183673468
68392 52455 47437 715 98 30000 66000 36857.143 3986 4466 3334.568 1 113 1000 18.397959183673468
68889 51861 47917 718 98 30000 66000 36868.687 4016 4483 3278.748 0 108 1000 18.397959183673468
69121 52155 48223 722 98 30000 66000 36843.645 4071 4541 3359.324 1 104 1000 18.397959183673468
69794 53674 48818 726 99 30000 66000 36859.076 4161 4620 3428.888 4 109 1000 18.404040404040405
70359 54077 49204 728 99 30000 66000 36866.817 4181 4674 3402.894 1 107 1000 18.404040404040405
70820 53379 49614 732 99 30000 66000 36861.991 4217 4695 3509.004 0 106 1000 18.404040404040405
70833 54719 49751 733 99 30000 66000 36804.754 4301 4803 3472.939 1 106 1000 18.404040404040405
70990 53895 49849 735 100 30000 66000 36771.671 4322 4825 3547.897 1 104 1000 18.39
71638 54233 50359 739 100 30000 66000 36766.610 4380 4882 3678.553 2 105 1000 18.39
72218 55909 51012 744 100 30000 66000 36642.369 4489 4991 3794.027 3 109 1000 18.39
72774 56203 51387 749 101 30000 66000 36640.777 4550 5047 3841.077 2 110 1000 18.425742574257427
72932 55460 51540 756 101 30000 66000 36626.147 4567 5055 3929.816 0 108 1000 18.425742574257427
73207 55635 51693 761 101 30000 66000 36645.198 4634 5149 3896.820 0 110 1000 18.425742574257427
73473 57160 52056 768 101 30000 66000 36672.055 4732 5232 4033.194 4 111 1000 18.425742574257427
73983 57673 52311 770 102 30000 66000 36679.769 4801 5292 3900.161 2 108 1000 18.392156862745097
74522 57906 52786 772 102 30000 66000 36666.667 4849 5358 3961.868 2 108 1000 18.392156862745097
74749 57094 53007 777 102 30000 66000 36686.013 4894 5374 4097.902 0 105 1000 18.392156862745097
75114 57593 53456 784 102 30000 66000 36650.350 4940 5456 4206.686 1 102 1000 18.392156862745097
75492 58004 53891 790 103 30000 66000 36673.684 5004 5501 4212.520 1 101 1000 18.446601941747574
75622 58155 54026 794 103 30000 66000 36689.332 5079 5579 4189.543 1 100 1000 18.446601941747574
75931 59514 54209 799 103 30000 66000 36708.995 5198 5679 4307.277 4 104 1000 18.446601941747574
76063 59775 54292 801 103 30000 66000 36716.892 5253 5742 4261.901 2 104 1000 18.446601941747574
76186 59904 54380 808 103 30000 66000 36744.681 5325 5802 4487.293 1 104 1000 18.446601941747574
76429 58946 54707 815 104 30000 66000 36751.335 5347 5841 4496.583 1 102 1000 18.432692307692307
76806 60412 55058 821 104 30000 66000 36775.462 5446 5950 4536.309 4 103 1000 18.432692307692307
77319 60582 55445 823 104 30000 66000 36697.674 5519 6019 4459.955 1 102 1000 18.432692307692307
77590 60823 55693 828 105 30000 66000 36717.703 5586 6079 4620.540 2 101 1000 18.457142857142856
77718 60950 55788 837 105 30000 66000 36624.173 5649 6173 4793.818 1 99 1000 18.457142857142856
77918 59994 55996 844 105 30000 66000 36652.174 5689 6205 4732.038 0 101 1000 18.457142857142856
78195 60472 56461 846 106 30000 66000 36551.391 5761 6253 4618.461 2 101 1000 18.41509433962264
78246 60649 56494 853 106 30000 66000 36535.519 5817 6319 4837.254 1 96 1000 18.41509433962264
78513 62219 56860 854 107 30000 66000 36539.490 5944 6457 4737.775 0 98 1000 18.46728971962617
79038 61238 57211 857 107 30000 66000 36507.608 5967 6468 4834.266 1 98 1000 18.46728971962617
79215 62979 57558 865 107 30000 66000 36539.450 6092 6586 5079.588 4 100 1000 18.46728971962617
79335 63108 57786 870 107 30000 66000 36537.423 6152 6665 5030.814 1 99 1000 18.46728971962617
79800 62091 58002 875 108 30000 66000 36491.077 6191 6684 5053.393 1 96 1000 18.51851851851852
79856 63696 58042 879 108 30000 66000 36507.094 6307 6826 5117.023 3 99 1000 18.51851851851852
80421 64178 58559 881 108 30000 66000 36515.133 6400 6914 5127.008 1 102 1000 18.51851851851852
80431 64311 58655 889 109 30000 66000 36502.793 6453 6961 5371.026 2 100 1000 18.559633027522935
80950 64721 59222 895 109 30000 66000 36504.673 6528 7051 5358.465 0 99 1000 18.559633027522935
81322 63702 59552 898 109 30000 66000 36471.910 6571 7070 5286.050 0 93 1000 18.559633027522935
81539 65371 59889 904 109 30000 66000 36496.241 6695 7213 5469.220 4 96 1000 18.559633027522935
81768 65608 60206 909 110 30000 66000 36516.656 6783 7305 5496.312 0 97 1000 18.581818181818182
82333 65929 60606 910 110 30000 66000 36498.113 6854 7365 5442.726 1 94 1000 18.581818181818182
82602 64998 60906 915 110 30000 66000 36518.612 6894 7393 5597.495 0 94 1000 18.581818181818182
82771 65362 61402 920 110 30000 66000 36448.101 6964 7471 5657.145 0 94 1000 18.581818181818182
82952 67140 61885 924 111 30000 66000 36441.624 7095 7611 5715.034 4 95 1000 18.594594594594593
83427 67620 62515 927 111 30000 66000 36385.251 7178 7709 5759.778 1 94 1000 18.594594594594593
83988 66711 63023 932 111 30000 66000 36221.939 7213 7739 5849.450 1 95 1000 18.594594594594593
84305 66928 63119 936 111 30000 66000 36237.852 7295 7807 5886.247 2 95 1000 18.594594594594593
84484 68717 63497 939 112 30000 66000 36249.840 7435 7934 5968.923 2 94 1000 18.553571428571427
84685 67320 63677 948 112 30000 66000 36262.887 7472 7969 6158.303 0 93 1000 18.553571428571427
84594 67631 63695 951 112 30000 66000 36158.812 7542 8070 6029.936 2 91 1000 18.553571428571427
84986 69357 64247 958 113 30000 66000 36186.770 7687 8203 6249.496 3 94 1000 18.58407079646018
85348 69620 64808 959 113 30000 66000 36190.785 7763 8308 6156.425 2 94 1000 18.58407079646018
85521 68262 64938 963 113 30000 66000 36206.897 7814 8302 6281.170 0 90 1000 18.58407079646018
85709 70022 65361 967 113 30000 66000 36176.125 7947 8445 6388.253 4 93 1000 18.58407079646018
85645 68624 65321 972 114 30000 66000 36196.335 7977 8494 6442.514 0 89 1000 18.596491228070175
85617 70338 65333 979 114 30000 66000 36224.852 8124 8645 6578.795 3 90 1000 18.596491228070175
85873 69140 65637 983 114 30000 66000 36217.535 8159 8663 6518.572 0 87 1000 18.596491228070175
85725 70926 65732 987 114 30000 66000 36233.972 8313 8841 6627.826 4 91 1000 18.596491228070175
86064 71109 66116 987 115 30000 66000 36233.972 8391 8920 6608.631 2 89 1000 18.565217391304348
86369 69958 66414 989 115 30000 66000 36194.573 8407 8964 6716.423 0 89 1000 18.565217391304348
86730 70483 66781 996 115 30000 66000 36151.596 8516 9052 6909.648 2 88 1000 18.565217391304348
86688 70590 66786 1000 116 30000 66000 36168.000 8617 9157 6900.469 0 89 1000 18.56896551724138
87032 70907 67015 1006 116 30000 66000 36168.675 8703 9253 7007.103 2 88 1000 18.56896551724138
86991 72682 67094 1014 116 30000 66000 36129.206 8858 9407 7167.357 1 90 1000 18.56896551724138
86960 71359 67187 1017 117 30000 66000 36141.605 8902 9426 7058.942 1 87 1000 18.58974358974359
86757 73113 67126 1020 117 30000 66000 36129.730 9066 9607 7195.018 3 88 1000 18.58974358974359
87066 71928 67438 1024 117 30000 66000 36097.561 9079 9624 7258.671 0 87 1000 18.58974358974359
87633 73863 67866 1024 118 30000 66000 36048.780 9247 9784 7289.707 3 88 1000 18.584745762711865
87637 72412 67886 1025 118 30000 66000 35930.847 9276 9822 7374.515 1 88 1000 18.584745762711865
88057 74391 68435 1026 118 30000 66000 35886.024 9444 9989 7530.368 3 91 1000 18.584745762711865
88103 72934 68372 1029 118 30000 66000 35898.029 9444 10015 7631.542 0 87 1000 18.584745762711865
88509 73297 68710 1036 119 30000 66000 35901.639 9573 10127 7793.555 2 88 1000 18.563025210084035
88911 73766 69147 1039 119 30000 66000 35790.554 9680 10245 7774.261 2 89 1000 18.563025210084035
88837 75472 69293 1045 119 30000 66000 35814.433 9824 10386 7978.191 3 87 1000 18.563025210084035
89019 75821 69634 1048 120 30000 66000 35826.446 9968 10498 7988.289 2 88 1000 18.583333333333332
89391 75968 70018 1049 120 30000 66000 35805.651 10067 10588 8041.251 1 89 1000 18.583333333333332
89447 74408 70149 1051 120 30000 66000 35763.975 10071 10640 8120.001 1 90 1000 18.583333333333332
89507 74644 70275 1055 121 30000 66000 35755.017 10188 10747 8268.044 2 88 1000 18.578512396694215
89643 76736 70612 1056 121 30000 66000 35609.418 10373 10917 8349.941 3 91 1000 18.578512396694215
90082 77233 71253 1060 121 30000 66000 35600.000 10468 11012 8527.566 1 91 1000 18.578512396694215
89957 77263 71235 1068 121 30000 66000 35631.285 10572 11117 8698.350 1 92 1000 18.578512396694215
89893 75632 71241 1075 122 30000 66000 35658.947 10621 11149 8682.260 0 87 1000 18.598360655737704
90242 75988 71549 1075 122 30000 66000 35633.684 10705 11293 8601.598 2 86 1000 18.598360655737704
90597 76171 71866 1077 122 30000 66000 35565.706 10811 11405 8767.927 2 84 1000 18.598360655737704
91129 78374 72389 1080 122 30000 66000 35476.056 11016 11565 8958.930 1 83 1000 18.598360655737704
91609 79405 73004 1084 123 30000 66000 35491.525 11127 11689 9085.691 0 81 1000 18.577235772357724
91818 79543 73276 1088 123 30000 66000 35507.082 11211 11784 9161.603 2 82 1000 18.577235772357724
91860 77920 73546 1090 123 30000 66000 35514.894 11267 11850 9160.994 0 82 1000 18.577235772357724
91878 78416 73778 1093 124 30000 66000 35526.652 11379 11941 9277.468 2 81 1000 18.60483870967742
91866 78788 73653 1095 124 30000 66000 35508.897 11538 12084 9366.574 2 84 1000 18.60483870967742
92104 80909 73838 1098 124 30000 66000 35520.685 11706 12286 9565.107 3 83 1000 18.60483870967742
92089 79409 74099 1105 124 30000 66000 35548.387 11741 12295 9685.186 1 83 1000 18.60483870967742
92258 79899 74391 1108 125 30000 66000 35560.345 11861 12411 9685.873 1 80 1000 18.592
92322 81897 74637 1114 125 30000 66000 35584.416 12026 12601 9905.838 2 79 1000 18.592
92603 80217 74965 1114 125 30000 66000 35584.416 12046 12631 9818.812 0 80 1000 18.592
92443 80484 75005 1119 125 30000 66000 35604.634 12206 12768 10038.562 2 80 1000 18.592
92934 82878 75573 1124 126 30000 66000 35494.186 12425 13009 10205.021 1 83 1000 18.603174603174605
92909 81206 75677 1125 126 30000 66000 35472.000 12467 13017 10153.717 0 80 1000 18.603174603174605
92867 83280 75786 1131 126 30000 66000 35495.982 12611 13199 10411.018 3 79 1000 18.603174603174605
92803 81688 75794 1134 127 30000 66000 35428.990 12674 13240 10380.979 0 77 1000 18.614173228346456
93167 83973 76455 1135 127 30000 66000 35406.593 12863 13472 10516.704 3 79 1000 18.614173228346456
93324 84176 76886 1139 127 30000 66000 35396.032 12991 13578 10702.998 2 80 1000 18.614173228346456
93451 82500 77201 1143 128 30000 66000 35411.938 13033 13645 10743.647 0 81 1000 18.625
93495 82869 77564 1148 128 30000 66000 35431.953 13158 13753 10832.860 2 78 1000 18.625
93297 83062 77507 1151 128 30000 66000 35444.033 13302 13888 10899.440 1 80 1000 18.625
93676 83423 77871 1156 129 30000 66000 35437.500 13434 14015 11054.939 2 81 1000 18.666666666666668
93626 83852 78025 1161 129 30000 66000 35404.033 13548 14134 11156.452 2 78 1000 18.666666666666668
93734 86088 78084 1162 129 30000 66000 35408.072 13759 14359 11266.479 3 78 1000 18.666666666666668
93896 86516 78591 1166 129 30000 66000 35316.342 13894 14484 11456.358 0 79 1000 18.666666666666668
94321 86824 79111 1170 130 30000 66000 35332.331 14032 14627 11556.924 1 81 1000 18.70769230769231
94344 84877 79126 1175 130 30000 66000 35352.453 14034 14669 11613.422 0 77 1000 18.70769230769231
94771 87766 79665 1180 130 30000 66000 35318.182 14315 14911 11808.681 1 81 1000 18.70769230769231
94961 86218 79956 1187 131 30000 66000 35346.535 14355 14959 11873.242 0 78 1000 18.709923664122137
95003 88219 80088 1190 131 30000 66000 35221.374 14545 15141 11949.761 2 75 1000 18.709923664122137
94887 86552 79973 1194 131 30000 66000 35154.671 14599 15176 12018.331 0 75 1000 18.709923664122137
94787 86585 80055 1199 131 30000 66000 35146.810 14726 15330 12121.984 2 75 1000 18.709923664122137
94726 86577 80215 1204 132 30000 66000 35166.667 14844 15489 12223.251 2 77 1000 18.71212121212121
94667 88813 80361 1212 132 30000 66000 35198.758 15080 15680 12447.236 3 76 1000 18.71212121212121
95265 89133 80964 1216 132 30000 66000 35214.953 15214 15817 12468.421 0 75 1000 18.71212121212121
94998 89065 80720 1221 132 30000 66000 35207.193 15364 15943 12601.590 1 74 1000 18.71212121212121
95097 87290 80902 1223 133 30000 66000 35215.348 15366 15999 12593.688 0 73 1000 18.706766917293233
95183 87856 81180 1227 133 30000 66000 35175.177 15526 16142 12753.534 1 73 1000 18.706766917293233
95574 90419 81685 1234 133 30000 66000 35175.355 15775 16398 12999.156 3 76 1000 18.706766917293233
95993 90573 82277 1238 134 30000 66000 35191.759 15900 16565 13043.333 2 78 1000 18.723880597014926
96374 91116 82785 1243 134 30000 66000 35212.411 16054 16712 13185.553 2 80 1000 18.723880597014926
96648 89519 83090 1248 134 30000 66000 35233.227 16100 16729 13222.447 0 73 1000 18.723880597014926
96727 91544 83216 1250 135 30000 66000 35126.400 16342 16961 13328.892 2 76 1000 18.762962962962963
96922 91908 83544 1252 135 30000 66000 35076.923 16488 17129 13480.331 0 75 1000 18.762962962962963
96794 89825 83454 1256 135 30000 66000 35093.248 16509 17160 13560.517 0 73 1000 18.762962962962963
96814 90250 83689 1259 136 30000 66000 34902.498 16655 17295 13657.963 1 71 1000 18.772058823529413
96828 90699 83869 1263 136 30000 66000 34918.351 16816 17493 13815.675 0 73 1000 18.772058823529413
96804 91173 84186 1268 136 30000 66000 34938.312 16972 17605 13945.562 1 71 1000 18.772058823529413
96849 91660 84363 1273 136 30000 66000 34958.435 17092 17757 14066.243 1 71 1000 18.772058823529413
96813 93852 84413 1278 137 30000 66000 34890.344 17348 18000 14264.428 2 73 1000 18.759124087591243
97096 92183 84715 1284 137 30000 66000 34855.263 17431 18040 14315.459 0 71 1000 18.759124087591243
97022 94576 84905 1287 137 30000 66000 34837.593 17658 18296 14438.612 3 72 1000 18.759124087591243
97367 92799 85258 1291 137 30000 66000 34853.598 17680 18357 14510.772 0 73 1000 18.759124087591243
97520 95106 85462 1298 138 30000 66000 34851.913 17958 18633 14731.248 2 72 1000 18.753623188405797
97423 93020 85502 1301 138 30000 66000 34864.053 18012 18648 14698.180 1 71 1000 18.753623188405797
97357 93386 85569 1304 138 30000 66000 34876.254 18165 18816 14844.645 1 71 1000 18.753623188405797
97422 93872 85879 1312 138 30000 66000 34909.091 18318 18965 15051.273 1 72 1000 18.753623188405797
97271 96380 85945 1315 139 30000 66000 34860.759 18613 19244 15175.613 3 74 1000 18.784172661870503
97343 94358 86020 1316 139 30000 66000 34652.027 18629 19322 15215.168 0 72 1000 18.784172661870503
96951 94567 85911 1317 139 30000 66000 34655.959 18782 19442 15346.118 1 71 1000 18.784172661870503
97225 95060 86378 1325 140 30000 66000 34657.021 18964 19610 15601.187 1 72 1000 18.807142857142857
97904 98103 87538 1329 140 30000 66000 34672.929 19239 19895 15753.093 3 75 1000 18.807142857142857
97974 95971 87702 1336 140 30000 66000 34701.031 19324 19971 15835.626 0 71 1000 18.807142857142857
97668 96041 87558 1340 141 30000 66000 34655.172 19445 20112 15896.577 2 70 1000 18.822695035460992
97384 98657 87488 1343 141 30000 66000 34573.898 19766 20458 16126.522 3 72 1000 18.822695035460992
97640 98748 87945 1348 141 30000 66000 34593.750 19885 20569 16296.251 2 71 1000 18.822695035460992
97843 96657 88164 1350 142 30000 66000 34570.435 19944 20631 16304.798 0 69 1000 18.845070422535212
97627 98956 88230 1356 142 30000 66000 34594.406 20256 20899 16548.252 3 71 1000 18.845070422535212
97734 99106 88564 1360 142 30000 66000 34610.526 20397 21063 16649.621 1 70 1000 18.845070422535212
97978 99297 89111 1363 142 30000 66000 34527.704 20570 21251 16780.474 1 71 1000 18.845070422535212
98120 99231 89360 1366 143 30000 66000 34539.683 20745 21403 16938.056 1 70 1000 18.867132867132867
98372 99656 89935 1372 143 30000 66000 34563.830 20887 21551 17123.047 1 70 1000 18.867132867132867
98432 97558 90130 1375 143 30000 66000 34512.000 20926 21633 17122.808 0 69 1000 18.867132867132867
98626 97831 90422 1380 144 30000 66000 34435.714 21121 21799 17287.704 1 69 1000 18.895833333333332
98542 100006 90431 1383 144 30000 66000 34447.628 21390 22081 17499.242 2 69 1000 18.895833333333332
98858 100121 90805 1385 144 30000 66000 34455.605 21574 22254 17649.697 0 69 1000 18.895833333333332
99082 100353 91086 1391 145 30000 66000 34447.250 21751 22428 17862.629 0 70 1000 18.910344827586208
99514 100617 91844 1397 145 30000 66000 34438.803 21925 22592 17987.283 0 71 1000 18.910344827586208
99826 98595 92122 1400 145 30000 66000 34450.909 21965 22674 17959.610 0 69 1000 18.910344827586208
99666 101070 92339 1402 145 30000 66000 34459.016 22257 22954 18177.359 3 70 1000 18.910344827586208
99647 99216 92160 1404 146 30000 66000 34434.307 22334 23044 18258.136 0 71 1000 18.897260273972602
99563 99293 92090 1406 146 30000 66000 34409.506 22504 23201 18442.910 1 73 1000 18.897260273972602
99725 99857 92305 1411 146 30000 66000 34297.521 22680 23371 18662.911 0 69 1000 18.897260273972602
99591 102237 92295 1417 146 30000 66000 34321.330 22994 23683 18875.184 3 71 1000 18.897260273972602
99735 102486 92573 1422 147 30000 66000 34141.002 23185 23856 18997.807 1 70 1000 18.91156462585034
100249 100527 92996 1428 147 30000 66000 34063.433 23226 23909 19051.779 1 69 1000 18.91156462585034
100155 100832 93025 1430 147 30000 66000 33869.159 23389 24099 19159.731 1 68 1000 18.91156462585034
100428 103572 93418 1436 148 30000 66000 33890.977 23690 24410 19484.436 2 71 1000 18.93243243243243
100516 103897 93744 1442 148 30000 66000 33879.017 23924 24603 19625.803 2 68 1000 18.93243243243243
100360 101814 93856 1447 148 30000 66000 33863.248 23982 24700 19647.367 0 68 1000 18.93243243243243
100053 102040 93789 1452 149 30000 66000 33881.679 24188 24861 19784.574 2 68 1000 18.966442953020135
100035 105017 93989 1454 149 30000 66000 33854.685 24526 25205 20037.943 2 69 1000 18.966442953020135
100181 103003 94396 1457 149 30000 66000 33865.772 24569 25265 20132.117 0 67 1000 18.966442953020135
100136 103206 94366 1463 149 30000 66000 33888.139 24747 25436 20281.112 1 69 1000 18.966442953020135
99907 105659 94566 1465 150 30000 66000 33895.652 25077 25771 20505.308 3 70 1000 18.966666666666665
99986 103542 94697 1469 150 30000 66000 33910.766 25139 25836 20606.167 0 68 1000 18.966666666666665
100179 103839 95094 1477 150 30000 66000 33906.158 25361 26062 20766.940 2 70 1000 18.966666666666665
100396 104501 95509 1481 151 30000 66000 33921.492 25529 26233 20858.577 2 66 1000 18.986754966887418
100240 104761 95597 1484 151 30000 66000 33933.071 25731 26415 21020.884 2 67 1000 18.986754966887418
100509 107589 96144 1487 151 30000 66000 33944.719 26064 26731 21309.512 2 68 1000 18.986754966887418
100741 108093 96635 1494 152 30000 66000 33972.167 26256 26980 21527.181 0 67 1000 18.986842105263158
100868 105746 96938 1500 152 30000 66000 33960.000 26324 27069 21504.417 0 65 1000 18.986842105263158
100801 106213 97259 1503 152 30000 66000 33863.591 26484 27251 21599.250 1 65 1000 18.986842105263158
100968 106478 97545 1506 152 30000 66000 33875.252 26720 27410 21783.208 1 66 1000 18.986842105263158
100395 108795 97033 1510 153 30000 66000 33890.909 27038 27766 22087.778 2 67 1000 19.013071895424837
100386 106613 97211 1513 153 30000 66000 33866.261 27101 27827 22144.243 0 66 1000 19.013071895424837
100306 109416 97405 1517 153 30000 66000 33845.371 27465 28214 22423.615 3 68 1000 19.013071895424837
100377 107223 97661 1519 153 30000 66000 33779.817 27556 28269 22476.788 0 68 1000 19.013071895424837
100837 110289 98313 1525 154 30000 66000 33803.077 27895 28662 22836.317 0 67 1000 19.01948051948052
100870 110533 98223 1530 154 30000 66000 33822.680 28100 28816 22965.583 1 66 1000 19.01948051948052
100780 107921 98393 1531 154 30000 66000 33715.170 28172 28872 22994.889 0 62 1000 19.01948051948052
101035 111104 98885 1533 155 30000 66000 33722.854 28531 29234 23345.812 0 63 1000 19.038709677419355
101337 111890 99438 1536 155 30000 66000 33585.062 28751 29447 23573.419 0 62 1000 19.038709677419355
101659 112392 99817 1539 155 30000 66000 33558.793 28972 29703 23725.357 1 61 1000 19.038709677419355
101762 110317 100040 1545 156 30000 66000 33581.152 29018 29709 23818.232 0 61 1000 19.064102564102566
101942 110954 100413 1550 156 30000 66000 33600.000 29217 29942 23895.837 1 61 1000 19.064102564102566
101932 111311 100661 1554 156 30000 66000 33615.222 29435 30175 24056.355 1 61 1000 19.064102564102566
102247 114416 101079 1556 156 30000 66000 33622.881 29813 30577 24373.311 0 63 1000 19.064102564102566
102599 114739 101518 1558 157 30000 66000 33630.573 30024 30808 24530.802 2 64 1000 19.05732484076433
102651 112418 101590 1562 157 30000 66000 33454.158 30097 30810 24635.868 0 63 1000 19.05732484076433
102677 113157 101856 1567 157 30000 66000 33472.669 30360 31089 24787.699 2 64 1000 19.05732484076433
102440 114248 101870 1568 158 30000 66000 33476.395 30544 31272 24948.931 1 61 1000 19.088607594936708
102482 117238 101888 1572 158 30000 66000 33491.379 30937 31665 25322.605 2 62 1000 19.088607594936708
102147 116950 101398 1573 158 30000 66000 33456.311 31172 31889 25500.907 1 63 1000 19.088607594936708
102332 117853 101935 1576 159 30000 66000 33428.571 31386 32107 25756.752 0 61 1000 19.11949685534591
102800 118422 102557 1579 159 30000 66000 33439.739 31618 32346 25980.620 0 60 1000 19.11949685534591
102817 118841 102645 1583 159 30000 66000 33297.710 31831 32559 26181.643 1 60 1000 19.11949685534591
102734 116388 102822 1587 159 30000 66000 33233.297 31902 32640 26248.356 1 61 1000 19.11949685534591
102388 116563 102584 1590 160 30000 66000 33164.835 32099 32912 26446.855 2 61 1000 19.1375
102626 119622 102845 1591 160 30000 66000 33168.317 32560 33256 26809.121 3 61 1000 19.1375
102771 117542 103106 1592 161 30000 66000 33132.159 32603 33351 26932.337 0 58 1000 19.167701863354036
102758 117977 103272 1596 161 30000 66000 33146.018 32835 33572 27123.638 1 58 1000 19.167701863354036
102473 118245 103233 1599 161 30000 66000 33156.493 33076 33800 27325.272 1 58 1000 19.167701863354036
102935 119100 103829 1600 162 30000 66000 33160.000 33293 34105 27556.534 2 60 1000 19.179012345679013
102982 122439 104060 1604 162 30000 66000 33174.107 33699 34527 27975.892 2 61 1000 19.179012345679013
103467 122847 104865 1607 162 30000 66000 33184.770 33911 34722 28182.196 1 61 1000 19.179012345679013
103488 123168 105021 1610 162 30000 66000 33195.506 34215 34959 28413.104 1 61 1000 19.179012345679013
103165 120200 104765 1616 163 30000 66000 33217.195 34308 35063 28501.903 0 61 1000 19.208588957055216
103155 120470 104951 1620 163 30000 66000 33027.273 34512 35274 28660.723 1 60 1000 19.208588957055216
103304 123739 105333 1623 163 30000 66000 33037.628 34937 35692 29021.975 2 60 1000 19.208588957055216
103284 124029 105541 1626 164 30000 66000 33048.055 35205 35941 29251.276 0 59 1000 19.20731707317073
103102 124198 105646 1636 164 30000 66000 33000.000 35466 36150 29438.686 1 59 1000 19.20731707317073
103318 124516 106181 1639 164 30000 66000 33010.453 35604 36412 29537.227 1 60 1000 19.20731707317073
103472 124796 106384 1646 164 30000 66000 33035.129 35905 36643 29776.184 1 60 1000 19.20731707317073
103677 122213 106861 1650 164 30000 66000 33007.059 35984 36714 29795.835 0 59 1000 19.20731707317073
104016 123281 107424 1653 165 30000 66000 33017.710 36156 37022 29970.546 2 59 1000 19.21212121212121
103780 127039 107420 1655 165 30000 66000 32939.645 36658 37464 30370.527 2 60 1000 19.21212121212121
104113 127369 108083 1660 166 30000 66000 32914.286 36902 37706 30625.751 1 58 1000 19.22289156626506
104004 127862 108221 1662 166 30000 66000 32921.241 37137 37962 30831.799 2 60 1000 19.22289156626506
104311 125329 108457 1662 166 30000 66000 32921.241 37132 38044 30946.126 0 59 1000 19.22289156626506
104187 128869 108796 1669 166 30000 66000 32945.848 37720 38500 31403.700 0 60 1000 19.22289156626506
104530 129167 109186 1673 167 30000 66000 32960.097 37960 38715 31545.617 1 60 1000 19.239520958083833
104815 129881 109687 1673 167 30000 66000 32960.097 38207 38949 31777.534 1 59 1000 19.239520958083833
105030 127454 110255 1676 167 30000 66000 32970.874 38184 39063 31928.418 0 60 1000 19.239520958083833
105151 127867 110405 1679 167 30000 66000 32981.730 38550 39303 32185.873 0 60 1000 19.239520958083833
105017 128564 110499 1683 168 30000 66000 32996.328 38794 39607 32442.877 0 60 1000 19.267857142857142
104979 132667 110612 1689 168 30000 66000 33018.496 39270 40044 32815.036 2 60 1000 19.267857142857142
105040 130115 110709 1691 168 30000 66000 33025.958 39364 40126 32861.296 0 58 1000 19.267857142857142
104573 130223 110501 1694 169 30000 66000 33037.221 39598 40377 33068.789 1 56 1000 19.28994082840237
104467 130601 110604 1697 169 30000 66000 33048.568 39848 40632 33315.109 1 57 1000 19.28994082840237
105067 134849 111479 1699 169 30000 66000 33056.180 40324 41102 33755.350 2 58 1000 19.28994082840237
105459 135555 111973 1703 169 30000 66000 33071.518 40620 41417 34037.816 0 60 1000 19.28994082840237
