17 0 0 2 0 30000 66000 39007.206 533 533 15266.500 16 16 1 0.0
18 0 0 4 0 30000 66000 39014.423 534 534 15133.500 15 15 1 0.0
21 0 0 4 0 30000 66000 38812.500 534 538 401.500 0 17 2 0.0
26 0 0 5 1 30000 66000 38816.032 534 542 6429.200 0 19 2 21.0
28 0 0 5 1 30000 66000 38816.032 534 545 537.400 0 21 2 21.0
30 0 0 8 1 30000 66000 38826.645 528 549 11584.875 0 22 2 21.0
35 0 0 10 1 30000 66000 38833.735 528 553 6267.700 0 24 2 21.0
41 0 0 11 2 30000 66000 38837.284 528 554 2970.364 0 25 2 22.0
44 0 0 13 2 30000 66000 38844.391 528 556 4862.000 0 25 2 22.0
47 0 0 13 2 30000 66000 38800.965 528 555 287.769 0 26 2 22.0
52 0 0 14 3 30000 66000 38804.505 528 557 2410.357 0 26 2 19.666666666666668
57 0 0 15 3 30000 66000 38764.588 522 557 2284.733 0 26 3 19.666666666666668
62 0 0 16 3 30000 66000 38768.116 522 556 2141.875 0 25 3 19.666666666666668
63 0 0 18 4 30000 66000 38775.181 522 559 3600.500 0 25 3 20.0
69 0 0 19 4 30000 66000 38778.718 522 561 1832.053 0 27 3 20.0
77 0 0 20 4 30000 66000 38782.258 516 561 1740.450 0 27 3 20.0
82 0 0 23 4 30000 66000 38792.895 516 563 4121.783 0 27 3 20.0
85 0 0 24 5 30000 66000 38796.446 516 564 1450.250 0 26 3 20.8
94 0 0 26 5 30000 66000 38803.557 516 565 2492.538 0 27 4 20.8
91 0 0 27 5 30000 66000 38807.117 510 566 1289.037 0 25 4 20.8
93 0 0 27 5 30000 66000 38807.117 514 565 177.667 0 25 4 20.8
97 0 0 27 5 30000 66000 38807.117 516 565 197.370 0 24 4 20.8
103 0 0 28 6 30000 66000 38810.680 514 567 1280.250 0 25 4 19.5
108 0 0 29 6 30000 66000 38814.245 516 567 1236.310 0 24 4 19.5
108 0 0 30 6 30000 66000 38774.089 516 569 1212.167 0 22 4 19.5
111 0 0 31 6 30000 66000 38777.643 510 568 1173.097 0 22 4 19.5
114 0 0 33 7 30000 66000 38784.759 510 570 2044.121 0 23 4 17.428571428571427
114 0 0 34 7 30000 66000 38788.321 510 570 1101.618 0 22 4 17.428571428571427
117 0 0 35 7 30000 66000 38791.886 510 571 1070.429 0 22 4 17.428571428571427
124 0 0 38 7 30000 66000 38802.600 504 573 2564.684 0 23 4 17.428571428571427
133 0 0 39 8 30000 66000 38806.176 504 574 960.641 0 23 5 18.125
133 0 0 40 8 30000 66000 38809.756 504 574 936.700 0 23 5 18.125
141 0 0 42 8 30000 66000 38816.924 504 576 1606.667 0 22 5 18.125
151 0 0 42 8 30000 66000 38816.924 498 577 177.881 0 22 5 18.125
160 6 2 42 9 30000 66000 38816.924 502 576 178.119 0 22 5 16.555555555555557
171 15 5 43 9 30000 66000 38805.861 500 577 896.372 0 22 6 16.555555555555557
179 15 6 46 9 30000 66000 38816.626 504 579 2142.674 0 23 6 16.555555555555557
187 18 7 46 9 30000 66000 38816.626 504 579 197.717 0 22 6 16.555555555555557
192 21 9 48 10 30000 66000 38823.817 504 578 1450.458 0 22 6 16.7
192 21 9 50 10 30000 66000 38831.020 503 578 1403.540 0 22 7 16.7
199 18 8 52 10 30000 66000 38838.235 505 581 1359.615 0 20 6 16.7
204 24 11 53 10 30000 66000 38841.847 505 580 768.245 0 20 7 16.7
214 24 11 53 11 30000 66000 38841.847 505 581 201.962 0 20 7 16.272727272727273
219 21 10 54 11 30000 66000 38845.462 505 581 753.852 0 20 7 16.272727272727273
226 21 10 54 11 30000 66000 38845.462 507 582 198.463 0 21 7 16.272727272727273
232 21 10 54 12 30000 66000 38845.462 509 582 198.667 0 20 7 15.75
244 21 11 54 12 30000 66000 38845.462 508 584 198.667 0 21 8 15.75
258 21 12 55 12 30000 66000 38849.080 510 584 740.727 0 21 8 15.75
268 21 12 55 12 30000 66000 38849.080 509 586 205.218 0 22 9 15.75
272 21 12 56 13 30000 66000 38764.321 509 586 746.536 0 22 9 16.307692307692307
279 21 12 56 13 30000 66000 38690.671 508 588 220.661 0 23 9 16.307692307692307
283 24 13 57 13 30000 66000 38694.228 509 588 753.070 0 22 9 16.307692307692307
289 24 14 57 13 30000 66000 38650.020 503 588 235.807 0 22 9 16.307692307692307
307 27 16 58 14 30000 66000 38594.595 503 588 758.379 0 22 10 15.928571428571429
326 30 18 60 14 30000 66000 38601.639 503 590 1233.717 0 23 10 15.928571428571429
336 30 19 62 15 30000 66000 38608.696 503 592 1194.065 0 23 10 15.933333333333334
351 33 21 62 15 30000 66000 38608.696 497 591 226.532 0 21 11 15.933333333333334
374 33 21 62 15 30000 66000 38608.696 497 594 226.726 0 22 11 15.933333333333334
385 33 22 62 15 30000 66000 38608.696 497 594 227.032 0 22 12 15.933333333333334
394 33 21 63 15 30000 66000 38612.228 497 595 699.952 0 22 12 15.933333333333334
418 36 24 63 16 30000 66000 38612.228 492 595 223.889 0 22 12 15.8125
417 36 23 64 16 30000 66000 38615.764 496 597 689.391 0 22 13 15.8125
426 36 22 65 16 30000 66000 38619.302 498 597 695.769 0 22 13 15.8125
440 33 21 66 17 30000 66000 38608.053 495 599 701.970 0 23 13 15.411764705882353
466 36 22 67 17 30000 66000 38596.794 499 599 691.896 0 22 14 15.411764705882353
466 39 23 67 17 30000 66000 38596.794 499 599 251.731 0 22 14 15.411764705882353
467 39 23 69 17 30000 66000 38603.867 499 601 1114.261 0 22 14 15.411764705882353
479 37 25 71 18 30000 66000 38610.951 499 602 1083.099 0 21 14 15.333333333333334
502 41 29 71 18 30000 66000 38610.951 494 605 254.099 0 22 15 15.333333333333334
517 45 41 72 18 30000 66000 38614.498 494 603 674.736 0 22 16 15.333333333333334
531 43 42 73 19 30000 66000 38618.047 494 605 665.808 0 20 16 15.421052631578947
539 46 45 74 19 30000 66000 38621.599 494 604 657.027 0 17 16 15.421052631578947
560 46 41 75 19 30000 66000 38595.464 489 607 655.760 0 18 16 15.421052631578947
566 46 44 75 19 30000 66000 38595.464 489 609 256.160 0 17 17 15.421052631578947
590 47 49 78 20 30000 66000 38606.111 489 610 1400.500 0 17 18 15.6
582 50 52 79 20 30000 66000 38609.665 489 611 623.544 0 17 18 15.6
599 54 62 79 20 30000 66000 38609.665 484 610 244.203 0 17 18 15.6
597 54 61 80 20 30000 66000 38613.223 486 612 623.225 0 17 18 15.6
615 61 70 80 21 30000 66000 38613.223 488 612 262.612 0 18 18 15.523809523809524
637 61 70 80 21 30000 66000 38613.223 488 614 269.925 0 18 19 15.523809523809524
651 64 72 80 21 30000 66000 38613.223 490 614 270.275 0 19 19 15.523809523809524
670 65 79 81 21 30000 66000 38616.784 492 616 637.802 0 20 20 15.523809523809524
686 68 81 81 22 30000 66000 38616.784 492 618 267.889 0 19 20 15.090909090909092
700 66 79 81 22 30000 66000 38616.784 492 617 268.123 0 19 21 15.090909090909092
717 69 80 83 22 30000 66000 38534.547 494 620 991.470 0 19 21 15.090909090909092
724 72 80 83 22 30000 66000 38519.652 495 618 268.976 0 19 21 15.090909090909092
745 85 88 85 23 30000 66000 38526.708 495 621 969.012 0 19 22 14.869565217391305
768 80 89 86 23 30000 66000 38500.414 495 621 621.174 0 20 22 14.869565217391305
792 98 105 87 23 30000 66000 38503.937 495 623 620.828 0 19 23 14.869565217391305
811 102 110 88 23 30000 66000 38507.463 495 623 614.284 0 20 24 14.869565217391305
826 111 117 88 24 30000 66000 38507.463 490 626 273.591 0 21 25 14.791666666666666
844 111 117 89 24 30000 66000 38510.991 490 626 608.067 0 20 25 14.791666666666666
871 114 123 90 24 30000 66000 38514.523 490 629 601.700 0 20 26 14.791666666666666
874 117 124 90 25 30000 66000 38514.523 490 629 269.044 0 20 26 14.68
886 126 132 90 25 30000 66000 38514.523 485 628 269.478 0 20 26 14.68
917 128 137 93 25 30000 66000 38525.135 485 631 1228.871 0 20 26 14.68
952 149 146 94 25 30000 66000 38528.678 485 631 583.979 0 20 28 14.68
985 147 149 95 26 30000 66000 38532.225 485 633 584.253 0 21 29 14.846153846153847
1013 156 152 95 26 30000 66000 38517.256 480 636 269.063 0 22 30 14.846153846153847
1054 164 163 96 26 30000 66000 38520.799 486 636 579.448 0 22 31 14.846153846153847
1090 183 179 98 26 30000 66000 38482.931 488 639 885.449 0 22 32 14.846153846153847
1137 198 189 100 27 30000 66000 38460.000 489 641 873.700 0 23 33 15.074074074074074
1144 219 203 101 27 30000 66000 38463.526 491 641 579.277 0 22 33 15.074074074074074
1167 232 211 104 27 30000 66000 38459.098 491 639 1145.510 0 22 34 15.074074074074074
1201 242 222 104 27 30000 66000 38459.098 491 642 280.558 0 22 35 15.074074074074074
1226 254 235 108 27 30000 66000 38473.244 493 645 1381.935 0 23 36 15.074074074074074
1233 270 237 111 28 30000 66000 38483.884 495 648 1075.036 0 23 37 15.0
1264 282 254 112 28 30000 66000 38472.362 497 646 534.982 0 24 37 15.0
1294 289 240 114 29 30000 66000 38479.464 497 648 789.518 0 24 38 15.206896551724139
1310 283 242 116 29 30000 66000 38486.577 500 650 781.095 0 25 39 15.206896551724139
1350 311 267 118 29 30000 66000 38493.703 500 653 768.432 0 25 39 15.206896551724139
1355 321 271 118 29 30000 66000 38493.703 501 653 265.559 0 24 39 15.206896551724139
1393 332 281 118 30 30000 66000 38493.703 503 655 270.915 0 25 39 15.4
1444 351 304 119 30 30000 66000 38497.270 504 655 530.571 0 25 41 15.4
1480 363 311 120 30 30000 66000 38500.840 507 658 531.283 0 26 43 15.4
1499 378 319 123 31 30000 66000 38511.569 507 657 1006.829 0 25 43 15.580645161290322
1532 413 333 123 31 30000 66000 38511.569 510 660 276.179 0 26 44 15.580645161290322
1575 436 359 124 31 30000 66000 38515.152 512 662 520.831 0 27 45 15.580645161290322
1609 451 371 125 31 30000 66000 38518.737 513 664 522.360 0 27 46 15.580645161290322
1636 464 377 126 32 30000 66000 38507.161 515 666 523.214 0 28 48 15.40625
1685 488 409 126 32 30000 66000 38507.161 516 669 290.738 0 28 48 15.40625
1721 507 434 127 32 30000 66000 38510.746 518 669 525.512 0 29 49 15.40625
1756 509 433 127 32 30000 66000 38495.575 520 671 294.228 0 29 50 15.40625
1770 534 458 129 33 30000 66000 38472.375 521 674 755.504 0 29 52 15.393939393939394
1809 548 480 130 33 30000 66000 38475.949 523 672 523.954 0 30 52 15.393939393939394
1833 556 486 132 33 30000 66000 38483.108 525 677 748.311 0 29 53 15.393939393939394
1888 581 498 132 34 30000 66000 38452.703 528 679 298.886 0 31 54 15.617647058823529
1937 597 526 133 34 30000 66000 38456.274 529 681 527.316 0 29 55 15.617647058823529
1967 612 537 134 34 30000 66000 38459.848 530 683 524.851 0 30 56 15.617647058823529
2008 638 557 136 35 30000 66000 38467.005 525 686 738.515 0 30 57 15.657142857142857
2042 652 570 138 35 30000 66000 38474.174 525 687 728.928 0 31 60 15.657142857142857
2082 668 583 138 35 30000 66000 38397.968 525 690 303.536 0 31 58 15.657142857142857
2147 685 601 138 35 30000 66000 38397.968 524 691 304.326 0 32 63 15.657142857142857
2195 709 633 139 36 30000 66000 38401.525 519 694 518.986 0 32 63 15.527777777777779
2235 740 668 141 36 30000 66000 38408.648 521 697 725.397 0 34 65 15.527777777777779
2325 761 692 141 36 30000 66000 38408.648 523 700 305.007 0 34 65 15.527777777777779
2388 779 706 141 37 30000 66000 38408.648 525 700 310.787 0 34 68 15.27027027027027
2429 780 711 143 37 30000 66000 38385.235 528 705 735.741 0 35 69 15.27027027027027
2491 787 728 145 37 30000 66000 38346.497 531 708 726.800 0 35 73 15.27027027027027
2553 793 730 145 37 30000 66000 38315.924 534 709 318.503 0 35 74 15.27027027027027
2613 800 735 145 38 30000 66000 38315.924 537 714 319.869 0 36 75 15.368421052631579
2648 808 751 146 38 30000 66000 38319.456 539 713 528.616 0 37 77 15.368421052631579
2707 871 803 147 38 30000 66000 38322.992 540 717 539.272 0 37 77 15.368421052631579
2795 894 824 149 38 30000 66000 38268.822 544 719 743.282 0 38 80 15.368421052631579
2836 909 842 152 39 30000 66000 38279.387 546 721 931.112 0 39 81 15.58974358974359
2904 941 875 154 39 30000 66000 38286.445 549 727 729.838 0 38 83 15.58974358974359
2945 940 877 154 39 30000 66000 38286.445 552 727 341.247 0 39 86 15.58974358974359
3019 950 881 156 40 30000 66000 38293.515 555 729 727.359 0 38 86 15.45
3076 994 901 158 40 30000 66000 38269.855 555 732 723.627 0 38 89 15.45
3155 1009 926 159 40 30000 66000 38227.253 555 737 535.667 0 36 90 15.45
3212 1054 956 159 40 30000 66000 38227.253 555 741 352.730 0 38 90 15.45
3296 1084 990 160 41 30000 66000 38153.846 549 743 546.862 0 38 96 15.365853658536585
3373 1129 996 162 41 30000 66000 38130.026 549 746 731.235 0 38 95 15.365853658536585
3467 1152 1014 162 41 30000 66000 38130.026 549 751 366.377 0 40 97 15.365853658536585
3550 1164 1031 163 42 30000 66000 38133.504 553 754 549.344 0 40 99 15.357142857142858
3640 1190 1074 166 42 30000 66000 38143.959 555 757 906.084 0 40 102 15.357142857142858
3694 1231 1083 166 42 30000 66000 38143.959 559 762 370.048 0 41 105 15.357142857142858
3771 1242 1109 170 43 30000 66000 38157.940 562 764 1072.724 0 41 105 15.44186046511628
3896 1299 1156 170 43 30000 66000 38127.039 565 767 376.435 0 41 110 15.44186046511628
4009 1359 1212 170 43 30000 66000 38080.687 567 770 389.565 0 41 112 15.44186046511628
4087 1378 1221 172 44 30000 66000 38087.629 567 774 735.797 0 41 116 15.454545454545455
4194 1441 1292 173 44 30000 66000 38091.104 567 776 560.064 0 43 120 15.454545454545455
4284 1475 1304 176 44 30000 66000 38086.059 561 784 897.881 0 43 120 15.454545454545455
4383 1525 1356 179 44 30000 66000 38096.510 561 785 885.134 0 41 128 15.454545454545455
4449 1575 1437 183 45 30000 66000 38110.488 565 790 1038.907 0 42 129 15.577777777777778
4533 1576 1469 183 45 30000 66000 38110.488 567 792 388.322 0 42 129 15.577777777777778
4654 1653 1533 185 45 30000 66000 38117.495 571 798 711.054 0 43 130 15.577777777777778
4782 1662 1561 186 46 30000 66000 38121.003 575 800 547.511 0 44 136 15.717391304347826
4916 1771 1613 187 46 30000 66000 38124.514 581 805 551.107 0 46 140 15.717391304347826
4993 1800 1649 188 46 30000 66000 38081.315 583 809 560.149 0 47 142 15.717391304347826
5067 1842 1684 191 47 30000 66000 38091.815 587 813 871.398 0 47 148 15.76595744680851
5136 1934 1747 191 47 30000 66000 38091.815 593 816 405.791 0 48 150 15.76595744680851
5255 1957 1750 193 47 30000 66000 38098.830 596 824 718.440 0 47 150 15.76595744680851
5410 2091 1847 194 47 30000 66000 38102.342 600 827 566.175 0 48 153 15.76595744680851
5542 2180 1943 195 47 30000 66000 38090.239 604 832 576.964 0 49 157 15.76595744680851
5646 2284 2006 198 48 30000 66000 38100.782 611 834 873.803 0 49 160 15.833333333333334
5755 2342 2032 199 48 30000 66000 38104.302 614 839 577.568 0 49 163 15.833333333333334
5905 2441 2093 200 48 30000 66000 38092.174 619 847 577.180 0 48 165 15.833333333333334
6018 2519 2132 203 49 30000 66000 38102.743 623 846 866.793 0 50 172 15.83673469387755
6171 2608 2233 207 49 30000 66000 38116.877 628 855 1008.053 0 47 178 15.83673469387755
6324 2723 2293 208 49 30000 66000 38089.005 635 859 576.750 0 48 180 15.83673469387755
6491 2798 2362 211 50 30000 66000 38052.425 639 866 862.445 0 49 184 16.0
6667 2930 2482 211 50 30000 66000 38052.425 643 868 439.038 0 50 189 16.0
6820 3102 2609 215 50 30000 66000 38066.521 651 875 996.079 0 51 198 16.0
6961 3122 2666 217 50 30000 66000 38073.587 654 883 712.447 0 52 194 16.0
7125 3222 2744 217 50 30000 66000 38042.050 654 886 442.171 0 54 206 16.0
7236 3307 2793 221 51 30000 66000 38056.165 654 894 987.647 0 54 205 16.058823529411764
7392 3353 2883 223 51 30000 66000 38063.241 654 898 715.404 0 54 206 16.058823529411764
7574 3514 3028 224 51 30000 66000 38066.784 647 905 586.116 0 57 214 16.058823529411764
7742 3641 3122 227 51 30000 66000 38077.431 662 912 855.824 0 58 219 16.058823529411764
7911 3756 3208 228 52 30000 66000 38080.986 668 916 595.798 0 57 224 16.01923076923077
7995 3836 3269 230 52 30000 66000 38088.106 674 926 731.335 0 57 226 16.01923076923077
8169 3849 3301 234 52 30000 66000 38102.383 678 929 984.987 0 58 236 16.01923076923077
8380 3944 3389 237 53 30000 66000 38113.124 680 936 852.789 0 58 237 16.0188679245283
8592 4095 3450 238 53 30000 66000 38116.711 680 945 602.315 0 60 244 16.0188679245283
8796 4107 3538 239 53 30000 66000 38072.534 680 950 609.770 0 57 249 16.0188679245283
9003 4249 3634 239 53 30000 66000 38056.612 686 959 496.029 0 58 255 16.0188679245283
9232 4353 3779 241 54 30000 66000 38063.745 692 968 752.340 0 60 257 16.074074074074073
9466 4376 3845 241 54 30000 66000 38031.873 698 972 512.967 0 59 268 16.074074074074073
9697 4516 3931 247 54 30000 66000 37989.348 708 983 1245.182 0 62 270 16.074074074074073
9887 4558 3985 248 54 30000 66000 37960.924 714 989 644.931 0 64 282 16.074074074074073
10087 4695 4108 250 55 30000 66000 37968.000 721 996 771.712 0 64 285 16.163636363636364
10307 4767 4141 250 55 30000 66000 37968.000 730 1007 543.320 0 66 298 16.163636363636364
10556 4942 4213 251 55 30000 66000 37971.543 741 1018 677.498 0 65 295 16.163636363636364
10786 5363 4294 252 56 30000 66000 37943.060 747 1022 685.349 0 65 305 15.982142857142858
11043 5572 4373 256 56 30000 66000 37860.963 758 1031 1036.418 0 68 319 15.982142857142858
11277 5677 4453 257 56 30000 66000 37848.417 767 1042 691.214 0 67 319 15.982142857142858
11501 5689 4524 258 56 30000 66000 37803.747 773 1051 702.442 0 69 325 15.982142857142858
11768 5909 4659 262 57 30000 66000 37817.694 787 1059 1046.000 0 72 335 16.05263157894737
12022 6019 4727 264 57 30000 66000 37808.587 793 1069 826.530 0 71 342 16.05263157894737
12253 6164 4903 266 57 30000 66000 37815.577 805 1079 836.707 0 70 346 16.05263157894737
12587 6396 5113 272 58 30000 66000 37820.467 812 1085 1275.268 0 72 363 16.086206896551722
12925 6535 5242 275 58 30000 66000 37831.011 813 1092 949.105 0 73 358 16.086206896551722
13200 6571 5338 278 58 30000 66000 37841.584 813 1102 946.356 0 73 368 16.086206896551722
13379 6730 5461 280 59 30000 66000 37848.649 821 1114 838.525 0 74 378 16.033898305084747
13633 6861 5535 281 59 30000 66000 37852.186 829 1124 741.520 0 73 385 16.033898305084747
13931 7193 5672 283 59 30000 66000 37859.269 841 1137 864.336 0 74 394 16.033898305084747
14232 7355 5805 287 59 30000 66000 37840.940 853 1144 1071.484 0 77 411 16.033898305084747
14546 7446 5989 288 60 30000 66000 37828.210 861 1152 763.115 0 77 411 16.1
14869 7533 6076 289 60 30000 66000 37831.750 870 1161 777.149 0 79 413 16.1
15266 7785 6214 289 60 30000 66000 37831.750 882 1174 684.045 0 79 431 16.1
15574 8058 6363 291 61 30000 66000 37806.247 898 1192 904.973 0 82 450 16.081967213114755
15964 8142 6520 291 61 30000 66000 37773.653 906 1200 714.216 0 82 453 16.081967213114755
16202 8299 6617 294 61 30000 66000 37702.629 914 1205 1027.065 0 80 458 16.081967213114755
16496 8606 6781 297 61 30000 66000 37680.436 929 1219 1029.458 0 80 466 16.081967213114755
16895 8721 6971 302 62 30000 66000 37697.907 937 1227 1223.464 0 82 487 16.048387096774192
17285 9117 7242 307 62 30000 66000 37666.211 952 1247 1223.264 0 80 481 16.048387096774192
17750 9355 7463 313 62 30000 66000 37654.321 967 1255 1310.358 0 82 502 16.048387096774192
18157 9475 7647 316 63 30000 66000 37664.835 973 1265 1022.459 1 82 524 16.07936507936508
18617 9919 7865 319 63 30000 66000 37576.341 992 1287 1037.978 0 81 526 16.07936507936508
19099 10046 8137 322 63 30000 66000 37570.248 998 1295 1041.193 0 81 530 16.07936507936508
19531 10536 8382 325 63 30000 66000 37580.690 1017 1313 1049.849 0 82 551 16.07936507936508
19949 10728 8595 327 64 30000 66000 37587.667 1030 1317 968.199 2 85 567 16.140625
20324 10990 8796 333 64 30000 66000 37542.224 1030 1337 1333.928 0 84 574 16.140625
20657 11440 8996 336 64 30000 66000 37552.680 1040 1355 1070.476 1 85 583 16.140625
21205 11831 9310 338 64 30000 66000 37559.667 1058 1367 999.263 0 89 600 16.140625
21608 12115 9510 342 65 30000 66000 37573.679 1073 1387 1173.231 1 85 610 16.26153846153846
22091 12417 9715 343 65 30000 66000 37443.672 1091 1399 932.117 0 86 628 16.26153846153846
22624 13042 10081 345 66 30000 66000 37400.464 1104 1417 1028.075 2 88 642 16.166666666666668
23166 13245 10404 349 66 30000 66000 37347.280 1124 1434 1209.885 0 90 657 16.166666666666668
23616 13581 10714 357 66 30000 66000 37357.909 1137 1451 1533.759 0 89 682 16.166666666666668
24202 14188 11065 360 66 30000 66000 37368.224 1160 1458 1130.006 0 94 686 16.166666666666668
24722 14406 11391 364 67 30000 66000 37382.022 1171 1480 1219.407 0 92 698 16.223880597014926
25291 15004 11660 368 67 30000 66000 37395.872 1197 1506 1232.198 0 94 714 16.223880597014926
25897 15493 12033 376 67 30000 66000 37406.780 1214 1523 1547.856 0 96 719 16.223880597014926
26500 15912 12353 379 67 30000 66000 37349.364 1232 1549 1160.203 0 97 748 16.223880597014926
27168 16174 12775 385 68 30000 66000 37353.191 1252 1562 1389.299 0 97 767 16.264705882352942
27719 16624 13048 388 68 30000 66000 37278.409 1274 1583 1171.441 0 99 782 16.264705882352942
28307 17285 13389 392 68 30000 66000 37292.220 1300 1610 1265.263 2 100 805 16.264705882352942
29166 17808 13987 396 69 30000 66000 37306.084 1324 1640 1281.735 1 102 806 16.27536231884058
29890 18101 14490 398 69 30000 66000 37261.656 1338 1656 1146.161 0 100 830 16.27536231884058
30554 18859 14823 401 69 30000 66000 37237.732 1368 1680 1243.875 2 103 862 16.27536231884058
31191 19046 15133 405 69 30000 66000 37182.816 1390 1704 1331.798 0 103 880 16.27536231884058
31943 19829 15572 408 70 30000 66000 37107.075 1418 1730 1280.431 0 105 901 16.37142857142857
32692 20425 16090 410 70 30000 66000 37113.876 1449 1750 1229.922 2 107 927 16.37142857142857
33529 20699 16529 417 70 30000 66000 37120.499 1466 1776 1597.261 0 108 930 16.37142857142857
34339 21684 17015 422 71 30000 66000 37120.308 1506 1813 1472.147 3 109 969 16.464788732394368
35126 22239 17465 429 71 30000 66000 37074.843 1517 1850 1622.685 0 110 991 16.464788732394368
35912 22515 17919 440 71 30000 66000 37112.621 1545 1869 1880.705 3 112 1000 16.464788732394368
36546 23263 18370 443 72 30000 66000 37052.990 1573 1897 1361.549 2 115 1000 16.40277777777778
37396 24197 18840 445 72 30000 66000 37059.854 1617 1936 1328.903 2 117 1000 16.40277777777778
38133 24334 19271 451 72 30000 66000 37080.527 1641 1959 1607.419 0 119 1000 16.40277777777778
38878 24982 19789 455 72 30000 66000 37059.169 1665 1996 1494.716 1 115 1000 16.40277777777778
39565 25558 20218 460 73 30000 66000 37005.882 1703 2024 1579.924 0 118 1000 16.356164383561644
40233 26116 20761 462 73 30000 66000 37012.758 1735 2043 1411.422 3 123 1000 16.356164383561644
40850 26590 21153 468 74 30000 66000 37033.465 1759 2088 1687.143 2 119 1000 16.45945945945946
41417 27437 21572 470 74 30000 66000 37022.660 1805 2129 1468.855 2 122 1000 16.45945945945946
42231 27992 22106 479 74 30000 66000 37053.934 1841 2157 1917.599 2 124 1000 16.45945945945946
42891 28546 22506 482 74 30000 66000 36993.062 1868 2198 1570.654 3 119 1000 16.45945945945946
43573 29094 23069 487 75 30000 66000 37010.432 1893 2213 1708.025 0 120 1000 16.426666666666666
44031 29544 23481 490 75 30000 66000 36967.164 1921 2251 1608.839 0 117 1000 16.426666666666666
44636 30584 24009 497 75 30000 66000 36991.513 1968 2286 1865.485 5 121 1000 16.426666666666666
45187 30558 24418 499 75 30000 66000 36998.501 1980 2310 1588.242 1 117 1000 16.426666666666666
45939 31171 25069 503 76 30000 66000 37012.519 2015 2340 1734.320 0 118 1000 16.394736842105264
46418 31386 25301 506 76 30000 66000 37023.069 2026 2378 1697.664 1 115 1000 16.394736842105264
46985 32445 25771 510 76 30000 66000 37001.005 2076 2422 1792.647 4 118 1000 16.394736842105264
47666 32419 26199 515 77 30000 66000 36982.368 2096 2449 1864.934 0 117 1000 16.454545454545453
48183 32902 26667 518 77 30000 66000 36974.773 2136 2482 1774.689 1 118 1000 16.454545454545453
48742 34016 27174 521 77 30000 66000 36985.346 2183 2521 1816.950 1 117 1000 16.454545454545453
49346 34519 27707 525 77 30000 66000 36926.582 2214 2563 1901.373 0 118 1000 16.454545454545453
50003 35003 28246 532 78 30000 66000 36951.220 2236 2584 2073.776 0 117 1000 16.41025641025641
50798 35665 28964 538 78 30000 66000 36972.477 2271 2612 2038.740 1 118 1000 16.41025641025641
51132 36799 29348 542 78 30000 66000 36986.721 2326 2671 1967.517 4 119 1000 16.41025641025641
51568 36562 29740 546 78 30000 66000 37001.024 2356 2692 1986.011 1 119 1000 16.41025641025641
51963 36869 30044 549 79 30000 66000 36956.433 2389 2729 1964.874 1 118 1000 16.40506329113924
52607 38013 30642 552 79 30000 66000 36967.146 2447 2791 2011.413 2 121 1000 16.40506329113924
53052 38528 31054 554 79 30000 66000 36974.306 2480 2829 1996.238 2 119 1000 16.40506329113924
53551 38498 31492 555 80 30000 66000 36940.874 2491 2851 1973.068 0 116 1000 16.35
54274 39885 32324 558 80 30000 66000 36858.908 2561 2912 2131.294 0 118 1000 16.35
54520 40254 32523 561 80 30000 66000 36869.520 2599 2956 2164.200 1 118 1000 16.35
55073 40808 32986 565 80 30000 66000 36827.907 2641 3000 2250.899 1 119 1000 16.35
55655 41335 33492 572 81 30000 66000 36852.697 2680 3035 2430.551 2 119 1000 16.419753086419753
55911 41890 33832 574 81 30000 66000 36859.813 2725 3072 2211.078 2 117 1000 16.419753086419753
56540 41728 34385 579 81 30000 66000 36858.928 2743 3089 2383.753 1 117 1000 16.419753086419753
57020 43213 35072 583 81 30000 66000 36873.239 2817 3159 2380.055 4 119 1000 16.419753086419753
57530 42901 35459 587 82 30000 66000 36887.611 2831 3190 2400.567 1 114 1000 16.48780487804878
57730 44214 35892 592 82 30000 66000 36886.792 2891 3253 2496.032 3 116 1000 16.48780487804878
58180 43992 36419 597 82 30000 66000 36867.052 2912 3277 2511.199 0 116 1000 16.48780487804878
58692 44630 36967 603 82 30000 66000 36888.772 2926 3301 2581.289 0 117 1000 16.48780487804878
59268 46145 37664 605 83 30000 66000 36801.055 2982 3385 2444.121 0 115 1000 16.46987951807229
59506 46648 38009 615 83 30000 66000 36837.135 3040 3419 2843.712 2 116 1000 16.46987951807229
59997 46204 38461 619 83 30000 66000 36794.258 3053 3441 2571.305 0 112 1000 16.46987951807229
60226 47513 38853 622 84 30000 66000 36805.112 3115 3510 2557.235 3 113 1000 16.464285714285715
60916 48009 39583 626 84 30000 66000 36800.427 3160 3554 2641.789 2 114 1000 16.464285714285715
61241 47545 40001 632 84 30000 66000 36764.454 3190 3568 2748.973 1 115 1000 16.464285714285715
61857 48063 40570 637 85 30000 66000 36782.609 3235 3630 2735.303 2 112 1000 16.55294117647059
62392 49609 41360 643 85 30000 66000 36726.979 3301 3690 2829.507 3 115 1000 16.55294117647059
62584 49106 41744 648 85 30000 66000 36706.263 3317 3714 2799.514 0 112 1000 16.55294117647059
62883 49585 42231 651 86 30000 66000 36678.204 3379 3776 2751.307 0 111 1000 16.6046511627907
63202 50222 42594 654 86 30000 66000 36689.057 3426 3819 2792.913 3 113 1000 16.6046511627907
63780 51839 43315 659 86 30000 66000 36707.224 3507 3898 2939.561 3 113 1000 16.6046511627907
64233 52271 43827 661 87 30000 66000 36714.519 3554 3939 2854.368 1 109 1000 16.64367816091954
64531 52872 44412 667 87 30000 66000 36736.498 3615 3992 3069.459 3 112 1000 16.64367816091954
64736 52212 44697 671 87 30000 66000 36731.547 3617 4038 3002.101 0 109 1000 16.64367816091954
65362 53974 45546 680 88 30000 66000 36764.835 3707 4103 3254.993 4 111 1000 16.704545454545453
65686 54312 46014 683 88 30000 66000 36776.004 3743 4163 3038.088 1 110 1000 16.704545454545453
66128 54757 46541 685 88 30000 66000 36783.471 3815 4219 3046.540 2 114 1000 16.704545454545453
66424 55245 46966 687 89 30000 66000 36731.384 3853 4272 3100.627 0 111 1000 16.764044943820224
66596 54589 47126 691 89 30000 66000 36746.269 3872 4290 3192.673 1 109 1000 16.764044943820224
67050 55196 47603 693 89 30000 66000 36733.813 3939 4343 3160.583 0 110 1000 16.764044943820224
67665 57017 48312 698 89 30000 66000 36692.564 4025 4450 3341.357 4 113 1000 16.764044943820224
67930 56756 48872 700 90 30000 66000 36680.000 4045 4452 3245.413 0 108 1000 16.733333333333334
68270 58396 49399 706 90 30000 66000 36702.341 4125 4537 3468.473 3 109 1000 16.733333333333334
68556 57668 49661 712 90 30000 66000 36664.430 4145 4571 3482.239 0 104 1000 16.733333333333334
69085 59457 50318 713 91 30000 66000 36668.159 4242 4645 3350.541 3 107 1000 16.747252747252748
69366 59903 50858 719 91 30000 66000 36670.410 4300 4717 3597.666 1 106 1000 16.747252747252748
69655 59199 51144 721 91 30000 66000 36677.909 4321 4730 3465.433 1 107 1000 16.747252747252748
69880 60745 51515 725 91 30000 66000 36692.958 4422 4836 3623.714 1 109 1000 16.747252747252748
70106 59968 51854 726 92 30000 66000 36635.851 4439 4860 3539.646 1 107 1000 16.804347826086957
70414 60281 52073 730 92 30000 66000 36589.831 4491 4916 3710.499 2 107 1000 16.804347826086957
70680 60712 52530 734 92 30000 66000 36543.601 4549 4968 3759.948 2 105 1000 16.804347826086957
71111 61340 53028 737 93 30000 66000 36513.897 4615 5027 3778.084 2 105 1000 16.827956989247312
71614 63097 53761 740 93 30000 66000 36525.000 4716 5122 3862.626 4 105 1000 16.827956989247312
71938 63624 54260 743 93 30000 66000 36536.141 4766 5192 3920.374 2 104 1000 16.827956989247312
72352 62902 54798 744 93 30000 66000 36498.861 4803 5237 3881.582 1 106 1000 16.827956989247312
73017 65189 55680 748 94 30000 66000 36472.603 4922 5320 4089.576 4 110 1000 16.893617021276597
73287 64271 55846 750 94 30000 66000 36480.000 4930 5357 4045.584 0 106 1000 16.893617021276597
73705 64791 56300 761 94 30000 66000 36520.989 5012 5426 4414.233 3 108 1000 16.893617021276597
74079 66520 56883 762 94 30000 66000 36524.741 5094 5516 4119.906 3 106 1000 16.893617021276597
74449 65825 57484 767 95 30000 66000 36418.927 5124 5541 4297.356 0 108 1000 16.905263157894737
74762 66137 57865 778 95 30000 66000 36439.024 5174 5616 4536.612 2 105 1000 16.905263157894737
74955 66583 58223 780 95 30000 66000 36425.581 5250 5697 4257.606 2 104 1000 16.905263157894737
75390 68084 58732 783 96 30000 66000 36436.808 5351 5779 4384.948 4 108 1000 16.947916666666668
75811 68530 59127 784 96 30000 66000 36440.559 5423 5856 4383.519 1 105 1000 16.947916666666668
76010 68962 59452 788 96 30000 66000 36392.523 5507 5931 4557.775 0 107 1000 16.947916666666668
76459 69479 60070 796 96 30000 66000 36401.408 5579 5991 4739.915 3 109 1000 16.947916666666668
76451 68380 60280 804 97 30000 66000 36410.377 5576 6043 4742.678 0 101 1000 16.95876288659794
76546 68724 60465 807 97 30000 66000 36379.209 5637 6089 4612.030 1 102 1000 16.95876288659794
76992 70546 61014 810 97 30000 66000 36390.533 5749 6209 4708.027 4 104 1000 16.95876288659794
77284 69619 61302 814 98 30000 66000 36384.342 5771 6233 4773.591 1 101 1000 17.03061224489796
77608 71619 61955 818 98 30000 66000 36356.718 5914 6354 4868.899 4 106 1000 17.03061224489796
77943 70525 62276 820 98 30000 66000 36364.286 5941 6387 4835.241 0 102 1000 17.03061224489796
77885 70648 62349 824 98 30000 66000 36315.036 5995 6460 4944.790 2 99 1000 17.03061224489796
78385 72702 63163 827 98 30000 66000 36326.360 6135 6564 5012.796 4 104 1000 17.03061224489796
78836 71791 63542 831 99 30000 66000 36255.243 6158 6602 5077.963 0 103 1000 17.060606060606062
79106 72041 63942 835 99 30000 66000 36183.784 6220 6666 5132.986 2 99 1000 17.060606060606062
78963 74001 64024 841 99 30000 66000 36206.148 6337 6787 5293.341 3 99 1000 17.060606060606062
79336 72876 64399 844 99 30000 66000 36195.652 6354 6829 5222.006 1 100 1000 17.060606060606062
79720 73409 64961 847 100 30000 66000 36185.118 6441 6910 5294.955 2 100 1000 17.1
79952 73917 65290 849 100 30000 66000 36170.806 6530 6991 5340.756 2 101 1000 17.1
79806 75896 65345 852 100 30000 66000 36029.126 6655 7101 5485.574 3 97 1000 17.1
80147 74704 65795 855 101 30000 66000 35930.699 6659 7171 5522.499 0 99 1000 17.11881188118812
80292 74871 66106 858 101 30000 66000 35941.535 6725 7203 5586.343 1 93 1000 17.11881188118812
80417 76871 66509 863 101 30000 66000 35959.682 6858 7357 5761.811 0 95 1000 17.11881188118812
80685 77230 66873 868 101 30000 66000 35933.824 6960 7424 5825.123 1 96 1000 17.11881188118812
80693 75760 67152 869 102 30000 66000 35893.317 6987 7462 5735.928 0 94 1000 17.186274509803923
80709 77589 67344 873 102 30000 66000 35907.806 7091 7586 5940.065 3 96 1000 17.186274509803923
81130 77876 67915 877 102 30000 66000 35922.366 7196 7683 6011.205 2 97 1000 17.186274509803923
81484 76717 68209 881 102 30000 66000 35914.762 7231 7721 6043.146 0 93 1000 17.186274509803923
81766 77397 68778 890 103 30000 66000 35947.826 7303 7803 6235.817 2 96 1000 17.21359223300971
81642 77336 68813 897 103 30000 66000 35973.799 7411 7872 6216.836 2 97 1000 17.21359223300971
81980 77662 69265 899 103 30000 66000 35936.290 7485 7965 6137.734 1 94 1000 17.21359223300971
81994 79280 69373 900 103 30000 66000 35872.500 7596 8107 6234.847 3 95 1000 17.21359223300971
82296 77936 69692 903 103 30000 66000 35793.363 7617 8138 6340.982 0 94 1000 17.21359223300971
82478 78491 70096 909 104 30000 66000 35815.211 7723 8222 6493.102 2 92 1000 17.23076923076923
82821 78923 70477 915 104 30000 66000 35837.224 7829 8317 6553.467 2 93 1000 17.23076923076923
83151 81085 70985 920 104 30000 66000 35855.696 7938 8433 6626.339 3 92 1000 17.23076923076923
83114 79511 71045 924 105 30000 66000 35870.558 7969 8477 6623.759 1 93 1000 17.266666666666666
83395 80003 71679 928 105 30000 66000 35839.695 8048 8559 6701.402 2 94 1000 17.266666666666666
83567 82199 72136 935 105 30000 66000 35842.812 8208 8719 6899.029 1 93 1000 17.266666666666666
83801 82293 72699 941 106 30000 66000 35865.298 8249 8812 6924.874 2 90 1000 17.27358490566038
84066 80949 73185 946 106 30000 66000 35884.170 8331 8820 6918.596 1 91 1000 17.27358490566038
84012 83075 73421 953 107 30000 66000 35887.524 8446 8978 7083.934 3 88 1000 17.27102803738318
84294 81695 73851 956 107 30000 66000 35782.383 8488 9003 7000.025 1 87 1000 17.27102803738318
84612 82218 74218 961 107 30000 66000 35777.778 8572 9117 7136.908 1 86 1000 17.27102803738318
84903 84357 74472 968 107 30000 66000 35780.679 8743 9268 7304.091 1 87 1000 17.27102803738318
85053 84733 74822 972 108 30000 66000 35725.131 8829 9350 7293.848 0 86 1000 17.296296296296298
85328 85343 75328 978 108 30000 66000 35700.394 8921 9465 7415.228 2 88 1000 17.296296296296298
85895 84237 76105 986 108 30000 66000 35682.959 8965 9485 7480.199 1 86 1000 17.296296296296298
86330 86982 77087 990 109 30000 66000 35650.331 9124 9644 7486.408 2 86 1000 17.31192660550459
86380 85510 77149 991 109 30000 66000 35654.076 9167 9672 7452.400 1 83 1000 17.31192660550459
86585 86170 77625 993 109 30000 66000 35661.579 9250 9763 7582.041 1 83 1000 17.31192660550459
86363 88424 77884 994 109 30000 66000 35641.434 9413 9937 7705.837 3 85 1000 17.31192660550459
86579 86882 78273 1001 110 30000 66000 35571.714 9455 9969 7898.636 0 84 1000 17.327272727272728
86569 87246 78389 1005 110 30000 66000 35562.542 9544 10074 7883.858 2 82 1000 17.327272727272728
86638 87528 78772 1013 110 30000 66000 35519.839 9638 10163 8054.673 2 82 1000 17.327272727272728
87091 90133 79622 1017 110 30000 66000 35486.177 9782 10344 8074.766 1 84 1000 17.327272727272728
87409 90854 80201 1023 111 30000 66000 35459.716 9909 10446 8208.206 1 85 1000 17.37837837837838
87646 89355 80565 1026 111 30000 66000 35397.558 9928 10470 8164.217 0 85 1000 17.37837837837838
87708 89901 80900 1030 111 30000 66000 35412.245 10035 10588 8284.530 0 83 1000 17.37837837837838
87954 92708 81373 1033 111 30000 66000 35423.313 10228 10763 8394.347 3 87 1000 17.37837837837838
88251 93403 81984 1038 112 30000 66000 35294.118 10328 10868 8539.537 1 86 1000 17.4375
88748 94194 82623 1044 112 30000 66000 35291.209 10458 10976 8643.341 2 88 1000 17.4375
88879 94546 82900 1050 112 30000 66000 35313.103 10534 11094 8719.133 1 83 1000 17.4375
89033 92990 83038 1055 113 30000 66000 35331.488 10600 11137 8719.835 0 85 1000 17.495575221238937
89307 93390 83547 1062 113 30000 66000 35257.302 10680 11223 8843.219 0 83 1000 17.495575221238937
89308 96148 83857 1068 113 30000 66000 35279.330 10860 11421 8952.931 0 84 1000 17.495575221238937
89338 94350 83888 1078 113 30000 66000 35291.139 10903 11468 9030.433 0 82 1000 17.495575221238937
89323 94770 83984 1084 114 30000 66000 35161.017 11043 11558 8998.124 0 80 1000 17.55263157894737
89319 95384 84294 1088 114 30000 66000 35175.637 11129 11682 9020.855 2 81 1000 17.55263157894737
89248 97999 84517 1092 114 30000 66000 35190.341 11317 11855 9173.079 3 81 1000 17.55263157894737
89914 98507 85223 1099 114 30000 66000 35164.882 11427 11970 9328.170 0 81 1000 17.55263157894737
90079 98742 85628 1104 115 30000 66000 35183.381 11558 12084 9361.167 1 83 1000 17.582608695652173
90498 99127 86176 1107 115 30000 66000 35142.857 11676 12201 9414.444 2 80 1000 17.582608695652173
90957 99804 86818 1113 115 30000 66000 35061.283 11798 12332 9578.819 0 83 1000 17.582608695652173
91170 99972 87223 1121 116 30000 66000 35090.645 11897 12443 9682.074 2 81 1000 17.594827586206897
91092 97961 87150 1125 116 30000 66000 35105.455 11925 12477 9613.331 0 78 1000 17.594827586206897
91541 101246 88150 1131 116 30000 66000 35101.534 12144 12674 9783.374 3 82 1000 17.594827586206897
91802 101787 88634 1132 117 30000 66000 35105.263 12233 12800 9781.100 1 80 1000 17.615384615384617
91929 100029 89000 1135 117 30000 66000 34958.242 12286 12845 9882.820 0 79 1000 17.615384615384617
92039 100472 89385 1144 117 30000 66000 34991.150 12408 12976 10096.735 0 77 1000 17.615384615384617
92481 102391 90195 1146 118 30000 66000 34945.347 12526 13076 10027.337 2 78 1000 17.559322033898304
92323 102673 90250 1152 118 30000 66000 34940.653 12665 13229 10219.266 1 78 1000 17.559322033898304
92595 105417 90621 1158 118 30000 66000 34935.917 12854 13414 10369.292 3 79 1000 17.559322033898304
92810 103523 90987 1163 118 30000 66000 34954.375 12888 13452 10375.480 1 79 1000 17.559322033898304
93158 104158 91471 1170 119 30000 66000 34872.180 13016 13600 10507.146 0 77 1000 17.596638655462186
93013 104380 91639 1179 119 30000 66000 34905.375 13146 13707 10603.128 2 76 1000 17.596638655462186
92917 104791 91783 1182 119 30000 66000 34834.598 13262 13829 10565.478 2 78 1000 17.596638655462186
93303 104958 92380 1188 120 30000 66000 34856.707 13373 13936 10725.648 1 76 1000 17.65
93080 107536 92450 1193 120 30000 66000 34875.287 13573 14156 10863.068 3 77 1000 17.65
92927 107690 92565 1197 120 30000 66000 34890.253 13694 14297 10944.235 1 76 1000 17.65
93185 105816 92787 1202 121 30000 66000 34909.091 13720 14332 11003.017 1 76 1000 17.677685950413224
93206 106218 92983 1206 121 30000 66000 34896.445 13885 14450 11087.917 1 75 1000 17.677685950413224
93432 106795 93292 1213 121 30000 66000 34923.077 14037 14585 11249.241 2 75 1000 17.677685950413224
93300 106928 93202 1216 121 30000 66000 34822.430 14152 14732 11267.947 2 74 1000 17.677685950413224
92907 107237 93136 1217 122 30000 66000 34826.189 14259 14842 11357.230 2 74 1000 17.688524590163933
93142 109832 93476 1221 122 30000 66000 34813.135 14488 15044 11609.503 3 75 1000 17.688524590163933
92869 107512 93324 1222 122 30000 66000 34732.394 14530 15104 11607.284 0 76 1000 17.688524590163933
92908 107765 93365 1227 122 30000 66000 34666.143 14646 15238 11798.382 2 74 1000 17.688524590163933
93054 110594 93504 1234 123 30000 66000 34691.943 14879 15457 11999.068 3 75 1000 17.73170731707317
93179 110678 93620 1242 123 30000 66000 34607.313 15024 15588 12097.063 1 75 1000 17.73170731707317
92828 108281 93434 1245 123 30000 66000 34618.327 15033 15630 12027.068 0 75 1000 17.73170731707317
92652 108378 93211 1249 124 30000 66000 34633.094 15192 15770 12129.666 2 75 1000 17.741935483870968
92570 108407 93413 1255 124 30000 66000 34655.422 15318 15927 12268.151 2 76 1000 17.741935483870968
92747 111647 93923 1262 124 30000 66000 34681.745 15541 16138 12463.296 3 75 1000 17.741935483870968
92985 109361 94169 1267 124 30000 66000 34700.730 15586 16191 12452.358 1 73 1000 17.741935483870968
92876 112295 94435 1270 125 30000 66000 34682.927 15830 16417 12604.245 2 75 1000 17.736
93059 112768 94821 1276 125 30000 66000 34500.000 15985 16568 12776.383 1 74 1000 17.736
93319 110539 95064 1287 125 30000 66000 34481.451 16015 16629 12869.463 0 72 1000 17.736
93995 113698 95891 1290 125 30000 66000 34492.562 16256 16856 12879.791 2 74 1000 17.736
94185 114000 96389 1293 126 30000 66000 34503.728 16421 17015 13010.437 2 73 1000 17.77777777777778
94231 111844 96598 1296 126 30000 66000 34395.349 16442 17044 13067.661 1 70 1000 17.77777777777778
94597 112526 97375 1301 126 30000 66000 34353.628 16558 17214 13226.681 1 71 1000 17.77777777777778
94716 112555 97545 1304 127 30000 66000 34364.548 16702 17331 13304.807 1 70 1000 17.763779527559056
94474 115178 97421 1311 127 30000 66000 34359.966 16952 17572 13558.796 2 73 1000 17.763779527559056
94772 115490 97861 1314 127 30000 66000 34128.162 17093 17692 13601.475 1 73 1000 17.763779527559056
95034 113836 98128 1317 128 30000 66000 34138.631 17124 17744 13660.698 0 71 1000 17.7265625
94875 116719 98189 1317 128 30000 66000 34077.768 17390 17992 13820.683 3 71 1000 17.7265625
95433 117124 98872 1323 128 30000 66000 34098.556 17531 18118 14064.594 2 71 1000 17.7265625
95449 117231 99025 1328 129 30000 66000 34085.324 17688 18278 14158.465 1 71 1000 17.75968992248062
95303 117381 99195 1334 129 30000 66000 34044.597 17810 18441 14285.118 1 71 1000 17.75968992248062
95746 117833 99985 1339 129 30000 66000 34062.016 17959 18625 14383.413 0 73 1000 17.75968992248062
96101 115420 100381 1343 129 30000 66000 34076.059 17980 18676 14396.508 1 74 1000 17.75968992248062
95939 115604 100271 1350 130 30000 66000 34069.565 18184 18784 14554.737 1 71 1000 17.76153846153846
96363 118743 100745 1353 130 30000 66000 34080.209 18415 19050 14694.029 3 72 1000 17.76153846153846
96299 116503 100780 1357 130 30000 66000 34094.488 18466 19097 14766.008 0 70 1000 17.76153846153846
96479 119538 101188 1363 131 30000 66000 34116.095 18743 19372 15005.051 0 71 1000 17.786259541984734
96609 119995 101505 1368 131 30000 66000 34134.276 18860 19545 15080.943 1 73 1000 17.786259541984734
97059 117918 102007 1370 131 30000 66000 34141.593 18937 19588 15088.794 0 69 1000 17.786259541984734
96851 118253 101827 1374 131 30000 66000 34156.306 19119 19708 15239.268 1 68 1000 17.786259541984734
96692 118495 101917 1380 132 30000 66000 34146.429 19283 19880 15393.270 1 68 1000 17.825757575757574
96771 122105 102390 1385 132 30000 66000 34165.022 19503 20178 15592.678 3 70 1000 17.825757575757574
96767 119584 102379 1393 132 30000 66000 34195.122 19600 20227 15664.181 0 67 1000 17.825757575757574
97106 122790 102985 1395 132 30000 66000 34202.715 19889 20494 15737.714 3 69 1000 17.825757575757574
97434 123150 103576 1399 133 30000 66000 34217.984 19992 20649 15917.188 1 69 1000 17.872180451127818
97417 120573 103542 1405 133 30000 66000 34241.096 20072 20695 15987.927 0 68 1000 17.872180451127818
97616 123808 103794 1406 133 30000 66000 34244.973 20373 20985 16086.829 3 68 1000 17.872180451127818
97861 124240 104281 1409 134 30000 66000 34190.651 20521 21185 16285.500 0 69 1000 17.902985074626866
97948 121715 104724 1417 134 30000 66000 34155.125 20573 21219 16368.509 0 69 1000 17.902985074626866
97612 125061 104497 1422 134 30000 66000 34174.397 20882 21524 16540.908 1 71 1000 17.902985074626866
97857 126204 105322 1427 135 30000 66000 34193.849 20968 21690 16679.863 1 71 1000 17.933333333333334
98013 123813 105494 1436 135 30000 66000 34195.489 21114 21753 16759.515 0 66 1000 17.933333333333334
97978 124216 105700 1441 135 30000 66000 34215.297 21273 21908 16771.310 1 66 1000 17.933333333333334
98164 127378 106130 1443 136 30000 66000 34223.273 21546 22191 16963.537 2 66 1000 17.904411764705884
98472 125096 106574 1449 136 30000 66000 34247.383 21602 22253 17078.685 1 67 1000 17.904411764705884
98503 125251 106688 1452 136 30000 66000 34259.542 21788 22437 17175.002 1 66 1000 17.904411764705884
98886 125989 107403 1457 136 30000 66000 34279.962 21938 22609 17355.305 1 68 1000 17.904411764705884
98934 126391 107541 1459 136 30000 66000 34288.184 22115 22771 17451.412 1 65 1000 17.904411764705884
98880 126763 107454 1460 137 30000 66000 34084.615 22294 22975 17619.728 2 67 1000 17.94890510948905
98598 129714 107241 1467 137 30000 66000 34042.594 22602 23273 17956.770 0 68 1000 17.94890510948905
98932 130212 107851 1471 137 30000 66000 34058.309 22798 23427 18033.303 1 68 1000 17.94890510948905
98750 130097 107769 1477 138 30000 66000 34082.111 22942 23619 18193.997 2 67 1000 17.963768115942027
99038 130619 108323 1483 138 30000 66000 34000.000 23164 23818 18325.196 1 69 1000 17.963768115942027
99170 128106 108515 1484 138 30000 66000 33968.504 23180 23870 18318.641 0 68 1000 17.963768115942027
99308 131831 108955 1489 138 30000 66000 33988.131 23518 24228 18629.864 3 68 1000 17.963768115942027
99558 131915 109128 1492 139 30000 66000 34000.000 23726 24393 18758.122 1 66 1000 17.992805755395683
99689 131799 109401 1495 139 30000 66000 33868.657 23910 24569 18922.807 2 66 1000 17.992805755395683
99594 128943 109515 1500 139 30000 66000 33888.000 23948 24587 19005.911 0 64 1000 17.992805755395683
99974 129729 110023 1505 140 30000 66000 33871.357 24137 24823 19107.157 2 66 1000 18.014285714285716
100403 133141 110780 1508 140 30000 66000 33883.065 24461 25148 19343.395 0 66 1000 18.014285714285716
100560 130397 111037 1512 140 30000 66000 33862.348 24511 25162 19406.033 0 64 1000 18.014285714285716
100378 130433 110903 1516 141 30000 66000 33585.366 24722 25362 19536.450 1 64 1000 18.04964539007092
100043 133181 110794 1522 141 30000 66000 33570.552 25025 25690 19810.243 2 65 1000 18.04964539007092
100015 133201 110853 1526 141 30000 66000 33585.216 25227 25884 19931.423 1 64 1000 18.04964539007092
100176 130552 110959 1530 142 30000 66000 33600.000 25302 25935 19991.530 0 64 1000 18.091549295774648
100254 130953 111089 1535 142 30000 66000 33618.653 25477 26159 20135.764 2 64 1000 18.091549295774648
99846 131240 110818 1540 142 30000 66000 33637.500 25659 26348 20284.506 1 65 1000 18.091549295774648
99662 134025 110865 1543 142 30000 66000 33611.285 25991 26676 20521.395 2 67 1000 18.091549295774648
100007 131324 111248 1547 143 30000 66000 33588.667 26045 26712 20601.882 0 64 1000 18.076923076923077
100428 134600 111960 1551 143 30000 66000 33603.793 26373 27050 20876.237 0 65 1000 18.076923076923077
100510 131962 112151 1553 143 30000 66000 33611.404 26466 27111 20874.688 0 64 1000 18.076923076923077
100835 135899 112693 1556 144 30000 66000 33546.610 26800 27500 21204.735 0 66 1000 18.09027777777778
101369 133383 113339 1558 144 30000 66000 33439.490 26848 27530 21259.148 0 64 1000 18.09027777777778
101302 133736 113502 1562 144 30000 66000 33454.158 27044 27748 21449.947 1 63 1000 18.09027777777778
101380 134004 113570 1566 145 30000 66000 33391.863 27232 27927 21618.918 1 63 1000 18.110344827586207
101122 137531 113214 1567 145 30000 66000 33395.498 27587 28297 21899.417 2 63 1000 18.110344827586207
101320 134676 113477 1569 145 30000 66000 33402.793 27655 28360 22009.622 0 63 1000 18.110344827586207
101151 134928 113397 1576 145 30000 66000 33428.571 27846 28540 22242.546 1 64 1000 18.110344827586207
101402 135357 113753 1584 146 30000 66000 33458.515 28063 28825 22377.531 2 66 1000 18.123287671232877
101025 135449 113341 1590 146 30000 66000 33481.319 28189 29004 22489.683 1 65 1000 18.123287671232877
101051 135932 113470 1596 146 30000 66000 33504.425 28486 29233 22648.294 1 66 1000 18.123287671232877
100778 139332 113304 1605 146 30000 66000 33539.665 28882 29564 22928.610 3 68 1000 18.123287671232877
100996 139693 113795 1609 147 30000 66000 33555.556 29074 29794 23017.641 1 61 1000 18.163265306122447
100728 139728 113602 1615 147 30000 66000 33579.661 29290 29953 23206.157 1 63 1000 18.163265306122447
100971 140262 114051 1620 147 30000 66000 33600.000 29488 30194 23355.120 1 62 1000 18.163265306122447
100755 140454 113935 1623 148 30000 66000 33571.266 29663 30444 23515.028 2 63 1000 18.2027027027027
101016 140446 114541 1625 148 30000 66000 33579.429 29869 30638 23698.954 1 62 1000 18.2027027027027
101186 140633 114921 1633 148 30000 66000 33612.457 30130 30839 23925.505 1 62 1000 18.2027027027027
101386 138025 115226 1635 149 30000 66000 33620.809 30163 30882 23911.493 0 60 1000 18.241610738255034
101340 138323 115502 1639 149 30000 66000 33637.631 30393 31114 24112.810 1 59 1000 18.241610738255034
101130 138407 115531 1642 149 30000 66000 33650.350 30621 31311 24274.560 1 58 1000 18.241610738255034
101306 138749 115739 1644 150 30000 66000 33658.879 30796 31527 24471.411 1 60 1000 18.24
101142 139173 116052 1646 150 30000 66000 33667.447 30977 31749 24689.975 0 60 1000 18.24
101524 142627 116598 1648 150 30000 66000 33676.056 31384 32147 25008.408 2 61 1000 18.24
101854 143221 117326 1650 150 30000 66000 33684.706 31631 32369 25235.302 1 60 1000 18.24
102167 143393 117907 1650 151 30000 66000 33684.706 31864 32593 25452.899 0 61 1000 18.271523178807946
102237 140456 117907 1653 151 30000 66000 33697.757 31918 32656 25551.919 0 61 1000 18.271523178807946
102415 140765 118284 1654 151 30000 66000 33702.128 32150 32867 25734.455 1 59 1000 18.271523178807946
102546 141018 118563 1656 152 30000 66000 33625.592 32337 33090 25976.447 0 60 1000 18.282894736842106
102475 144686 118787 1658 152 30000 66000 33634.204 32764 33526 26260.605 3 61 1000 18.282894736842106
102308 141446 118556 1666 152 30000 66000 33669.065 32788 33590 26372.930 0 60 1000 18.282894736842106
102337 144274 118467 1668 152 30000 66000 33677.885 33094 33979 26577.050 3 62 1000 18.282894736842106
102532 141442 118847 1669 153 30000 66000 33682.310 33292 34042 26678.130 0 62 1000 18.313725490196077
102652 145164 119304 1674 153 30000 66000 33704.600 33697 34421 27024.266 2 60 1000 18.313725490196077
102589 145212 119286 1677 153 30000 66000 33718.104 33877 34641 27204.864 1 59 1000 18.313725490196077
102784 145568 119650 1679 153 30000 66000 33727.162 34142 34875 27418.976 1 58 1000 18.313725490196077
102923 143036 119842 1680 153 30000 66000 33731.707 34216 34901 27523.486 0 58 1000 18.313725490196077
103221 147184 120418 1682 154 30000 66000 33740.831 34608 35400 27851.281 3 59 1000 18.318181818181817
103190 143895 120573 1686 154 30000 66000 33759.214 34686 35448 27957.198 0 60 1000 18.318181818181817
103138 147417 120642 1689 155 30000 66000 33639.951 35097 35848 28300.872 0 58 1000 18.329032258064515
103155 147697 120860 1693 155 30000 66000 33657.993 35352 36097 28460.598 1 60 1000 18.329032258064515
103459 148219 121373 1695 155 30000 66000 33667.081 35555 36364 28675.956 1 60 1000 18.329032258064515
103378 144938 121408 1697 155 30000 66000 33676.214 35669 36383 28759.984 0 58 1000 18.329032258064515
103599 145312 121731 1700 156 30000 66000 33690.000 35904 36635 28961.368 2 57 1000 18.352564102564102
103803 149598 122223 1704 156 30000 66000 33708.543 36370 37073 29355.430 2 58 1000 18.352564102564102
103743 146607 122179 1707 156 30000 66000 33722.573 36410 37181 29429.204 1 57 1000 18.352564102564102
103398 146823 122124 1710 157 30000 66000 33691.139 36666 37387 29654.586 1 58 1000 18.369426751592357
103337 146981 122152 1713 157 30000 66000 33705.210 36883 37643 29884.086 1 58 1000 18.369426751592357
103499 147286 122354 1719 157 30000 66000 33733.675 37161 37935 30124.273 0 59 1000 18.369426751592357
103400 150718 122353 1721 158 30000 66000 33650.834 37587 38347 30430.841 2 57 1000 18.40506329113924
103496 147794 122614 1725 158 30000 66000 33669.677 37676 38411 30542.303 0 56 1000 18.40506329113924
103340 148015 122820 1729 158 30000 66000 33642.023 37910 38681 30742.167 1 58 1000 18.40506329113924
103260 147976 122889 1731 159 30000 66000 33651.495 38164 38938 30960.470 1 55 1000 18.440251572327043
103695 151580 123471 1731 159 30000 66000 33651.495 38629 39402 31367.317 0 56 1000 18.440251572327043
103619 151865 123533 1734 159 30000 66000 33665.796 38839 39651 31665.013 0 57 1000 18.440251572327043
103473 148326 123312 1736 160 30000 66000 33675.393 38965 39716 31715.069 0 55 1000 18.45625
103289 148619 123253 1741 160 30000 66000 33699.605 39187 39966 31921.428 1 55 1000 18.45625
103693 148822 123824 1744 160 30000 66000 33714.286 39430 40267 32132.814 2 56 1000 18.45625
103639 149336 124135 1746 161 30000 66000 33724.138 39730 40509 32390.595 1 56 1000 18.4472049689441
103093 148907 123598 1752 161 30000 66000 33754.011 39989 40764 32636.174 1 56 1000 18.4472049689441
102944 149014 123453 1756 161 30000 66000 33774.194 40122 41010 32834.510 1 57 1000 18.4472049689441
102927 149530 123720 1759 162 30000 66000 33789.474 40484 41281 33064.943 1 57 1000 18.438271604938272
103068 153365 124116 1760 162 30000 66000 33745.946 40968 41776 33484.094 3 59 1000 18.438271604938272
103155 150038 124407 1762 162 30000 66000 33756.098 41020 41807 33618.157 0 55 1000 18.438271604938272
102879 149722 124179 1763 162 30000 66000 33761.194 41319 42078 33834.141 1 55 1000 18.438271604938272
102991 153496 124409 1767 163 30000 66000 33781.719 41732 42495 34272.736 2 56 1000 18.447852760736197
103420 153936 125086 1771 163 30000 66000 33802.469 42012 42838 34509.833 0 58 1000 18.447852760736197
103810 154592 125740 1772 163 30000 66000 33807.692 42273 43064 34755.138 0 57 1000 18.447852760736197
103541 151030 125560 1774 164 30000 66000 33818.182 42341 43142 34794.610 1 57 1000 18.45731707317073
103348 154573 125383 1775 164 30000 66000 33823.448 42810 43636 35234.426 2 59 1000 18.45731707317073
103018 154198 125133 1779 164 30000 66000 33844.660 43086 43854 35513.134 1 56 1000 18.45731707317073
103157 154437 125301 1783 164 30000 66000 33866.109 43389 44157 35757.692 1 54 1000 18.45731707317073
103559 154726 125902 1786 164 30000 66000 33882.353 43597 44419 36001.911 1 55 1000 18.45731707317073
103114 151180 125494 1788 165 30000 66000 33842.697 43694 44503 36102.917 0 52 1000 18.490909090909092
102976 151605 125190 1792 165 30000 66000 33813.559 43991 44817 36321.762 1 54 1000 18.490909090909092
103134 151723 125515 1793 165 30000 66000 33818.953 44250 45115 36585.051 1 52 1000 18.490909090909092
103407 155445 125772 1799 166 30000 66000 33851.641 44700 45610 37032.635 2 55 1000 18.518072289156628
103445 152006 125919 1801 166 30000 66000 33862.661 44820 45642 37089.977 0 55 1000 18.518072289156628
103537 156031 126042 1802 166 30000 66000 33868.195 45322 46184 37533.514 2 56 1000 18.518072289156628
103831 156202 126512 1804 167 30000 66000 33879.310 45601 46391 37835.207 1 54 1000 18.54491017964072
104059 153091 126920 1808 167 30000 66000 33901.734 45670 46504 37954.495 0 53 1000 18.54491017964072
104021 156867 127029 1809 167 30000 66000 33907.381 46166 46952 38335.615 2 53 1000 18.54491017964072
103869 156954 126967 1810 168 30000 66000 33808.696 46483 47296 38653.482 1 54 1000 18.55952380952381
104148 157437 127351 1811 168 30000 66000 33814.224 46695 47582 38990.308 0 54 1000 18.55952380952381
104141 157731 127306 1815 168 30000 66000 33836.496 47051 47911 39308.452 0 54 1000 18.55952380952381
104421 157872 127838 1816 168 30000 66000 33842.105 47351 48150 39527.725 1 53 1000 18.55952380952381
104568 155005 128175 1820 168 30000 66000 33864.706 47444 48261 39667.348 0 53 1000 18.55952380952381
104612 155507 128392 1823 169 30000 66000 33828.656 47694 48593 39944.122 0 54 1000 18.59171597633136
104390 159163 128341 1823 169 30000 66000 33828.656 48246 49067 40390.715 2 53 1000 18.59171597633136
104634 159802 128772 1823 169 30000 66000 33828.656 48587 49409 40759.992 0 53 1000 18.59171597633136
