10 0 0 0 7 0 7012.0 50240.0 18116.941 500 508 506.667 3 3 1 0 [] 0 1313 25 0 0 0 0.61 0.102 1.0 3
11 0 0 0 9 0 7025.0 50734.0 18228.603 506 508 507 0 4 1 0 [] 16973.0 232383 25 194 25 16.323 31.582 27.523 1.0 1
11 0 0 4 12 1 7191.0 49620.0 19741.988 500 508 505.889 0 4 1 6 [15-19] 755.0 212233 25 138 19 11.847 51.944 41.222 1.0 2
12 0 0 4 14 1 7192.0 49637.0 19704.747 500 508 502.111 0 4 1 6 [] 12355.0 151302 25 151 23 5.131 18.254 14.593 1.0 1
13 0 0 4 17 1 7180.0 49207.0 19554.818 496 508 500.889 0 4 1 6 [] 17552.0 204443 25 161 20 14.672 31.582 27.161 1.0 1
14 0 0 4 21 1 7178.0 49121.0 19483.118 495 502 496.778 0 5 1 6 [] 23851.0 205408 25 136 16 6.185 46.954 34.108 1.0 1
17 0 0 8 22 2 7167.0 48734.0 19369.005 493 502 495.778 0 5 1 8.5 [27-24] 736.0 385980 25 222 26 37.997 59.824 52.868 1.0 2
19 0 0 8 23 2 7165.0 48648.0 19335.926 490 498 492 0 5 1 8.5 [] 9472.0 60 25 0 0 0 7.275 1.338 1.0 3
21 0 0 8 27 2 7155.0 48289.0 19195.236 489 496 491.333 0 6 2 8.5 [] 17624.0 458530 25 238 30 12.917 31.582 29.057 1.0 1
24 0 0 16 27 3 7153.0 48217.0 19172.855 485 493 487.889 0 7 2 7.667 [14-19] 134.0 298139 25 185 23 18.882 49.926 40.786 1.0 2
26 0 0 18 27 3 7143.0 47859.0 19074.902 485 493 487.111 0 7 2 7.667 [] 11990.0 180971 25 181 27 7.137 18.254 14.887 1.0 1
29 0 0 23 31 4 7141.0 47787.0 19012.778 480 491 483.667 0 8 2 7.75 [35-24] 573.0 236173 25 134 22 13.896 42.201 36.068 1.0 2
34 0 0 23 33 4 7131.0 47428.0 18896.838 480 491 483 0 9 2 7.75 [] 7542.0 114 25 0 0 0 1.461 0.191 1.0 3
36 0 0 23 33 4 7130.0 47357.0 18877.271 475 489 480 0 9 2 7.75 [] 18146.0 247632 25 198 30 19.625 31.582 29.419 1.0 1
39 0 0 27 35 5 7120.0 46998.0 18754.188 475 488 478.778 0 9 2 7.4 [34-27] 124.0 486408 25 239 25 22.636 48.854 45.117 1.0 2
42 0 0 27 35 5 7118.0 46926.0 18734.642 470 486 475.889 0 10 2 7.4 [] 10808.0 51 25 0 0 0 7.277 2.165 1.0 3
46 0 0 27 35 5 7108.0 46568.0 18637.502 470 485 474.667 0 10 2 7.4 [] 16323.0 317880 25 217 18 6.796 31.582 23.496 1.0 1
49 0 0 29 35 6 7106.0 46496.0 18616.703 465 485 471.778 0 11 2 7.333 [33-26] 639.0 407247 25 276 32 34.994 46.954 44.098 1.0 2
52 0 0 31 35 6 7096.0 46137.0 18519.503 465 484 470.556 0 12 2 7.333 [] 7938.0 84 25 0 0 0 2.09 0.27 1.0 3
55 0 0 31 35 6 7094.0 46065.0 18499.952 460 484 467.778 0 13 3 7.333 [] 13302.0 303212 25 301 32 11.399 19.74 18.015 1.0 1
61 0 0 37 36 7 7084.0 45707.0 18393.442 460 481 467.667 0 14 3 7.429 [35-25] 78.0 298212 25 205 25 25.451 42.159 38.499 1.0 2
66 0 0 39 37 7 7075.0 45363.0 18289.189 456 482 463 0 13 3 7.429 [] 13232.0 174888 25 173 23 6.822 19.74 16.75 1.0 1
73 0 0 39 37 7 7077.0 45452.0 18293.103 451 478 461.417 0 13 3 7.429 [] 18465.0 162163 25 137 36 19.473 36.918 31.822 1.0 1
72 0 0 47 37 8 7072.0 45248.0 18239.669 451 478 458.857 0 14 3 8 [28-24] 1941.0 453064 25 246 30 45.185 59.345 54.255 1.0 2
74 0 0 49 38 8 7071.0 45200.0 18720.777 447 474 457.429 0 13 3 8 [] 7455.0 86 25 0 0 0 1.557 0.196 1.0 3
78 0 0 49 40 8 7065.0 44999.0 18664.595 446 474 454.929 0 14 3 8 [] 17410.0 213246 25 159 27 15.686 31.582 27.244 1.0 1
84 0 0 59 41 9 7060.0 44516.0 18576.824 443 474 453.133 0 13 3 7.889 [32-26] 1034.0 281756 25 197 25 8.509 45.174 41.478 1.0 2
88 0 0 61 41 9 7224.0 44559.0 19122.9 441 473 451.533 0 15 3 7.889 [] 9511.0 52 25 0 0 0 6.043 1.319 1.0 3
93 0 0 61 44 9 7214.0 44272.0 19024.764 439 473 449 0 15 4 7.889 [] 16040.0 181511 25 154 22 7.987 31.581 24.649 1.0 1
91 0 0 61 46 9 7210.0 44129.0 18960.183 436 470 447.333 0 16 4 7.889 [] 21223.0 123176 25 94 21 7.31 40.7 29.917 1.0 1
98 0 0 62 47 10 7201.0 43842.0 18881.218 436 467 445.867 0 16 4 7.6 [31-28] 734.0 312333 25 194 30 39.91 55.353 50.564 1.0 2
105 0 0 62 51 10 7196.0 43699.0 18808.966 431 467 443.533 0 17 4 7.6 [] 10104.0 42 25 0 0 0 6.242 0.892 1.0 3
108 0 0 62 53 10 7187.0 43412.0 18710.458 431 464 442.875 0 17 4 7.6 [] 17697.0 242356 25 195 23 5.502 31.582 27.527 1.0 1
112 0 0 62 55 11 7189.0 43483.0 19176.189 426 464 440.375 0 18 4 7.636 [13-17] 1650.0 226931 25 172 31 30.739 41.456 38.802 1.0 2
121 0 0 62 55 11 7183.0 43268.0 19109.708 426 462 439.562 0 17 4 7.636 [] 7660.0 87 25 0 0 0 2.09 0.234 1.0 3
132 0 0 62 56 11 7176.0 43053.0 19035.392 421 461 436.312 0 18 5 7.636 [] 14520.0 255445 25 221 25 8.68 31.526 23.087 1.0 1
136 0 0 75 56 12 7169.0 42838.0 18967.265 421 461 435.118 0 18 5 7.583 [14-18] 74.0 384892 25 269 27 17.143 44.939 40.598 1.0 2
138 0 0 81 58 12 7162.0 44610.0 19423.968 416 458 433.529 0 17 5 7.583 [] 12026.0 37 25 0 0 0 10.869 2.431 1.0 3
148 0 0 81 59 12 7155.0 44610.0 19369.359 416 457 431.176 0 18 5 7.583 [] 19256.0 347501 25 194 26 14.625 36.918 32.891 1.0 1
156 0 0 94 59 13 7148.0 44240.0 19272.641 411 455 429.529 0 17 5 7.462 [33-27] 1908.0 316510 25 201 27 32.182 52.147 46.039 1.0 2
162 0 0 100 60 13 7142.0 44240.0 19218.156 411 455 427.056 0 17 5 7.462 [] 8251.0 60 25 0 0 0 3.176 0.719 1.0 3
165 0 0 100 60 13 7141.0 43869.0 19156.729 406 452 426.222 0 18 6 7.462 [] 14423.0 228205 25 199 25 12.334 31.525 24.225 1.0 1
168 0 0 117 60 14 7136.0 43869.0 19119.121 406 451 424.5 0 18 6 7.429 [34-26] 1006.0 163855 25 115 25 22.565 44.925 39.248 1.0 2
177 0 0 125 61 14 7127.0 43499.0 19006.844 401 450 422.5 0 17 6 7.429 [] 10323.0 50 25 0 0 0 9.342 1.672 1.0 3
186 0 0 125 61 14 7122.0 43499.0 18970.882 401 448 420.778 0 15 6 7.429 [] 19135.0 384783 25 232 24 8.338 36.917 30.161 1.0 1
187 0 0 142 62 15 7114.0 43129.0 18858.162 396 448 418.667 0 17 6 7.333 [32-27] 50.0 221164 25 145 34 34.676 51.586 46.008 1.0 2
188 0 0 150 62 15 7100.0 42758.0 18719.499 392 443 415.333 0 16 6 7.333 [] 18279.0 161922 25 121 18 5.372 36.918 28.15 1.0 1
194 0 0 159 63 16 7096.0 42758.0 18681.105 392 443 413.389 0 15 6 7.25 [16-19] 3027.0 505881 25 302 24 31.241 51.078 46.92 1.0 2
203 0 0 161 64 16 7088.0 42462.0 18584.948 388 439 412.444 0 17 7 7.25 [] 13639.0 259631 25 252 25 6.709 19.74 16.369 1.0 1
209 0 0 165 64 17 7084.0 42462.0 18555.699 388 439 410 0 16 7 7.294 [12-17] 243.0 337302 25 248 34 19.533 40.961 38.562 1.0 2
209 0 0 167 64 17 7076.0 42165.0 18466.386 384 437 408.389 0 18 7 7.294 [] 8261.0 61 25 0 0 0 2.607 0.577 1.0 3
211 0 0 167 66 17 7072.0 42165.0 18427.515 385 435 406.421 0 17 7 7.294 [] 19196.0 124124 25 98 21 11.153 36.918 27.99 1.0 1
216 0 0 174 66 18 7075.0 39868.0 17937.524 381 434 405.105 0 15 7 7.167 [15-20] 216.0 225227 25 153 27 34.85 55.671 51.882 1.0 2
220 0 0 180 67 18 7071.0 39754.0 17895.251 381 431 403.158 0 15 7 7.167 [] 11802.0 34 25 0 0 0 7.849 2.741 1.0 3
212 0 0 180 68 18 7063.0 39510.0 17811.792 377 432 401.474 0 16 7 7.167 [] 21250.0 134914 25 100 17 7.588 40.87 32.764 1.0 1
212 0 0 185 68 19 7060.0 39395.0 17778.832 377 432 399 0 16 7 7.474 [13-12] 721.0 369693 25 216 29 30.156 51.321 45.84 1.0 2
221 0 0 185 69 19 7049.0 39065.0 17671.154 375 427 395.474 0 16 7 7.474 [] 11275.0 33 25 0 0 0 7.228 2.448 1.0 3
217 0 0 194 69 20 7041.0 38821.0 17595.069 371 424 395 0 16 7 7.45 [15-18] 1050.0 231636 25 165 23 8.697 44.103 39.395 1.0 2
230 0 0 202 70 20 7039.0 38749.0 17566.377 371 424 394.1 0 16 7 7.45 [] 7299.0 126 25 0 0 0 0.729 0.109 1.0 3
233 0 0 202 70 20 6936.0 38520.0 17137.012 368 423 393.2 0 16 8 7.45 [] 13061.0 384941 25 363 30 18.259 31.526 27.001 1.0 1
237 0 0 202 70 21 6934.0 38434.0 17110.258 367 423 390.75 0 17 8 7.381 [39-14] 509.0 515504 25 295 32 40.651 48.508 46.029 1.0 2
247 0 0 202 70 21 6928.0 38204.0 17042.686 365 421 389.7 0 16 8 7.381 [] 7122.0 124 25 0 0 0 0.864 0.182 1.0 3
263 0 0 202 70 21 6925.0 38104.0 17015.13 363 420 387.9 0 16 8 7.381 [] 14952.0 261669 25 195 21 11.331 31.582 26.658 1.0 1
268 0 0 207 74 22 6923.0 37903.0 16935.955 362 416 387.762 0 16 9 7.318 [34-10] 757.0 349426 25 219 26 29.693 47.42 44.868 1.0 2
271 0 0 207 75 22 6923.0 37803.0 16900.582 359 415 385.429 0 16 9 7.318 [] 9383.0 48 25 0 0 0 8.133 1.94 1.0 3
275 0 0 214 75 23 6918.0 37573.0 16838.988 358 414 383.81 0 16 9 7.348 [14-17] 1511.0 293053 25 210 26 26.142 40.87 37.915 1.0 2
288 0 0 220 75 23 6914.0 37473.0 16804.63 355 411 381.619 0 16 9 7.348 [] 10923.0 160973 25 156 17 4.86 18.254 13.621 1.0 1
299 0 0 224 75 24 6910.0 37229.0 16741.684 354 409 380.381 0 17 9 7.292 [13-19] 1162.0 264879 25 189 27 27.395 46.019 42.04 1.0 2
306 0 0 228 75 24 6906.0 37128.0 16709.522 351 407 378.571 0 17 10 7.292 [] 9084.0 46 25 0 0 0 5.606 1.016 1.0 3
318 0 0 228 75 24 6902.0 36956.0 16662.373 351 407 377.667 0 18 10 7.292 [] 14950.0 162207 25 130 24 12.691 31.582 27.234 1.0 1
340 0 0 237 76 25 6900.0 36899.0 16633.51 347 406 375.381 0 17 11 7.24 [17-19] 993.0 172554 25 126 23 19.942 45.415 40.168 1.0 2
342 0 0 239 76 25 6896.0 36626.0 16566.456 347 403 374.286 0 20 11 7.24 [] 8954.0 42 25 0 0 0 6.075 1.008 1.0 3
352 0 0 239 76 25 6892.0 36598.0 16546.679 343 403 372.143 0 20 11 7.24 [] 15888.0 174321 25 147 27 18.897 36.917 30.056 1.0 1
352 0 0 257 76 26 6889.0 36311.0 16481.013 343 401 370.238 0 21 11 7.231 [13-18] 1790.0 233862 25 166 22 18.669 43.94 38.965 1.0 2
353 0 0 269 77 26 6882.0 36268.0 16442.9 339 399 368 0 21 11 7.231 [] 12508.0 138428 25 139 21 7.988 31.526 21.549 1.0 1
355 0 0 280 77 27 6879.0 35981.0 16374.168 339 397 366.81 0 22 11 7.222 [11-18] 164.0 193955 25 143 20 5.755 42.593 35.58 1.0 2
366 0 0 282 77 27 6875.0 35966.0 16357.939 335 395 364.714 0 20 11 7.222 [] 11745.0 146612 25 152 30 7.988 18.807 16.473 1.0 1
369 0 0 290 77 28 6871.0 35766.0 16303.85 335 392 363.619 0 21 12 7.25 [34-24] 662.0 158226 25 117 24 22.501 40.813 37.567 1.0 2
386 0 0 294 78 28 6864.0 35479.0 16217.102 331 391 360.136 0 21 12 7.25 [] 11284.0 31 25 0 0 0 9.721 2.864 1.0 3
401 0 0 304 78 29 6860.0 35571.0 16219.112 327 388 358.5 0 22 12 7.241 [35-23] 59.0 179648 25 135 24 19.363 42.536 38.937 1.0 2
404 0 0 308 78 29 6856.0 35423.0 16178.12 327 388 356.591 0 22 12 7.241 [] 8573.0 46 25 0 0 0 6.24 1.127 1.0 3
419 0 0 322 78 30 6851.0 35276.0 16132.468 323 385 354.818 0 21 13 7.233 [16-18] 209.0 367093 25 251 30 32.023 42.388 40.027 1.0 2
423 0 0 330 78 30 6848.0 35067.0 16080.501 323 384 353.818 0 22 13 7.233 [] 6863.0 338 25 0 0 0 0.398 0.07 1.0 3
426 0 0 330 79 30 6845.0 34993.0 16050.53 319 384 352.045 0 23 13 7.233 [] 14247.0 207390 25 158 21 7 31.582 26.689 1.0 1
441 0 0 339 79 31 6842.0 34833.0 16007.681 319 381 351.783 0 23 14 7.194 [12-19] 726.0 177937 25 132 25 31.841 44.801 41.867 1.0 2
451 0 0 345 79 31 6923.0 35081.0 16327.011 315 379 349.304 0 23 14 7.194 [] 16747.0 322826 25 236 29 22.292 36.918 33.168 1.0 1
460 0 0 354 80 32 6916.0 34876.0 16255.825 311 379 347.652 0 25 14 7.125 [16-20] 1395.0 412107 25 248 27 42.324 54.898 52.781 1.0 2
460 0 0 362 81 32 6914.0 34801.0 16226.78 311 376 345.826 0 24 14 7.125 [] 7923.0 71 25 0 0 0 2.607 0.429 1.0 3
470 0 0 362 81 32 6907.0 34586.0 16162.27 307 375 344.087 0 24 14 7.125 [] 17210.0 281768 25 199 22 12.816 36.918 31.796 1.0 1
486 0 0 367 81 33 6904.0 34500.0 16133.034 307 373 342.565 0 25 15 7.061 [34-28] 314.0 214988 25 152 27 21.632 54.274 50.058 1.0 2
494 0 0 371 82 33 6898.0 34295.0 16065.392 303 372 340.913 0 26 15 7.061 [] 9024.0 43 25 0 0 0 9.228 2.182 1.0 3
500 0 0 371 82 33 6894.0 34177.0 16029.83 303 371 338.826 0 26 15 7.061 [] 15167.0 391080 25 295 31 13.16 31.582 27.945 1.0 1
513 66 33 380 83 34 6888.0 33994.0 15963.941 299 370 337.217 0 26 15 7 [33-28] 126.0 348363 25 235 31 51.214 53.867 53.263 1.0 2
534 87 40 388 84 34 6879.0 33723.0 15869.273 296 365 333.826 0 30 16 7 [] 12528.0 236501 25 235 30 6.311 31.526 23.358 1.0 1
554 87 42 395 84 35 6877.0 33675.0 15847.66 296 363 332.304 0 29 16 6.971 [35-10] 1891.0 400479 25 273 33 36.204 47.41 45.239 1.0 2
558 84 40 397 84 35 6872.0 33572.0 15805.765 293 363 330.435 0 28 17 6.971 [] 9074.0 44 25 0 0 0 8.615 2.024 1.0 3
582 84 41 397 86 35 6867.0 33436.0 15739.399 293 359 329.565 0 28 17 6.971 [] 15979.0 232978 25 203 29 26.639 36.918 33.373 1.0 1
597 81 42 399 86 36 6863.0 33341.0 15697.511 290 359 327.783 0 29 18 6.917 [36-11] 952.0 231724 25 153 26 27.108 53.729 48.503 1.0 2
649 81 43 401 86 36 6854.0 33149.0 15620.099 287 357 325.739 0 31 19 6.917 [] 11553.0 119431 25 120 18 3.163 18.807 15.209 1.0 1
655 78 42 407 86 37 6852.0 33093.0 15595.399 287 357 323.36 0 31 19 6.892 [31-27] 2135.0 142030 25 109 26 25.633 46.801 42.396 1.0 2
661 78 38 413 86 37 6942.0 32649.0 15617.445 284 357 323.24 0 32 20 6.892 [] 14085.0 190393 25 158 21 12.049 31.582 26.522 1.0 1
677 84 41 415 86 38 6938.0 32660.0 15598.47 284 357 321.72 0 31 20 6.842 [38-14] 1900.0 332844 25 212 24 27.135 53.487 48.509 1.0 2
697 84 43 417 87 38 6931.0 32520.0 15549.602 281 353 320 0 31 20 6.842 [] 10021.0 34 25 0 0 0 7.277 2.531 1.0 3
717 84 46 421 88 39 6939.0 32073.0 15835.777 281 352 318.37 0 32 21 6.821 [39-13] 292.0 468774 25 291 25 12.276 44.929 40.803 1.0 2
748 75 42 425 89 39 6928.0 31839.0 15738.312 278 350 315.259 0 34 22 6.821 [] 16129.0 341104 25 254 28 22.999 35.249 33.311 1.0 1
752 130 136 427 90 40 6924.0 31776.0 15688.807 275 349 313.963 0 32 22 6.75 [17-21] 503.0 454136 25 275 28 32.702 62.877 56.119 1.0 2
765 154 160 429 90 40 6918.0 31648.0 15644.472 275 347 312.667 0 35 23 6.75 [] 10234.0 32 25 0 0 0 8.424 2.04 1.0 3
768 147 163 433 92 41 6915.0 31584.0 15598.937 272 344 310.852 0 35 23 6.732 [39-15] 1646.0 268330 25 191 23 24.799 43.423 39.947 1.0 2
770 155 165 437 92 41 6908.0 31457.0 15545.164 272 344 309.407 0 35 23 6.732 [] 7887.0 78 25 0 0 0 4.201 0.55 1.0 3
782 155 161 437 93 41 6906.0 31414.0 15515.673 269 341 309.25 0 35 23 6.732 [] 13264.0 129418 25 130 21 9.403 31.542 23.43 1.0 1
807 170 168 448 95 42 6900.0 31769.0 15223.845 269 342 308.857 0 35 24 6.69 [32-28] 789.0 294251 25 204 32 42.5 53.468 51.609 1.0 2
819 177 172 458 95 42 6899.0 31726.0 15214.62 266 341 308.034 0 38 24 6.69 [] 10533.0 32 25 0 0 0 10.869 2.638 1.0 3
836 172 173 463 97 43 6893.0 31631.0 15164.887 266 340 306.517 0 39 25 6.674 [36-22] 454.0 244996 25 170 26 30.061 43.276 40.299 1.0 2
909 184 177 465 98 43 6884.0 31390.0 15101.331 263 338 306.31 0 40 27 6.674 [] 11953.0 272918 25 272 25 10.952 18.806 17.563 1.0 1
945 214 199 475 98 44 6885.0 31356.0 15101.846 264 339 305.5 0 40 28 6.659 [35-22] 330.0 181436 25 141 25 19.736 42.8 38.371 1.0 2
1020 215 212 479 100 44 6882.0 31281.0 15063.742 263 338 303.5 0 42 30 6.659 [] 16893.0 244075 25 164 24 14.06 40.7 34.947 1.0 1
1032 230 219 489 101 45 6876.0 31124.0 15016.444 260 337 302.433 0 43 31 6.689 [36-25] 374.0 327722 25 192 27 43.85 71.712 61.364 1.0 2
1066 221 216 493 101 45 6875.0 31046.0 14997.022 261 336 302.033 0 42 31 6.689 [] 9650.0 30 25 0 0 0 9.672 2.157 1.0 3
1101 223 226 500 101 46 6870.0 30984.0 14974.783 258 336 301.3 0 45 31 6.674 [35-27] 243.0 229737 25 168 20 8.358 45.895 38.32 1.0 2
1124 206 212 506 101 46 6867.0 30921.0 14952.88 260 335 299.8 0 44 33 6.674 [] 11173.0 137066 25 143 24 4.894 18.268 15.067 1.0 1
1174 228 231 512 102 47 6862.0 30772.0 14903.167 257 334 299.71 0 47 33 6.638 [35-11] 1776.0 319741 25 225 26 37.271 52.117 49.439 1.0 2
1213 228 234 518 102 47 6726.0 30710.0 14438.321 258 333 299.032 0 47 35 6.638 [] 7059.0 72 25 0 0 0 1.613 0.301 1.0 3
1224 245 242 518 102 47 6724.0 30655.0 14425.928 255 333 298.625 0 46 35 6.638 [] 13545.0 134880 25 130 24 9.164 31.582 24.693 1.0 1
1252 237 229 526 103 48 6722.0 30738.0 14589.623 256 333 298.156 0 45 35 6.604 [14-20] 1005.0 198870 25 135 19 24.432 52.547 43.181 1.0 2
1270 232 222 534 103 48 6721.0 30680.0 14577.326 257 333 297.364 0 49 37 6.604 [] 12908.0 120403 25 128 25 9.193 31.582 27.523 1.0 1
1322 245 238 541 104 49 6719.0 30728.0 14570.025 254 332 296.273 0 48 37 6.592 [30-27] 115.0 356206 25 261 30 37.265 44.371 42.524 1.0 2
1402 274 255 545 106 49 6717.0 30576.0 14524.532 256 330 297.206 0 49 40 6.592 [] 15779.0 235008 25 167 30 18.238 36.925 32.904 1.0 1
1419 274 254 551 108 50 6785.0 30757.0 14781.984 253 332 296.057 0 54 42 6.7 [28-25] 100.0 362631 25 255 26 26.613 46.676 41.299 1.0 2
1448 301 271 555 108 50 6783.0 30690.0 14964.503 257 331 296.143 0 54 42 6.7 [] 11685.0 237476 25 239 31 15.965 24.106 21.129 1.0 1
1468 319 283 560 110 51 6783.0 30665.0 14937.457 253 332 295.972 0 53 42 6.706 [34-9] 1345.0 354392 25 252 20 19.905 42.021 37.725 1.0 2
1506 309 280 564 113 51 6783.0 30673.0 14724.734 255 331 295.694 0 53 43 6.706 [] 8017.0 55 25 0 0 0 5.611 1.01 1.0 3
1521 310 286 580 113 52 6782.0 30633.0 14712.427 253 332 295.405 0 54 44 6.731 [34-25] 1499.0 297894 25 175 24 9.387 40.696 35.129 1.0 2
1556 346 308 590 113 52 6782.0 30637.0 14713.74 256 331 295.405 0 53 45 6.731 [] 9567.0 248201 25 234 25 4.969 15.091 13.312 1.0 1
1576 339 308 590 114 52 6782.0 30643.0 14711.253 253 331 294.243 0 52 45 6.731 [] 15798.0 221711 25 191 23 9.295 36.917 32.123 1.0 1
1618 341 310 599 114 53 6778.0 30535.0 14676.832 255 330 294.405 0 56 47 6.698 [13-20] 1366.0 340016 25 204 22 30.774 52.127 48.787 1.0 2
1646 336 303 607 115 53 6778.0 30519.0 14667.014 255 331 294.027 0 58 49 6.698 [] 12510.0 151504 25 155 24 3.979 29.712 24.417 1.0 1
1664 355 297 615 115 54 6776.0 30460.0 14647.777 256 331 293.5 0 56 48 6.685 [11-19] 1880.0 115253 25 88 18 15.794 44.222 36.625 1.0 2
1692 374 311 619 115 54 6775.0 30433.0 14852.205 253 331 292.158 0 57 49 6.685 [] 9647.0 28 25 0 0 0 5.955 1.733 1.0 3
1735 377 315 630 116 55 6772.0 30341.0 14821.156 253 328 291.641 0 54 51 6.691 [35-9] 1092.0 299329 25 223 29 33.307 42.013 39.53 1.0 2
1771 387 329 636 117 55 6772.0 30331.0 14818.623 252 329 290.525 0 58 52 6.691 [] 11193.0 191380 25 188 22 3.468 18.806 16.493 1.0 1
1801 387 335 636 119 56 6770.0 30282.0 14567.156 249 328 290.375 0 59 52 6.679 [10-22] 1994.0 366023 25 213 23 29.819 42.509 40.263 1.0 2
1832 405 339 636 120 56 6770.0 30266.0 14558.681 251 328 289.375 0 56 53 6.679 [] 10392.0 29 25 0 0 0 8.838 2.932 1.0 3
1859 391 330 644 121 57 6767.0 30165.0 14522.367 251 327 288.366 0 57 53 6.667 [33-10] 723.0 216193 25 174 29 20.014 42.45 39.688 1.0 2
1903 427 356 648 121 57 6766.0 30135.0 14710.968 250 327 287.707 0 57 55 6.667 [] 8369.0 45 25 0 0 0 8.133 1.615 1.0 3
1939 466 380 648 122 57 6763.0 30049.0 14682.792 248 327 288.049 0 57 55 6.667 [] 16029.0 158030 25 121 23 11.704 36.925 32.549 1.0 1
1989 463 382 657 122 58 6766.0 30130.0 14692.761 251 328 287.976 0 57 57 6.707 [13-16] 1019.0 419306 25 226 25 39.799 65.809 57.02 1.0 2
2042 477 396 663 122 58 6765.0 30109.0 14684.927 249 327 287.381 0 57 59 6.707 [] 12980.0 235355 25 246 32 11.945 29.711 24.086 1.0 1
2082 506 407 676 122 59 6765.0 30104.0 14493.192 247 327 287.476 0 60 60 6.712 [35-26] 1447.0 170454 25 135 23 21.835 41.939 37.915 1.0 2
2146 499 405 688 122 59 6765.0 30118.0 14497.248 249 327 286.773 0 62 61 6.712 [] 11122.0 57240511 25 212 21 7.31 18.806 15.582 1.0 1
2202 565 433 694 123 60 6766.0 30147.0 14688.533 252 327 287.705 0 62 63 6.683 [38-13] 322.0 347687 25 208 29 26.125 51.99 48.291 1.0 2
2237 558 437 700 125 60 6768.0 30200.0 14692.1 250 328 286.591 0 61 64 6.683 [] 11247.0 198347 25 170 17 2.607 18.806 14.434 1.0 1
2288 591 461 714 126 61 6764.0 30095.0 14648.297 250 328 287 0 62 67 6.689 [12-18] 1145.0 278725 25 218 21 21.386 41.709 37.544 1.0 2
2344 620 475 728 126 61 6765.0 30114.0 14492.83 251 327 287.848 0 62 66 6.689 [] 9452.0 27 25 0 0 0 10.267 2.464 1.0 3
2416 627 482 728 127 61 6770.0 30262.0 14490.688 252 329 288.391 0 64 71 6.689 [] 15636.0 217848 25 162 19 6.376 36.915 30.601 1.0 1
2461 781 549 736 130 62 6772.0 30330.0 14487.133 253 329 288.478 0 63 70 6.661 [34-11] 668.0 243969 25 183 30 35.174 51.577 48.361 1.0 2
2510 808 570 744 132 62 6772.0 30321.0 14470.903 251 330 287.375 0 63 70 6.661 [] 10360.0 215391 25 208 23 3.44 18.254 14.652 1.0 1
2587 826 595 752 133 63 6771.0 30317.0 14812.625 251 329 286.896 0 63 74 6.651 [36-27] 790.0 353556 25 248 26 32.439 42.243 41.024 1.0 2
2669 826 620 756 134 63 6770.0 30276.0 14789.015 251 329 286.041 0 64 76 6.651 [] 12347.0 315161 25 308 23 4.975 29.712 23.748 1.0 1
2710 1095 628 765 136 64 6770.0 30285.0 15094.884 251 329 286.571 0 64 76 6.625 [17-20] 917.0 121537 25 98 22 13.421 51.941 40.134 1.0 2
2809 1115 656 773 136 64 6772.0 30321.0 15101.202 252 330 286.76 0 64 78 6.625 [] 12418.0 213090 25 216 31 16.586 29.712 25.134 1.0 1
2871 1138 662 773 136 64 6772.0 30339.0 14801.536 251 330 286.52 0 63 80 6.625 [] 17428.0 161374 25 125 20 10.219 39.788 34.18 1.0 1
2957 1336 729 779 136 65 6772.0 30321.0 14786.707 251 330 287.373 0 65 86 6.585 [15-21] 371.0 652779 25 395 28 31.812 57.845 53.538 1.0 2
3029 1390 764 785 139 65 6774.0 30398.0 14475.701 252 331 287.434 0 66 87 6.585 [] 8369.0 45 25 0 0 0 4.469 0.607 1.0 3
3077 1485 783 785 141 65 6776.0 30457.0 14839.212 249 329 288.396 0 65 88 6.585 [] 14299.0 255004 25 204 24 13.068 29.725 26.256 1.0 1
3178 1708 815 790 143 66 6779.0 30557.0 14832.917 249 332 288.151 0 66 88 6.545 [34-29] 512.0 386066 25 232 20 27.455 60.418 53.779 1.0 2
3272 1800 834 794 144 66 6778.0 30525.0 14817.317 246 331 288.481 0 67 93 6.545 [] 9556.0 29 25 0 0 0 8.144 2.943 1.0 3
3379 1887 869 799 145 67 6782.0 30634.0 15055.626 246 334 289.564 0 68 98 6.552 [18-18] 78.0 249409 25 175 24 26.483 39.531 37.762 1.0 2
3468 1921 908 801 147 67 6785.0 30741.0 14687.851 243 334 290.182 0 70 101 6.552 [] 8020.0 57 25 0 0 0 6.043 1.005 1.0 3
3566 2002 944 801 147 67 6788.0 30827.0 14706.142 243 336 290.345 0 70 100 6.552 [] 16930.0 196614 25 128 18 8.905 39.787 30.332 1.0 1
3647 2048 954 807 147 68 6788.0 30827.0 14704.332 240 335 290.6 0 71 102 6.529 [30-28] 483.0 302666 25 207 27 30.329 50.873 47.403 1.0 2
3793 2164 1010 813 147 68 6789.0 30857.0 14711.195 240 336 291.673 0 72 107 6.529 [] 12012.0 166553 25 163 17 5.941 24.106 17.509 1.0 1
3909 2155 1025 828 147 69 6793.0 30999.0 14741.475 237 338 292.143 0 72 109 6.536 [31-26] 275.0 214526 25 165 29 23.877 41.024 38.438 1.0 2
4093 2341 1079 836 150 69 6797.0 31108.0 14949.715 236 339 293.088 0 73 116 6.536 [] 12556.0 114575 25 124 23 8.393 29.72 24.275 1.0 1
4158 2407 1083 841 151 70 6798.0 31161.0 14945.966 240 340 293.414 0 75 120 6.529 [10-21] 1843.0 273792 25 187 34 35.519 41.723 40.598 1.0 2
4244 2480 1103 843 153 70 6799.0 31183.0 14932.765 241 341 293.885 0 77 122 6.529 [] 7383.0 59 25 0 0 0 2.607 0.397 1.0 3
4339 2561 1155 843 157 70 6803.0 31308.0 14744.096 243 341 294.683 0 77 123 6.529 [] 13433.0 209671 25 209 23 9.197 29.72 24.525 1.0 1
4423 2555 1168 853 159 71 6806.0 32179.0 15147.765 240 343 294.159 0 77 126 6.507 [35-28] 850.0 460297 25 286 29 32.745 50.364 47.254 1.0 2
4527 2635 1203 863 160 71 6805.0 32105.0 15122.27 242 342 294.492 0 81 129 6.507 [] 8629.0 41 25 0 0 0 6.324 1.675 1.0 3
4605 2707 1234 864 160 72 6807.0 32076.0 15136.465 244 341 294.955 0 82 129 6.5 [10-24] 51.0 297908 25 210 28 24.504 41.607 39.743 1.0 2
4681 2868 1276 864 163 72 6809.0 31502.0 14957.49 241 344 296.061 0 83 131 6.5 [] 6817.0 242 25 0 0 0 0.61 0.134 1.0 3
4790 2914 1294 864 167 72 6813.0 31613.0 14964.468 244 346 297.179 0 86 139 6.5 [] 13752.0 147103 25 143 21 7.757 29.725 24.583 1.0 1
4895 3020 1316 872 167 73 6817.0 31759.0 14819.81 247 348 297.735 0 87 140 6.493 [36-10] 1156.0 252126 25 182 34 35.657 46.05 42.771 1.0 2
5002 3125 1393 880 169 73 6820.0 32201.0 15175.655 248 347 298.029 0 87 146 6.493 [] 8820.0 42 25 0 0 0 9.228 2.626 1.0 3
5110 3173 1413 880 170 73 6887.0 32239.0 15391.069 249 346 298.157 0 86 143 6.493 [] 15228.0 234630 25 195 24 12.411 29.725 26.293 1.0 1
5215 3289 1443 883 173 74 6887.0 32164.0 15368.851 245 348 298.6 0 87 148 6.608 [12-10] 20.0 235682 25 164 24 34.945 43.335 40.895 1.0 2
5352 3442 1481 883 174 74 6887.0 32140.0 15361.236 249 349 299.914 0 88 152 6.608 [] 8044.0 47 25 0 0 0 4.201 1.189 1.0 3
5490 3462 1515 883 175 74 6890.0 32164.0 15379.179 250 351 300.803 0 90 153 6.608 [] 18881.0 231966 25 174 24 18.897 39.788 34.998 1.0 1
5626 3672 1579 893 176 75 6768.0 32214.0 14975.271 251 352 301.833 0 90 163 6.64 [12-16] 1068.0 315765 25 183 32 45.708 64.238 58.862 1.0 2
5802 3843 1631 899 178 75 6769.0 30255.0 14661.434 253 352 303.425 0 92 168 6.64 [] 7002.0 106 25 0 0 0 1.699 0.181 1.0 3
5865 3922 1650 915 179 76 6839.0 32452.0 14913.197 252 355 304 0 93 166 6.645 [34-23] 111.0 320688 25 234 21 13.484 39.943 36.438 1.0 2
6099 4334 1796 923 183 76 6843.0 32563.0 15071.536 251 355 305.117 0 95 174 6.645 [] 15905.0 122847 25 110 22 14.429 35.804 27.921 1.0 1
6236 4448 1831 927 183 77 6843.0 30667.0 15101.497 256 357 306.291 0 95 177 6.636 [37-10] 7.0 228524 25 162 22 13.981 43.274 37.901 1.0 2
6383 4545 1897 931 186 77 6848.0 30788.0 15263.556 254 357 306.325 0 95 178 6.636 [] 7743.0 52 25 0 0 0 3.171 0.523 1.0 3
6572 4688 1938 945 188 78 6917.0 30881.0 15494.116 253 358 307.038 0 95 186 6.654 [11-17] 548.0 362194 25 286 42 28.506 36.821 35.158 1.0 2
6849 4926 2026 953 193 78 6924.0 31071.0 15525.974 260 361 309.75 0 99 194 6.654 [] 17817.0 343823 25 217 26 17.946 35.804 30.924 1.0 1
7004 4985 2096 959 194 79 6927.0 31154.0 15536.921 261 361 310.062 0 100 195 6.633 [37-11] 613.0 507746 25 319 27 40.142 51.392 49.678 1.0 2
7191 5160 2168 965 194 79 6928.0 31182.0 15553.843 262 363 311.125 0 102 200 6.633 [] 12399.0 117056 25 130 28 4.539 18.806 15.303 1.0 1
7388 5307 2253 965 195 79 6931.0 31258.0 15571.182 263 363 311.634 0 102 209 6.633 [] 19748.0 206001 25 155 23 11.844 39.788 34.053 1.0 1
7489 6050 2466 965 197 80 7008.0 30628.0 16036.478 262 364 313.098 0 103 212 6.588 [13-24] 1247.0 304251 25 174 23 30.951 61.309 55.943 1.0 2
7678 6136 2560 965 199 80 7011.0 30685.0 16055.114 265 366 313.619 0 104 217 6.588 [] 10781.0 26 25 0 0 0 9.285 2.565 1.0 3
7856 6482 2640 969 201 81 7008.0 30642.0 15657.066 263 366 315.2 0 105 222 6.58 [39-12] 964.0 428612 25 303 24 34.079 41.456 40.132 1.0 2
8067 6783 2768 973 203 81 7011.0 30678.0 15335.425 267 367 316.115 0 108 224 6.58 [] 9847.0 26 25 0 0 0 4.011 1.201 1.0 3
8227 7068 2880 973 203 81 7015.0 30747.0 15704.299 267 369 317.375 0 109 235 6.58 [] 16275.0 288531 25 243 27 27.455 30.66 29.832 1.0 1
8455 7172 2985 984 205 82 6883.0 29955.0 15294.276 270 371 318.568 0 110 234 6.573 [10-25] 458.0 203879 25 149 20 16.317 41.524 36.832 1.0 2
8652 7391 3118 986 206 82 6887.0 30069.0 15308.571 269 370 318.483 0 112 246 6.573 [] 6949.0 285 25 0 0 0 0.61 0.091 1.0 3
8819 7691 3188 986 208 82 6888.0 30087.0 15640.831 272 369 320.033 0 112 250 6.573 [] 15096.0 213564 25 175 30 14.881 29.725 27.36 1.0 1
9007 8315 3464 992 210 83 6894.0 30244.0 15666.818 269 374 321.011 0 113 262 6.554 [38-15] 1200.0 278873 25 185 24 13.014 51.287 45.871 1.0 2
9210 8558 3574 998 211 83 6897.0 30334.0 15202.477 269 375 322.209 0 114 261 6.554 [] 12159.0 125859 25 131 23 5.561 18.807 15.667 1.0 1
9385 8774 3674 1012 212 84 6900.0 30413.0 15226.262 266 377 322.521 0 115 265 6.571 [33-25] 1146.0 278144 25 207 27 26.431 39.805 38.264 1.0 2
9637 8905 3775 1022 212 84 6832.0 30473.0 15528.968 266 378 322.895 0 116 273 6.571 [] 6888.0 275 25 0 0 0 0.61 0.08 1.0 3
9862 9273 3882 1022 215 84 6833.0 30514.0 15007.515 263 378 324.2 0 119 285 6.571 [] 18347.0 359035 25 247 26 24.504 35.841 33.382 1.0 1
10082 9921 4128 1024 216 85 6835.0 30633.0 15028.226 263 380 325.167 0 118 285 6.553 [32-11] 116.0 163078 25 122 24 33.541 49.739 45.832 1.0 2
10317 10276 4208 1026 217 85 7054.0 31424.0 15741.474 260 381 327.146 0 121 292 6.553 [] 11145.0 19 25 0 0 0 8.692 2.389 1.0 3
10592 10633 4357 1030 219 86 7061.0 31546.0 15786.26 260 383 328.406 0 125 300 6.547 [32-10] 465.0 165887 25 129 26 16.878 41.124 38.573 1.0 2
10869 10668 4446 1034 220 86 7069.0 31685.0 15834.079 262 384 329.263 0 124 314 6.547 [] 8773.0 34 25 0 0 0 4.622 0.816 1.0 3
11081 10968 4560 1034 220 86 6847.0 33195.0 15521.366 259 385 330.07 0 126 320 6.547 [] 15735.0 264488 25 212 34 24.318 35.804 31.005 1.0 1
11357 11248 4689 1036 223 87 6849.0 31390.0 15745.122 262 387 331.68 0 129 322 6.598 [27-26] 539.0 551675 25 318 27 34.369 53.843 46.624 1.0 2
11567 11643 4784 1038 223 87 6853.0 31536.0 15790.665 265 387 333.784 0 129 327 6.598 [] 7409.0 58 25 0 0 0 2.254 0.219 1.0 3
11861 11975 4906 1038 224 87 6863.0 31589.0 15452.175 263 391 334.882 0 131 336 6.598 [] 15032.0 433020 25 335 32 23.016 28.669 27.775 1.0 1
12140 12405 5049 1057 227 88 6865.0 31721.0 15459.542 269 391 335.575 0 131 345 6.602 [36-26] 483.0 204564 25 159 25 24.083 40.96 37.861 1.0 2
12416 12706 5172 1067 231 88 6870.0 31669.0 15643.033 269 394 336.741 0 134 345 6.602 [] 8490.0 34 25 0 0 0 6.711 1.608 1.0 3
12674 12854 5314 1067 234 88 6874.0 32042.0 16536.632 266 396 336.898 0 134 358 6.602 [] 17792.0 199171 25 157 18 5.638 35.839 26.867 1.0 1
12998 13509 5522 1075 236 89 6875.0 32017.0 16509.41 266 397 338.694 0 138 369 6.652 [27-25] 439.0 208157 25 114 20 22.729 59.748 49.216 1.0 2
13290 13811 5641 1083 237 89 6876.0 32196.0 16508.843 263 398 340.127 0 140 378 6.652 [] 10939.0 27 25 0 0 0 9.228 2.951 1.0 3
13602 14378 5748 1091 238 90 7132.0 34314.0 17122.64 263 399 342.631 0 141 384 6.656 [40-13] 740.0 329632 25 235 27 13.533 39.312 36.791 1.0 2
13885 14836 5876 1097 241 90 7138.0 32878.0 17343.484 260 404 344.045 0 142 392 6.656 [] 11749.0 29 25 0 0 0 12.921 2.122 1.0 3
14244 15198 6032 1097 241 90 7142.0 32958.0 17353.142 260 405 345.911 0 144 396 6.656 [] 22649.0 436822 25 268 30 22.98 35.841 34.035 1.0 1
14630 16778 6471 1097 241 91 7148.0 33050.0 16718.878 257 408 348.061 0 147 406 6.637 [28-31] 490.0 356157 25 203 26 25.474 46.487 42.46 1.0 2
15027 17034 6608 1097 241 91 6988.0 33173.0 16244.217 260 410 349.379 0 147 424 6.637 [] 7391.0 77 25 0 0 0 1.557 0.306 1.0 3
15297 17487 6748 1097 241 91 7174.0 33501.0 16871.827 257 411 350.586 0 148 443 6.637 [] 17006.0 264143 25 229 32 20.806 27.345 26.067 1.0 1
15624 18198 6909 1099 243 92 7177.0 33561.0 16892.79 262 412 353.398 0 152 435 6.63 [27-31] 316.0 217541 25 146 22 20.441 40.042 35.852 1.0 2
16196 19269 7194 1101 246 92 7095.0 35707.0 17832.751 265 416 356.118 0 155 469 6.63 [] 12281.0 19 25 0 0 0 9.295 2.52 1.0 3
16579 19641 7403 1101 247 92 7103.0 35926.0 17875.452 267 418 356.273 0 160 471 6.63 [] 22164.0 502140 25 322 26 27.669 35.842 34.541 1.0 1
17001 20548 7654 1105 248 93 7294.0 35583.0 17546.653 272 419 359.333 0 163 482 6.624 [10-23] 36.0 350243 25 228 36 34.736 41.206 39.991 1.0 2
17415 21368 7925 1109 250 93 7305.0 35763.0 17642.187 274 424 360.688 0 165 501 6.624 [] 10523.0 28 25 0 0 0 9.228 1.431 1.0 3
17715 21765 8122 1109 254 93 7310.0 35847.0 18399.043 274 424 361.484 0 164 513 6.624 [] 20158.0 272317 25 185 22 6.757 30.66 25.564 1.0 1
18037 22573 8263 1115 255 94 7315.0 35943.0 18431.905 271 424 364.417 0 164 509 6.617 [34-22] 1109.0 279523 25 183 26 23.547 40.719 38.686 1.0 2
18521 23398 8629 1121 258 94 7332.0 36230.0 18660.384 271 430 365.48 0 166 524 6.617 [] 10658.0 31 25 0 0 0 8.133 2.139 1.0 3
18923 24476 8891 1121 261 94 7343.0 36433.0 18711.62 268 431 369.426 0 162 534 6.617 [] 19285.0 188183 25 154 21 7.565 28.664 23.693 1.0 1
19280 25455 9188 1125 261 95 7157.0 37372.0 18149.618 268 434 372.192 0 164 544 6.663 [11-14] 752.0 545174 25 264 25 22.943 44.638 38.572 1.0 2
19739 26740 9553 1125 264 95 7166.0 37634.0 18198.092 265 438 375.275 0 171 569 6.663 [] 11124.0 27 25 0 0 0 9.721 1.159 1.0 3
20110 27111 9771 1125 270 95 7074.0 35123.0 17916.057 267 441 375.867 0 170 568 6.663 [] 20367.0 282845 25 199 26 19.968 35.834 31.562 1.0 1
20605 28674 10493 1135 276 96 7285.0 36004.0 17995.952 264 442 377.956 0 173 571 6.646 [33-11] 1472.0 317937 25 196 30 38.31 49.596 45.364 1.0 2
21034 29693 10806 1145 279 96 7294.0 36203.0 18032.418 271 446 380.713 0 175 594 6.646 [] 12783.0 172789 25 170 21 5.844 18.254 14.959 1.0 1
21513 30940 11182 1145 280 96 7305.0 36459.0 18363.856 268 447 383.471 0 179 611 6.646 [] 19247.0 268590 25 165 25 9.813 28.664 24.73 1.0 1
21995 32433 11513 1153 284 97 7318.0 36773.0 18355.965 277 451 388.693 0 179 621 6.66 [36-24] 4632.0 395260 25 258 22 20.097 39.364 36.815 1.0 2
22487 33382 11805 1161 286 97 7336.0 37199.0 18315.388 281 456 390.655 0 182 649 6.66 [] 15637.0 282649 25 227 27 2.811 24.105 18.288 1.0 1
22987 34587 12229 1161 289 97 7347.0 37437.0 18378.782 286 460 394.193 0 181 638 6.66 [] 22256.0 298172 25 208 31 17.507 35.804 30.577 1.0 1
23591 36496 12695 1169 292 98 7360.0 37760.0 17923.55 289 464 400.503 0 182 666 6.643 [12-20] 509.0 421942 25 238 31 42.656 49.649 47.384 1.0 2
24081 37550 13066 1177 294 98 7384.0 38299.0 18377.465 294 471 404.973 0 187 680 6.643 [] 10677.0 27 25 0 0 0 4.292 0.913 1.0 3
24634 38720 13408 1177 299 98 7169.0 38669.0 18041.937 299 475 409.762 0 191 695 6.643 [] 22425.0 342614 25 234 29 18.273 35.839 31.413 1.0 1
25240 40052 13897 1181 300 99 7182.0 38071.0 18483.184 304 480 415.281 0 190 715 6.717 [12-11] 1494.0 579651 25 316 40 46.27 49.834 48.015 1.0 2
25855 40621 14364 1185 303 99 7446.0 39748.0 19941.412 310 487 418.742 0 194 733 6.717 [] 11132.0 24 25 0 0 0 9.721 1.489 1.0 3
26367 41565 14656 1185 309 99 7459.0 40067.0 18558.059 317 491 424.152 0 192 762 6.717 [] 16527.0 197167 25 168 23 18.587 25.759 24.049 1.0 1
26979 42835 15080 1185 312 99 7488.0 40725.0 19882.55 323 495 430.994 0 192 779 6.717 [] 24346.0 286098 25 196 23 12.572 35.804 29.843 1.0 1
27449 44603 15451 1191 313 100 7512.0 41289.0 20063.947 329 504 439.463 0 188 775 6.71 [18-19] 4.0 179229 25 110 23 23.469 40.881 37.839 1.0 2
28691 46515 16261 1197 320 100 7573.0 42711.0 20413.194 325 521 451.145 0 188 810 6.71 [] 12179.0 35 25 0 0 0 9.228 1.832 1.0 3
29236 48571 16678 1197 322 100 7591.0 43138.0 19415.234 325 530 461.958 0 191 825 6.71 [] 22871.0 126156 25 92 13 5.962 30.66 21.344 1.0 1
29931 50105 17187 1197 326 100 7793.0 44199.0 20502.934 336 536 470.26 0 194 849 6.71 [] 29745.0 203444 25 135 20 19.577 39.121 33.858 1.0 1
30569 51425 17567 1205 329 101 7827.0 44795.0 19725.782 344 544 478.149 0 199 882 6.723 [32-25] 901.0 207088 25 117 25 24.589 47.973 38.234 1.0 2
31387 53080 18152 1213 332 101 7868.0 45559.0 20600.583 355 552 487.017 0 201 888 6.723 [] 10743.0 30 25 0 0 0 3.776 0.264 1.0 3
32116 53500 18529 1213 333 101 7262.0 46333.0 19277.921 365 562 492.539 0 196 906 6.723 [] 18838.0 123603 25 107 22 10.219 28.664 25.949 1.0 1
32979 56185 19254 1213 334 101 7579.0 48826.0 21453.757 367 569 504.151 0 200 913 6.723 [] 27681.0 274855 25 176 24 7.473 35.839 32.051 1.0 1
33676 56890 19725 1223 336 102 8168.0 50683.0 21791.325 379 580 509.206 0 197 950 6.725 [36-23] 3210.0 255615 25 171 34 29.868 39.121 37.469 1.0 2
34556 59494 20326 1233 340 102 8197.0 51194.0 22700.815 385 593 521.318 0 201 959 6.725 [] 13261.0 23 25 0 0 0 5.79 1.396 1.0 3
35441 61062 21020 1233 345 102 7859.0 49404.0 21549.786 396 600 530.107 0 204 983 6.725 [] 22378.0 274181 25 184 21 7.312 27.338 21.856 1.0 1
36174 61641 21500 1233 349 102 7895.0 50228.0 22696.497 407 609 535.47 0 207 1000 6.725 [] 27728.0 324765 25 218 23 13.653 35.804 30.176 1.0 1
36856 64054 22018 1242 351 103 7918.0 50764.0 22008.98 414 617 547.413 0 208 1000 6.748 [11-16] 165.0 309511 25 145 33 26.101 43.164 38.301 1.0 2
37670 64615 22555 1248 357 103 8166.0 51745.0 23363.839 425 627 552.926 0 213 1000 6.748 [] 9938.0 50 25 0 0 0 2.068 0.264 1.0 3
38253 66806 22996 1248 362 103 7988.0 52394.0 23803.552 431 631 564.584 0 209 1000 6.748 [] 21088.0 162784 25 137 24 5.248 24.106 18.284 1.0 1
39021 68609 23608 1248 366 103 8028.0 53345.0 22694.867 443 649 573.136 0 210 1000 6.748 [] 28539.0 297431 25 177 29 16.938 31.556 29.464 1.0 1
39715 68877 24157 1248 369 103 8065.0 54194.0 23369.14 452 654 578.37 0 215 1000 6.748 [] 34855.0 193218 25 139 30 15.112 35.395 32.655 1.0 1
40509 73625 25607 1254 371 104 8313.0 54765.0 25535.374 460 660 591.358 0 213 1000 6.721 [35-29] 592.0 513454 25 285 36 32.231 56.571 47.747 1.0 2
41937 76634 26614 1260 383 104 7726.0 54226.0 23233.966 480 685 611.559 0 213 1000 6.721 [] 12464.0 38 25 0 0 0 9.721 2.013 1.0 3
42766 78198 27187 1260 387 104 8216.0 57718.0 24428.931 492 699 623.391 0 212 1000 6.721 [] 17927.0 21 25 0 0 0 7.137 2.574 1.0 3
43460 78714 27637 1260 392 104 8014.0 58789.0 23390.21 503 707 630.204 0 208 1000 6.721 [] 23989.0 456311 25 328 29 8.661 27.338 22.557 1.0 1
43964 80396 28130 1260 395 104 8040.0 57059.0 25200.677 513 714 641.319 0 204 1000 6.721 [] 34251.0 412862 25 240 29 15.182 35.108 31.751 1.0 1
44645 83404 28765 1260 398 104 8332.0 60436.0 26962.078 524 725 657.071 1 204 1000 6.721 [] 39596.0 442511 25 230 30 29.197 37.561 33.833 1.0 1
45444 85387 29528 1264 401 105 8391.0 61805.0 28056.162 539 748 669.35 0 207 1000 6.762 [27-23] 446.0 853069 25 365 28 31.717 46.011 39.453 1.0 2
46694 89265 30928 1268 412 105 8193.0 57193.0 25688.143 558 761 693.594 0 206 1000 6.762 [] 15675.0 21 25 0 0 0 7.275 1.6 1.0 3
47476 89680 31566 1268 415 105 11678.0 67080.0 35348 578 778 700.891 0 201 1000 6.762 [] 24022.0 20 25 0 0 0 11.902 1.851 1.0 3
48005 93102 32165 1268 420 105 11678.0 67080.0 34063.842 585 799 718.172 0 198 1000 6.762 [] 33059.0 265290 25 195 25 6.457 25.759 22.225 1.0 1
48593 93200 32668 1268 423 105 8071.0 67242.0 25973.989 596 806 725.034 0 192 1000 6.762 [] 39286.0 420807 25 223 19 16.181 42.797 33.131 1.0 1
49143 95137 33281 1274 425 106 8090.0 61465.0 26152.621 611 813 737.951 0 197 1000 6.792 [16-15] 280.0 596866 25 248 28 36.951 52.588 46.014 1.0 2
49653 98908 33896 1274 427 106 8122.0 62419.0 25781.463 612 823 755.159 0 194 1000 6.792 [] 10578.0 37 25 0 0 0 3.179 0.76 1.0 3
50225 100563 34577 1274 436 106 9098.0 68243.0 28119.275 605 844 767.198 0 191 1000 6.792 [] 21712.0 22 25 0 0 0 8.615 2.816 1.0 3
50849 100777 35135 1274 440 106 9152.0 69325.0 30681.546 617 859 773.827 0 191 1000 6.792 [] 32968.0 243576 25 167 25 15.184 30.66 27.758 1.0 1
51344 104431 35868 1274 447 106 8842.0 72332.0 34006.533 626 864 793.362 0 191 1000 6.792 [] 44145.0 281166 25 168 32 18.199 35.667 33.272 1.0 1
51777 103429 36198 1277 451 107 8917.0 74072.0 29616.422 647 885 800.943 0 189 1000 6.841 [11-13] 2055.0 7298152 25 156 30 26.336 42.893 37.525 1.0 2
52205 106684 36651 1279 454 107 9302.0 74687.0 29976.731 656 892 821.899 0 189 1000 6.841 [] 13785.0 39 25 0 0 0 5.064 0.781 1.0 3
52624 106222 37111 1279 459 107 9024.0 76581.0 30382.535 673 915 829.336 0 192 1000 6.841 [] 21830.0 53 25 0 0 0 7.277 2.892 1.0 3
53216 109201 37794 1279 465 107 9054.0 77287.0 31523.686 688 921 851.122 0 188 1000 6.841 [] 29167.0 48 25 0 0 0 7.661 2.788 1.0 3
53412 108504 38022 1287 466 108 9968.0 74610.0 31879.565 705 946 858.638 0 187 1000 6.843 [36-9] 2184.0 499558 25 300 32 19.241 38.475 36.61 1.0 2
53828 109590 38548 1295 471 108 9567.0 79890.0 33171.587 716 949 874.256 0 181 1000 6.843 [] 13888.0 32 25 0 0 0 4.14 0.865 1.0 3
54493 110697 38962 1295 474 108 9221.0 81181.0 30936.62 728 969 890.474 1 181 1000 6.843 [] 24608.0 43 25 0 0 0.018 12.921 2.86 1.0 3
54837 111647 39411 1295 477 108 9702.0 80370.0 31832.43 745 991 905.15 0 181 1000 6.843 [] 33436.0 307319 25 228 37 14.917 22.41 19.915 1.0 1
55123 114362 39739 1295 482 108 10252.0 79523.0 33043.485 760 1000 926.937 0 175 1000 6.843 [] 44566.0 441998 25 276 27 29.009 35.395 34.122 1.0 1
55250 113292 39748 1295 491 108 13134.0 80894.0 39064.655 780 1023 934.15 0 178 1000 6.843 [] 56425.0 292649 25 178 20 12.961 38.044 31.965 1.0 1
55543 113915 39981 1301 495 109 13239.0 81884.0 37023.057 795 1027 949.377 0 173 1000 6.862 [33-7] 450.0 286041 25 143 29 36.518 59.818 50.462 1.0 2
56567 116061 40765 1301 504 109 11135.0 84605.0 39165.23 820 1061 978.761 0 175 1000 6.862 [] 21479.0 25 25 0 0 0 4.469 0.72 1.0 3
57079 117236 41192 1301 510 109 11229.0 86014.0 43747.609 840 1084 993.671 0 175 1000 6.862 [] 27179.0 36 25 0 0 0 8.615 1.946 1.0 3
57480 118080 41493 1301 515 109 9679.0 91870.0 35698.291 857 1096 1008.353 0 170 1000 6.862 [] 35826.0 319462 25 232 24 11.335 22.426 19.969 1.0 1
57885 118467 41764 1301 519 109 9733.0 93136.0 38064.905 868 1108 1022.224 2 176 1000 6.862 [] 47087.0 220508 25 141 16 5.981 28.665 22.478 1.0 1
58451 121727 42137 1301 522 109 9782.0 95211.0 38775.621 886 1129 1044.809 2 173 1000 6.862 [] 53786.0 360134 25 201 21 9.863 33.816 27.127 1.0 1
58980 122457 42487 1301 532 109 10389.0 97099.0 40736.883 908 1143 1059.071 0 168 1000 6.862 [] 59961.0 369358 25 212 34 24.899 32.804 31.064 1.0 1
59439 121489 42726 1312 538 110 10457.0 95532.0 37206.321 922 1161 1065.376 0 162 1000 6.909 [12-13] 1373.0 573448 25 272 32 34.475 41.217 38.006 1.0 2
60340 123326 43391 1318 553 110 10588.0 98155.0 42737.029 952 1191 1094.11 0 165 1000 6.909 [] 20486.0 24 25 0 0 0 7.275 1.299 1.0 3
60764 126355 43610 1318 558 110 10619.0 99421.0 45804.644 962 1195 1117.126 1 161 1000 6.909 [] 26968.0 27 25 0 0 0 13.324 1.989 1.0 3
61263 127475 44005 1318 565 110 10710.0 101008.0 41131.442 981 1218 1131.881 0 164 1000 6.909 [] 33224.0 35 25 0 0 0 9.559 2.673 1.0 3
61670 125723 44377 1318 568 110 12160.0 97668.0 42462.919 1004 1240 1136.944 0 159 1000 6.909 [] 45054.0 168498 25 120 23 5.732 25.759 21.366 1.0 1
62015 129019 44678 1318 571 110 11445.0 105239.0 46047.5 1003 1254 1161.021 0 158 1000 6.909 [] 54238.0 43866388 25 367 29 10.67 25.679 20.505 1.0 1
62721 128058 45286 1318 576 110 11565.0 104555.0 41466.525 1029 1266 1167.229 1 161 1000 6.909 [] 60077.0 377601 25 214 30 17.634 28.665 26.282 1.0 1
63015 128647 45498 1318 580 111 10938.0 105193.0 38574.767 1033 1279 1181.788 0 155 1000 6.946 [22-17] 3168.0 526582 25 256 25 14.214 40.68 35.403 1.0 2
63303 129325 45668 1318 586 111 10999.0 106422.0 40153.588 1049 1287 1196.874 0 153 1000 6.946 [] 13364.0 49 25 0 0 0 0.973 0.129 1.0 3
63761 132208 45892 1318 588 111 12534.0 103230.0 43093.521 1062 1303 1223.074 4 159 1000 6.946 [] 20529.0 23 25 0 0 0 5.131 1.732 1.0 3
64096 130484 46074 1318 591 111 13615.0 105687.0 48351.183 1093 1324 1228.962 0 157 1000 6.946 [] 29362.0 29 25 0 0 0 4.564 1.368 1.0 3
64591 133471 46161 1318 594 111 12743.0 110681.0 50685.474 1085 1337 1255.01 1 155 1000 6.946 [] 36138.0 45 25 0 0 0 11.273 2.875 1.0 3
64909 133942 46212 1318 601 111 13808.0 108451.0 55350.227 1115 1361 1271.472 0 154 1000 6.946 [] 41538.0 31 25 0 0 0 7.482 2.166 1.0 3
65077 131475 46128 1318 610 111 13931.0 107585.0 60728.902 1137 1382 1278.022 0 155 1000 6.946 [] 53010.0 262599 25 162 17 2.491 16.611 12.209 1.0 1
65558 132374 46520 1318 616 111 14001.0 108473.0 54038.043 1142 1397 1296.138 0 151 1000 6.946 [] 63117.0 339781 25 199 23 8.18 21.019 19.423 1.0 1
65771 135589 46787 1318 624 111 10837.0 114386.0 42670.152 1157 1407 1324.238 0 154 1000 6.946 [] 69247.0 306987 25 142 19 9.205 35.322 28.205 1.0 1
66042 133512 46949 1318 631 111 12412.0 116855.0 51218.316 1176 1439 1330.562 0 145 1000 6.946 [] 76868.0 386949 25 207 28 24.641 32.182 30.312 1.0 1
66492 137262 47209 1318 634 111 14348.0 112918.0 59656.911 1173 1443 1357.362 1 149 1000 6.946 [] 86108.0 210171 25 135 29 13.576 28.665 25.249 1.0 1
66871 136074 47415 1324 643 112 15742.0 120597.0 56852.249 1221 1469 1364.079 0 144 1000 6.955 [37-25] 853.0 558718 25 238 30 16.577 44.128 36.226 1.0 2
67443 137465 47858 1330 655 112 14771.0 120689.0 63130.074 1251 1506 1399.193 0 146 1000 6.955 [] 15883.0 174 25 0 0 0 0.61 0.088 1.0 3
67814 140625 48063 1330 657 112 12805.0 123643.0 52958.239 1264 1513 1430.124 0 145 1000 6.955 [] 24850.0 23 25 0 0 0 4.201 1.182 1.0 3
68163 138871 48390 1330 663 112 12955.0 126244.0 54078.105 1290 1546 1437.506 0 145 1000 6.955 [] 33999.0 28 25 0 0 0 5.606 1.791 1.0 3
68442 139263 48628 1330 669 112 13991.0 124908.0 58787.745 1302 1551 1456.493 0 140 1000 6.955 [] 42896.0 41 25 0 0 0 7.565 2.499 1.0 3
68965 140051 49073 1330 675 112 14091.0 129210.0 63390.984 1317 1578 1476.026 0 140 1000 6.955 [] 53104.0 208489 25 147 22 3.861 16.611 12.068 1.0 1
69154 140616 49144 1330 682 112 10827.0 125954.0 56832.185 1338 1591 1495.707 0 138 1000 6.955 [] 61513.0 453549 25 258 25 15.756 32.182 29.576 1.0 1
69505 141457 49394 1330 688 112 10889.0 127593.0 45743.653 1358 1614 1515.766 0 138 1000 6.955 [] 66528.0 465656 25 208 24 14.453 33.88 29.26 1.0 1
69740 142182 49544 1330 698 112 10954.0 135850.0 57849.428 1380 1643 1535.043 0 136 1000 6.955 [] 76514.0 699138 25 296 28 19.445 39.452 33.877 1.0 1
70221 145634 49956 1330 701 112 17163.0 136262.0 73441.877 1398 1651 1567.716 0 139 1000 6.955 [] 81944.0 199592 25 104 21 3.457 21.018 15.657 1.0 1
70649 143601 50389 1330 703 112 13657.0 138982.0 58626.465 1410 1683 1575.789 0 137 1000 6.955 [] 88484.0 243827 25 140 30 20.37 32.182 28.624 1.0 1
70746 146238 50442 1330 706 112 14799.0 139120.0 61976.216 1395 1699 1608.653 3 136 1000 6.955 [] 95702.0 182207 25 105 23 12.895 28.665 24.188 1.0 1
70891 146916 50744 1330 709 112 14986.0 139713.0 59253.103 1429 1729 1629.769 0 133 1000 6.955 [] 101064.0 224507 25 123 22 10.334 32.181 25.517 1.0 1
71223 147485 50970 1334 715 113 12102.0 144403.0 67399.184 1450 1760 1651.901 0 135 1000 6.991 [13-14] 420.0 532007 25 211 37 39.016 46.386 41.523 1.0 2
71667 145071 51072 1336 725 113 16741.0 147819.0 64786.425 1499 1793 1682.641 0 126 1000 6.991 [] 17406.0 147 25 0 0 0 0.61 0.102 1.0 3
71911 148381 51418 1336 732 113 16780.0 148642.0 72850.527 1484 1805 1717.283 1 130 1000 6.991 [] 27720.0 354 25 0 0 0 3.179 0.739 1.0 3
72325 148603 51631 1336 736 113 13356.0 153756.0 55387.011 1540 1853 1740.091 0 130 1000 6.991 [] 37879.0 56 25 0 0 0 7.581 2.066 1.0 3
72793 149734 51940 1336 739 113 14549.0 153802.0 64278.369 1566 1857 1763.156 0 130 1000 6.991 [] 48990.0 335155 25 207 22 4.869 14.116 12.122 1.0 1
73462 150464 52295 1336 740 113 20910.0 154669.0 74292.524 1588 1886 1786.733 0 129 1000 6.991 [] 58998.0 33 25 0 0 0 7.437 2.302 1.0 3
74058 151175 52804 1336 745 113 14779.0 158204.0 75847.891 1608 1910 1809.759 0 131 1000 6.991 [] 66015.0 320182 25 212 31 7.825 18.806 16.317 1.0 1
74415 151583 53085 1336 749 113 19340.0 160255.0 76463.325 1632 1933 1834.019 0 133 1000 6.991 [] 73959.0 210596 25 137 23 10.859 21.075 18.107 1.0 1
74561 152010 53184 1336 751 113 16330.0 159712.0 63783.537 1660 1950 1856.966 0 125 1000 6.991 [] 79510.0 451352 25 271 30 11.5 21.075 19.575 1.0 1
74798 152581 53251 1336 756 113 21758.0 162710.0 80589.431 1674 1982 1881.473 1 124 1000 6.991 [] 84592.0 233744 25 144 22 8.131 18.027 15.791 1.0 1
75064 153091 53400 1336 760 113 16604.0 163794.0 66695.022 1706 2005 1905.343 1 127 1000 6.991 [] 92749.0 343145 25 204 25 9.963 25.656 20.838 1.0 1
75591 150794 53878 1336 766 113 16748.0 165941.0 74945.401 1730 2031 1915.033 0 123 1000 6.991 [] 98454.0 321745 25 179 33 15.735 25.656 22.991 1.0 1
75709 154492 54113 1336 769 113 18390.0 164683.0 81911.171 1736 2043 1954.013 2 126 1000 6.991 [] 105064.0 321674 25 182 20 5.065 23.121 18.305 1.0 1
76283 154894 54589 1336 776 113 15634.0 172563.0 67522.407 1782 2078 1977.169 0 123 1000 6.991 [] 110949.0 195590 25 108 26 15.163 32.182 29.137 1.0 1
76718 152659 54994 1336 781 113 17175.0 172287.0 71508.34 1800 2102 1986.357 0 119 1000 6.991 [] 120206.0 326236 25 166 23 14.833 35.395 32.465 1.0 1
76961 152911 55113 1336 785 113 17225.0 173032.0 80242.547 1813 2113 2008.793 1 122 1000 6.991 [] 126204.0 309879 25 161 23 10.196 32.182 27.303 1.0 1
76900 152977 54977 1336 788 113 17377.0 175289.0 78823.593 1836 2134 2032.068 0 121 1000 6.991 [] 137381.0 228036 25 111 22 9.124 32.947 27.677 1.0 1
77264 156594 55405 1336 796 113 17497.0 177084.0 83301.963 1854 2162 2070.49 2 122 1000 6.991 [] 147552.0 488847 25 202 28 22.155 35.41 32.164 1.0 1
77874 157157 55713 1336 802 113 17723.0 180447.0 77009.867 1897 2215 2095.501 0 123 1000 6.991 [] 155777.0 754566 25 278 27 21.74 37.258 33.211 1.0 1
78244 154342 55909 1336 807 113 21631.0 185510.0 92839.408 1916 2229 2103.522 0 124 1000 6.991 [] 165771.0 169577 25 93 21 12.42 32.156 24.328 1.0 1
78429 157833 55890 1340 813 114 16397.0 185757.0 84356.712 1941 2273 2145.48 0 117 1000 7.026 [10-14] 6994.0 360818 25 147 34 24.23 46.648 39.935 1.0 2
79098 158648 56219 1344 821 114 16647.0 190532.0 84471.981 1980 2316 2194.774 0 119 1000 7.026 [] 26411.0 22 25 0 0 0 1.699 0.425 1.0 3
79545 156255 56447 1344 827 114 24881.0 192343.0 99486.772 2022 2324 2204.049 0 121 1000 7.026 [] 38136.0 26 25 0 0 0 2.672 0.318 1.0 3
79684 159698 56475 1344 834 114 24984.0 194485.0 96523.712 2041 2376 2248.008 0 124 1000 7.026 [] 49942.0 19 25 0 0 0 4.948 0.911 1.0 3
79733 156301 56466 1344 839 114 22865.0 199110.0 88852.89 2085 2377 2256.243 0 120 1000 7.026 [] 60926.0 47 25 0 0 0 3.564 1.022 1.0 3
79889 156844 56604 1344 844 114 22917.0 199682.0 99446.134 2089 2393 2282.398 0 117 1000 7.026 [] 66522.0 49 25 0 0 0 5.606 1.093 1.0 3
80166 160897 56763 1344 847 114 18976.0 199082.0 79292.264 2098 2421 2326.853 2 117 1000 7.026 [] 76424.0 19 25 0 0 0.083 10.532 2.824 1.0 3
80313 160738 56680 1344 853 114 19233.0 203687.0 105872.288 2158 2466 2354.627 0 121 1000 7.026 [] 87850.0 182747 25 116 23 3.745 18.806 14.447 1.0 1
80527 160652 56825 1344 855 114 21404.0 203289.0 93102.773 2186 2490 2381.279 0 119 1000 7.026 [] 95167.0 298764 25 191 24 5.333 17.722 14.953 1.0 1
80875 161163 56960 1344 858 114 21591.0 205678.0 91714.162 2214 2525 2409.193 0 115 1000 7.026 [] 105612.0 290417 25 179 23 5.242 18.806 15.709 1.0 1
81079 161259 57072 1344 863 114 17944.0 212492.0 91000.069 2241 2546 2436.952 0 114 1000 7.026 [] 111646.0 393240 25 216 25 11.269 27.781 22.792 1.0 1
81458 160737 57279 1344 873 114 18083.0 214892.0 105423.382 2273 2577 2462.517 0 115 1000 7.026 [] 122118.0 662830 25 347 25 9.151 28.665 26.337 1.0 1
81825 158201 57602 1360 876 115 14022.0 214968.0 78100.948 2284 2598 2472.309 0 113 1000 7.061 [12-14] 2176.0 728708 25 288 34 32.083 44.432 39.77 1.0 2
82073 161215 57449 1368 893 115 20534.0 222263.0 81540.396 2379 2689 2573.681 0 108 1000 7.061 [] 24885.0 30 25 0 0 0 1.699 0.225 1.0 3
82551 161235 57745 1368 897 115 28357.0 225325.0 123196.875 2407 2716 2600.386 0 107 1000 7.061 [] 30260.0 115 25 0 0 0 0.61 0.109 1.0 3
82744 157496 57717 1368 905 115 28601.0 227632.0 136346.899 2433 2743 2610.137 0 109 1000 7.061 [] 40195.0 28 25 0 0 0 2.09 0.325 1.0 3
83125 161381 57984 1368 909 115 20920.0 228007.0 99513.224 2446 2754 2660.235 1 105 1000 7.061 [] 49196.0 46 25 0 0 0 6.043 1.25 1.0 3
83428 158885 58195 1368 917 115 19215.0 234466.0 89271.132 2487 2802 2670.338 0 101 1000 7.061 [] 55018.0 24 25 0 0 0 7.482 2.486 1.0 3
83563 159054 58205 1368 921 115 19267.0 235359.0 100809.681 2494 2825 2700.346 0 99 1000 7.061 [] 62303.0 24 25 0 0 0 8.942 2.687 1.0 3
83621 158924 58203 1368 927 115 17660.0 240212.0 94015.065 2518 2865 2729.531 0 102 1000 7.061 [] 69553.0 319131 25 184 30 4.518 16.611 15.187 1.0 1
83795 159305 58380 1368 934 115 19571.0 240615.0 103409.186 2554 2872 2759.248 1 101 1000 7.061 [] 78057.0 249094 25 140 21 3.409 16.611 13.327 1.0 1
83911 158819 58303 1368 942 115 19717.0 243146.0 98065.002 2578 2920 2788.647 0 102 1000 7.061 [] 89250.0 331458 25 210 27 6.881 18.806 16.622 1.0 1
84289 159413 58452 1368 948 115 19865.0 245705.0 76975.263 2615 2929 2821.472 0 99 1000 7.061 [] 96926.0 250955 25 168 32 12.987 18.806 17.184 1.0 1
84346 159185 58450 1368 957 115 15187.0 241787.0 76955.725 2641 2965 2851.594 0 99 1000 7.061 [] 106925.0 379314 25 203 27 11.529 32.182 27.681 1.0 1
84496 161963 58225 1368 960 115 27624.0 244366.0 120636.902 2667 3041 2902.384 0 103 1000 7.061 [] 113734.0 416676 25 277 26 10.356 17.003 15.856 1.0 1
84608 158790 58327 1368 965 115 28058.0 249151.0 125879.818 2725 3045 2913.719 0 96 1000 7.061 [] 121372.0 174292 25 116 22 3.541 16.611 13.188 1.0 1
84960 159315 58560 1368 970 115 28125.0 254408.0 110824.506 2697 3058 2941.889 1 98 1000 7.061 [] 129881.0 285085 25 187 23 8.335 17.726 15.955 1.0 1
85024 162808 58332 1368 975 115 28351.0 256832.0 111479.264 2762 3091 2995.819 3 96 1000 7.061 [] 140589.0 330397 25 203 26 8.334 17.726 16.053 1.0 1
84887 162769 58090 1368 981 115 25775.0 261582.0 115799.343 2815 3144 3027.443 0 96 1000 7.061 [] 147372.0 349552 25 213 25 6.82 21.174 18.664 1.0 1
85037 159408 58170 1368 992 115 19080.0 268727.0 113218.804 2816 3176 3037.395 0 94 1000 7.061 [] 154936.0 554271 25 261 27 14.629 32.914 29.026 1.0 1
85294 162947 58049 1368 999 115 19125.0 269623.0 108688.586 2830 3187 3091.814 3 96 1000 7.061 [] 160787.0 403884 25 177 27 17.972 33.892 30.531 1.0 1
85599 162928 58251 1368 1001 115 19358.0 274312.0 94025.441 2886 3242 3121.86 1 97 1000 7.061 [] 171082.0 402747 25 166 28 14.034 35.935 30.829 1.0 1
85956 159989 58568 1368 1007 115 23915.0 272580.0 110250.834 2911 3273 3131.445 0 95 1000 7.061 [] 181189.0 442767 25 225 26 5.228 28.66 24.758 1.0 1
86448 163208 58576 1368 1008 115 26707.0 271201.0 119659.567 2925 3286 3185.906 2 98 1000 7.061 [] 190321.0 389693 25 171 19 10.123 26.129 20.046 1.0 1
86435 163143 58552 1368 1016 115 38292.0 276909.0 144878.249 2995 3342 3219.089 0 98 1000 7.061 [] 201412.0 167332 25 109 22 6.525 18.806 14.883 1.0 1
86453 163093 58565 1368 1024 115 38616.0 282019.0 157532.812 2995 3397 3252.373 0 97 1000 7.061 [] 212189.0 433879 25 268 27 10.103 21.018 18.311 1.0 1
86534 159711 58496 1368 1031 115 24686.0 284050.0 119083.935 3039 3405 3262.295 0 92 1000 7.061 [] 222166.0 673363 25 277 39 32.181 34.289 33.324 1.0 1
86745 162604 58461 1368 1034 115 30886.0 280328.0 133832.295 3008 3419 3312.183 1 95 1000 7.061 [] 228936.0 378541 25 201 29 18.432 30.141 26.753 1.0 1
87186 162385 58811 1368 1038 115 31273.0 284594.0 135440.026 3083 3466 3343.497 1 95 1000 7.061 [] 235052.0 418657 25 217 26 9.105 30.141 25.932 1.0 1
87348 159922 59071 1374 1041 116 20449.0 280921.0 98135.892 3113 3500 3353.787 0 96 1000 7.069 [34-8] 7177.0 477595 25 173 31 21.052 49.268 42.356 1.0 2
87213 159611 58703 1380 1056 116 32146.0 296985.0 160557.008 3203 3579 3452.656 0 89 1000 7.069 [] 34221.0 92 25 0 0 0 0.61 0.118 1.0 3
87365 163091 58760 1380 1060 116 36443.0 302041.0 149631.051 3235 3610 3509.849 2 93 1000 7.069 [] 43854.0 26 25 0 0 0 1.011 0.36 1.0 3
87360 159869 58650 1380 1070 116 37001.0 307338.0 161925.183 3299 3677 3520.669 0 90 1000 7.069 [] 54856.0 20 25 0 0 0 1.513 0.073 1.0 3
87608 163152 58752 1380 1075 116 37088.0 308159.0 142816.657 3299 3718 3580.123 0 88 1000 7.069 [] 62602.0 16 25 0 0 0 2.254 0.313 1.0 3
87994 160355 58920 1380 1084 116 42438.0 310763.0 146358.738 3363 3742 3592.129 0 87 1000 7.069 [] 73320.0 18 25 0 0 0 2.662 0.406 1.0 3
88167 163212 58899 1380 1089 116 37741.0 314356.0 144035.51 3329 3754 3646.853 0 89 1000 7.069 [] 85260.0 38 25 0 0 0 4.569 0.515 1.0 3
88651 163501 59095 1380 1096 116 38237.0 319056.0 157938.674 3426 3806 3682.82 0 88 1000 7.069 [] 96661.0 40 25 0 0 0 3.171 0.568 1.0 3
88851 160401 59201 1380 1100 116 38563.0 322149.0 176242.129 3452 3844 3694.766 0 87 1000 7.069 [] 102146.0 29 25 0 0 0 5.588 1.211 1.0 3
89062 163427 59139 1380 1108 116 38675.0 323218.0 153122.2 3469 3903 3757.742 0 89 1000 7.069 [] 110607.0 18 25 0 0 0 6.693 1.512 1.0 3
89237 160272 59200 1380 1109 116 30983.0 325972.0 157244.015 3546 3922 3770.041 0 85 1000 7.069 [] 118366.0 22 25 0 0 0 5.87 1.889 1.0 3
89299 160872 59207 1380 1115 116 31062.0 326978.0 140238.622 3506 3929 3803.029 0 86 1000 7.069 [] 125372.0 25 25 0 0 0 8.274 2.389 1.0 3
89601 161065 59238 1380 1119 116 31284.0 329820.0 141154.763 3574 3963 3841.061 0 84 1000 7.069 [] 131025.0 184834 25 134 23 3.938 14.116 11.373 1.0 1
89744 163928 59083 1380 1119 116 22616.0 331489.0 145253.917 3626 4003 3902.903 1 87 1000 7.069 [] 136330.0 328998 25 176 22 8.155 23.121 18.749 1.0 1
90101 160635 59160 1380 1127 116 31967.0 338563.0 160483.795 3680 4056 3915.092 0 87 1000 7.069 [] 142373.0 34 25 0 0 0 8.694 2.605 1.0 3
90383 163985 59207 1380 1130 116 25554.0 344059.0 151226.883 3680 4120 3980.313 0 85 1000 7.069 [] 152658.0 432742 25 222 25 9.745 23.121 19.306 1.0 1
90844 164295 59581 1380 1138 116 32490.0 345268.0 156012.853 3734 4165 4018.637 0 85 1000 7.069 [] 159668.0 289486 25 167 26 5.385 17.722 15.15 1.0 1
91093 161100 59885 1380 1143 116 53475.0 346888.0 200015.572 3784 4180 4030.378 1 86 1000 7.069 [] 166377.0 40 25 0 0 0 7.84 1.555 1.0 3
91374 164962 60001 1380 1145 116 53677.0 348311.0 194165.756 3802 4190 4094.377 1 86 1000 7.069 [] 176938.0 19 25 0 0 0.001 5.257 1.906 1.0 3
91629 164897 60050 1380 1148 116 33263.0 355170.0 145407.475 3859 4257 4129.718 0 85 1000 7.069 [] 187658.0 274226 25 168 27 4.814 21.017 17.479 1.0 1
91671 164508 59987 1380 1156 116 21481.0 307149.0 101332.266 3897 4294 4166.017 1 85 1000 7.069 [] 198950.0 747279 25 284 27 17.915 37.178 32.914 1.0 1
91765 164372 59980 1380 1166 116 42988.0 364138.0 170154.423 3935 4327 4201.903 1 83 1000 7.069 [] 203964.0 340543 25 227 27 11.31 21.007 18.641 1.0 1
92132 163747 59962 1380 1169 116 38316.0 364407.0 173376.308 3954 4365 4238.639 1 85 1000 7.069 [] 214594.0 329893 25 188 27 11.315 21.018 18.084 1.0 1
92324 163914 59874 1380 1174 116 24343.0 367809.0 131205.762 4011 4402 4276.443 0 82 1000 7.069 [] 220251.0 292994 25 134 27 21.698 34.36 31.182 1.0 1
92261 160645 59827 1380 1182 116 38907.0 368749.0 188911.334 4031 4446 4287.462 0 82 1000 7.069 [] 231347.0 406200 25 235 28 13.433 21.018 19.57 1.0 1
92460 160646 59755 1380 1188 116 49996.0 372480.0 173716.92 4051 4481 4327.883 0 82 1000 7.069 [] 237659.0 179166 25 115 17 5.796 21.007 15.851 1.0 1
92974 164079 59961 1380 1190 116 50424.0 375974.0 177371.517 4086 4541 4394.307 0 84 1000 7.069 [] 247196.0 160531 25 112 24 5.894 30.134 22.536 1.0 1
93162 163821 59901 1380 1194 116 39840.0 379031.0 153624.146 4151 4556 4437.508 1 84 1000 7.069 [] 253782.0 338346 25 184 22 8.619 25.142 20.185 1.0 1
93326 160340 59862 1380 1200 116 40192.0 382909.0 174798.217 4206 4612 4449.576 0 82 1000 7.069 [] 264596.0 332426 25 200 33 12.058 23.121 21.076 1.0 1
93621 160458 59952 1380 1210 116 51759.0 386879.0 169801.483 4199 4622 4483.626 0 79 1000 7.069 [] 273113.0 403930 25 233 28 11.818 35.35 29.463 1.0 1
93938 160505 60049 1380 1217 116 52080.0 389497.0 192724.869 4243 4655 4523.521 1 80 1000 7.069 [] 282520.0 327342 25 188 23 9.412 35.347 27.83 1.0 1
93731 163294 59923 1380 1224 116 28613.0 385810.0 161085.455 4285 4691 4588.572 2 81 1000 7.069 [] 293706.0 337484 25 145 32 24.153 38.259 33.179 1.0 1
93448 159497 59632 1380 1231 116 28943.0 395824.0 139572.082 4343 4762 4600.378 0 81 1000 7.069 [] 300578.0 581193 25 223 25 11.269 39.805 32.825 1.0 1
93437 163118 59557 1397 1241 117 25908.0 399326.0 131589.397 4343 4762 4668.677 2 82 1000 7.094 [11-15] 14435.0 482285 25 181 24 12.865 45.544 37.365 1.0 2
94452 162644 59424 1407 1263 117 38084.0 416915.0 206733.762 4584 5034 4876.731 0 78 1000 7.094 [] 61887.0 18 25 0 0 0 2.607 0.441 1.0 3
94710 162539 59437 1407 1271 117 73755.0 423099.0 277618.922 4693 5117 4962.448 0 79 1000 7.094 [] 77112.0 75 25 0 0 0 0.61 0.129 1.0 3
95146 162750 59768 1407 1278 117 74393.0 426953.0 263878.367 4716 5136 5005.982 1 79 1000 7.094 [] 85803.0 25 25 0 0 0 1.699 0.313 1.0 3
95172 159204 59717 1407 1282 117 75065.0 431023.0 277230.46 4762 5184 5018.174 0 78 1000 7.094 [] 93525.0 22 25 0 0 0 0.973 0.145 1.0 3
95714 162887 59863 1407 1291 117 35024.0 437873.0 184353.061 4714 5191 5091.179 2 80 1000 7.094 [] 103361.0 21 25 0 0 0 6.555 1.35 1.0 3
95896 162931 59722 1407 1294 117 35441.0 444086.0 182872.892 4830 5265 5133.738 1 79 1000 7.094 [] 110822.0 16 25 0 0 0 8.49 0.85 1.0 3
95642 159047 59482 1407 1300 117 87897.0 441331.0 282214.788 4878 5312 5144.933 0 79 1000 7.094 [] 119042.0 14 25 0 0 0 1.598 0.172 1.0 3
95638 158937 59470 1407 1303 117 59172.0 447415.0 227145.871 4884 5338 5182.955 1 77 1000 7.094 [] 127369.0 26 25 0 0 0 4.809 0.802 1.0 3
95668 162219 59261 1407 1307 117 46066.0 447656.0 188947.484 4926 5364 5257.378 2 79 1000 7.094 [] 137359.0 19 25 0 0 0 6.241 1.721 1.0 3
95579 158163 58949 1407 1309 117 53011.0 454677.0 239763.918 4998 5439 5268.993 0 77 1000 7.094 [] 142562.0 17 25 0 0 0 6.219 1.356 1.0 3
95571 160802 58743 1407 1312 117 78798.0 455908.0 289204.172 4998 5514 5345.261 0 77 1000 7.094 [] 154436.0 8 25 0 0 0 2.248 0.314 1.0 3
95912 161026 58843 1407 1315 117 79897.0 460255.0 270976.439 5072 5516 5390.428 1 76 1000 7.094 [] 162153.0 10 25 0 0 0 3.532 0.769 1.0 3
95659 160520 58507 1407 1323 117 54227.0 464031.0 247730.491 5122 5574 5433.956 1 76 1000 7.094 [] 167583.0 11 25 0 0 0 4.809 1.05 1.0 3
95895 159887 58376 1407 1332 117 42366.0 471755.0 194914.512 5147 5647 5477.445 0 76 1000 7.094 [] 178908.0 18 25 0 0 0.001 8.531 2.945 1.0 3
96281 156839 58524 1407 1333 117 42663.0 475554.0 195361.945 5197 5661 5492.193 0 75 1000 7.094 [] 188562.0 15 25 0 0 0 5.089 1.661 1.0 3
96257 156222 58058 1407 1335 117 42763.0 476833.0 187639.482 5183 5680 5528.231 1 77 1000 7.094 [] 193699.0 15 25 0 0 0 8.302 2.497 1.0 3
95922 159023 57397 1407 1342 117 55479.0 478169.0 243925.724 5248 5718 5608.716 2 80 1000 7.094 [] 205310.0 15 25 0 0 0 7.307 2.12 1.0 3
96158 159002 57467 1407 1346 117 73210.0 485598.0 240175.488 5352 5828 5656.929 0 81 1000 7.094 [] 216005.0 12 25 0 0 0 6.538 2.1 1.0 3
96392 155854 57535 1407 1349 117 64603.0 491764.0 223761.487 5378 5851 5671.44 0 80 1000 7.094 [] 227742.0 15 25 0 0 0.007 5.895 2.1 1.0 3
96612 155610 57588 1407 1351 117 56811.0 490089.0 207045.731 5403 5859 5709.858 1 83 1000 7.094 [] 239611.0 14 25 0 0 0.002 6.002 2.465 1.0 3
97082 158927 57691 1407 1354 117 57153.0 493421.0 216022.415 5452 5951 5793.308 0 85 1000 7.094 [] 245776.0 13 25 0 0 0.097 6.338 2.613 1.0 3
97216 155543 57790 1407 1358 117 75481.0 501564.0 304081.146 5533 5974 5807.449 0 84 1000 7.094 [] 254968.0 59 25 0 0 0 5.099 1.206 1.0 3
97399 155774 57917 1407 1361 117 66195.0 504765.0 288990.838 5533 6021 5855.71 0 82 1000 7.094 [] 265827.0 21 25 0 0 0 5.708 1.972 1.0 3
97108 155434 57514 1407 1364 117 114650.0 506682.0 341261.565 5581 6051 5905.444 1 83 1000 7.094 [] 272999.0 14 25 0 0 0 3.338 0.881 1.0 3
97142 155130 57458 1407 1377 117 115760.0 506729.0 373088.77 5636 6098 5951.419 0 80 1000 7.094 [] 278822.0 15 25 0 0 0 5.662 0.917 1.0 3
97077 158123 57316 1407 1379 117 52118.0 514371.0 193916.67 5686 6145 6033.919 3 82 1000 7.094 [] 284011.0 390676 25 226 24 6.44 35.354 27.654 1.0 1
97206 158043 57335 1407 1382 117 46433.0 523833.0 193887.99 5770 6220 6080.041 0 80 1000 7.094 [] 290523.0 171521 25 111 24 7.531 23.116 18.387 1.0 1
97200 157529 57151 1407 1388 117 69085.0 528369.0 261387.124 5798 6287 6127.287 0 81 1000 7.094 [] 295683.0 226484 25 174 27 4.733 14.116 11.912 1.0 1
97664 157326 57296 1407 1392 117 79621.0 530660.0 290263.282 5855 6354 6174.197 0 79 1000 7.094 [] 301101.0 25 25 0 0 0 4.902 1.651 1.0 3
97777 157284 57224 1407 1398 117 159677.0 530284.0 410434.092 5907 6366 6222.953 1 78 1000 7.094 [] 311197.0 7 25 0 0 0 3.048 0.855 1.0 3
98000 153999 57258 1407 1406 117 42064.0 542631.0 252818.959 5965 6414 6236.851 0 78 1000 7.094 [] 322033.0 836232 25 333 34 14.863 26.137 24.691 1.0 1
97806 157132 57071 1407 1409 117 54375.0 541671.0 229703.519 5965 6432 6312.141 2 79 1000 7.094 [] 332118.0 203651 25 128 26 5.165 21.018 16.552 1.0 1
97919 156819 57100 1407 1419 117 93825.0 548090.0 286593.326 6023 6502 6361.357 1 77 1000 7.094 [] 340239.0 29 25 0 0 0 7.034 1.904 1.0 3
98093 156647 56896 1407 1427 117 72096.0 552952.0 256921.115 6083 6556 6411.45 1 79 1000 7.094 [] 345733.0 17 25 0 0 0 7.718 2.823 1.0 3
98351 156221 56898 1407 1438 117 55745.0 554356.0 211840.077 6113 6602 6461.791 1 76 1000 7.094 [] 355897.0 384557 25 230 25 6.741 23.116 20.339 1.0 1
98729 156611 57233 1407 1446 117 126411.0 554279.0 373553.981 6173 6688 6510.775 0 75 1000 7.094 [] 366386.0 12 25 0 0 0 4.028 1.624 1.0 3
98909 156556 57169 1407 1455 117 96636.0 561516.0 330978.031 6234 6707 6558.947 0 76 1000 7.094 [] 377530.0 25 25 0 0 0 6.532 2.225 1.0 3
99418 153548 57402 1407 1461 117 147486.0 565631.0 416215.402 6265 6752 6574.17 0 76 1000 7.094 [] 387076.0 11 25 0 0 0 3.468 0.82 1.0 3
99490 153089 57288 1407 1469 117 74355.0 564202.0 286841.791 6296 6797 6623.125 0 74 1000 7.094 [] 397702.0 14 25 0 0 0 7.478 2.165 1.0 3
99630 152555 57115 1407 1477 117 129659.0 569120.0 408184.478 6327 6830 6672.285 0 74 1000 7.094 [] 405849.0 10 25 0 0 0.001 4.53 1.407 1.0 3
99197 151649 56728 1407 1480 117 130507.0 573703.0 410698.902 6389 6864 6719.492 0 70 1000 7.094 [] 414526.0 15 25 0 0 0 4.798 1.138 1.0 3
99205 151524 56597 1407 1485 117 99628.0 579620.0 337405.22 6445 6904 6772.229 1 71 1000 7.094 [] 422759.0 14 25 0 0 0 6.709 2.713 1.0 3
98989 151346 56312 1407 1491 117 152484.0 581403.0 417726.89 6477 6965 6822.871 0 68 1000 7.094 [] 428912.0 12 25 0 0 0 5.124 1.485 1.0 3
99117 153828 56069 1407 1493 117 203508.0 588080.0 451486.038 6541 7019 6907.665 2 69 1000 7.094 [] 439990.0 9 25 0 0 0 5.956 1.512 1.0 3
99285 150867 56180 1407 1500 117 178939.0 593258.0 422702.999 6628 7108 6923.183 0 67 1000 7.094 [] 450937.0 13 25 0 0 0 5.448 1.468 1.0 3
99133 152827 55760 1407 1506 117 46157.0 603533.0 215665.886 6571 7109 6992.587 2 68 1000 7.094 [] 457150.0 719211 25 291 34 10.473 35.463 32.351 1.0 1
99178 152209 55433 1407 1512 117 46560.0 609536.0 216684.239 6702 7228 7045.882 0 70 1000 7.094 [] 464206.0 653692 25 267 34 21.525 35.149 32.917 1.0 1
99216 151544 55385 1407 1516 117 79403.0 612007.0 283919.18 6768 7290 7098.609 0 68 1000 7.094 [] 474331.0 4930379 25 303 27 13.197 25.105 21.559 1.0 1
99376 148444 55304 1407 1522 117 120781.0 614911.0 397465.518 6835 7307 7113.819 0 67 1000 7.094 [] 486179.0 14 25 0 0 0.018 5.988 2.016 1.0 3
99510 148155 55215 1407 1525 117 120996.0 613301.0 367072.956 6766 7328 7150.672 0 66 1000 7.094 [] 493643.0 13 25 0 0 0.091 6.069 2.372 1.0 3
99495 147607 55022 1407 1529 117 54013.0 620911.0 231028.722 6859 7352 7201.792 0 65 1000 7.094 [] 501707.0 317162 25 174 26 12.167 32.551 26.92 1.0 1
99364 147572 54866 1407 1536 117 122427.0 619433.0 405659.91 6927 7406 7252.954 1 66 1000 7.094 [] 512205.0 10 25 0 0 0.003 4.842 1.699 1.0 3
99315 150781 54686 1407 1539 117 54715.0 621008.0 262063.445 6954 7513 7347.775 0 66 1000 7.094 [] 519654.0 377623 25 197 29 15.25 32.569 27.528 1.0 1
99215 149844 54263 1407 1545 117 82576.0 631339.0 323018.871 7057 7536 7402.575 2 66 1000 7.094 [] 531208.0 20 25 0 0 0.455 6.145 2.871 1.0 3
99436 146606 54334 1407 1549 117 109435.0 638945.0 377152.631 7127 7593 7417.921 0 65 1000 7.094 [] 543092.0 11 25 0 0 0.049 6.865 2.288 1.0 3
99278 146441 54189 1407 1553 117 109627.0 640106.0 375648.376 7138 7660 7474.271 0 65 1000 7.094 [] 548866.0 13 25 0 0 0.001 6.025 2.205 1.0 3
99222 148805 53714 1407 1557 117 96225.0 647365.0 301513.996 7181 7678 7568.296 2 65 1000 7.094 [] 557625.0 189903 25 144 28 11.434 28.475 21.22 1.0 1
99383 149021 53787 1407 1560 117 56845.0 657178.0 210866.53 7291 7764 7626.666 1 65 1000 7.094 [] 564216.0 385785 25 175 22 5.211 35.136 27.398 1.0 1
99248 145406 53692 1407 1562 117 203716.0 653170.0 506929.248 7347 7838 7641.545 0 64 1000 7.094 [] 569573.0 14 25 0 0 0 3.936 1.367 1.0 3
99189 144594 53283 1407 1563 117 112917.0 660015.0 415353.52 7284 7849 7677.475 1 65 1000 7.094 [] 577481.0 8 25 0 0 0 5.43 2.431 1.0 3
99609 147567 53331 1407 1571 117 75157.0 662150.0 343319.328 7392 7872 7767.907 2 64 1000 7.094 [] 584226.0 453314 25 226 30 17.282 26.118 23.516 1.0 1
99679 144239 53308 1407 1580 117 99866.0 672961.0 345741.166 7485 7977 7783.912 0 62 1000 7.094 [] 595803.0 15 25 0 0 0.045 4.871 2.63 1.0 3
100139 147031 53414 1407 1586 117 114919.0 672125.0 370482.649 7426 7994 7855.669 1 65 1000 7.094 [] 605522.0 13 25 0 0 0.018 6.9 2.18 1.0 3
100497 143788 53429 1407 1588 117 87984.0 678442.0 348386.079 7574 8076 7872.141 0 62 1000 7.094 [] 613749.0 300006 25 205 28 13.608 23.123 21.17 1.0 1
100278 146304 53223 1407 1594 117 204072.0 679808.0 517452.095 7480 8076 7945.569 1 64 1000 7.094 [] 624640.0 7 25 0 0 0 4.191 1.122 1.0 3
100546 146526 53499 1407 1600 117 205867.0 685961.0 521074.515 7649 8161 8000.711 1 64 1000 7.094 [] 636307.0 11 25 0 0 0 3.005 0.956 1.0 3
100750 143223 53509 1407 1604 117 118001.0 690767.0 378224.112 7725 8220 8016.549 0 63 1000 7.094 [] 641653.0 14 25 0 0 0.032 6.108 2.378 1.0 3
100906 143142 53498 1407 1606 117 102900.0 694280.0 370348.823 7647 8233 8051.009 1 65 1000 7.094 [] 650691.0 9 25 0 0 0.242 7.701 2.991 1.0 3
100959 143126 53385 1407 1611 117 103311.0 697169.0 371197.987 7761 8297 8108.711 0 64 1000 7.094 [] 661897.0 11 25 0 0 0.05 4.632 2.164 1.0 3
101326 142398 53312 1407 1612 117 158363.0 696044.0 494642.769 7824 8312 8164.885 1 64 1000 7.094 [] 673448.0 9 25 0 0 0 4.515 1.535 1.0 3
101134 141785 53044 1407 1617 117 69552.0 706548.0 281307.437 7860 8379 8218.025 0 64 1000 7.094 [] 682628.0 323503 25 159 22 6.055 35.115 25.152 1.0 1
101314 144601 52940 1407 1620 118 53711.0 709546.0 263172.783 7930 8431 8313.491 2 66 1000 7.161 [15-10] 10638.0 368686 25 166 31 18.43 44.074 37.865 1.0 2
101708 142432 52154 1407 1655 118 63913.0 738680.0 284870.888 8317 8912 8714.279 0 62 1000 7.161 [] 69446.0 27 25 0 0 0 0.58 0.161 1.0 3
102251 139713 52577 1407 1664 118 56932.0 754797.0 255509.631 8488 8992 8789.673 0 62 1000 7.161 [] 82097.0 6 25 0 0 0 1.119 0.168 1.0 3
102093 142574 52172 1407 1679 118 66689.0 777257.0 316585.188 8738 9247 9078.421 1 60 1000 7.161 [] 117033.0 4 25 0 0 0 1.941 0.392 1.0 3
102661 142770 52418 1407 1693 118 67990.0 794056.0 298586.371 8950 9430 9317.605 2 63 1000 7.161 [] 155170.0 5 25 0 0 0 2.326 0.445 1.0 3
102416 139370 52261 1407 1696 118 68678.0 800931.0 315030.518 9042 9552 9332.879 0 64 1000 7.161 [] 165145.0 8 25 0 0 0 1.916 0.269 1.0 3
102242 141607 51963 1407 1698 118 137184.0 803713.0 442718.374 8928 9556 9405.598 1 61 1000 7.161 [] 176288.0 9 25 0 0 0 0.786 0.136 1.0 3
102149 138271 51869 1407 1703 118 159148.0 814113.0 460071.679 9137 9613 9421.709 0 62 1000 7.161 [] 181925.0 21 25 0 0 0 0.518 0.104 1.0 3
101929 140539 51814 1407 1707 118 183814.0 813416.0 512290.305 9079 9644 9495.577 1 61 1000 7.161 [] 190961.0 23 25 0 0 0 0.513 0.063 1.0 3
101900 140062 51623 1407 1710 118 160640.0 821796.0 472332.512 9186 9713 9554.541 1 60 1000 7.161 [] 201367.0 5 25 0 0 0 0.755 0.096 1.0 3
101653 139630 51354 1407 1717 118 140275.0 819076.0 489814.418 9277 9761 9617.433 1 61 1000 7.161 [] 208789.0 5 25 0 0 0 0.706 0.133 1.0 3
101634 136382 51337 1407 1717 118 141214.0 826024.0 464890.643 9323 9855 9634.718 0 57 1000 7.161 [] 216679.0 6 25 0 0 0 0.932 0.098 1.0 3
101511 138594 51030 1407 1721 118 81124.0 830237.0 335903.188 9229 9855 9706.142 1 61 1000 7.161 [] 225842.0 6 25 0 0 0 2.514 0.663 1.0 3
101510 135259 51097 1407 1724 118 81657.0 836426.0 337444.439 9413 9923 9723.3 0 61 1000 7.161 [] 236411.0 6 25 0 0 0 2.318 0.513 1.0 3
101899 135500 51308 1407 1728 118 189674.0 836371.0 583229.916 9429 9999 9784.101 1 60 1000 7.161 [] 247818.0 8 25 0 0 0 0.307 0.037 1.0 3
101900 135499 51236 1407 1735 118 94383.0 844561.0 377262.989 9507 10010 9847.561 1 58 1000 7.161 [] 255246.0 6 25 0 0 0 1.475 0.44 1.0 3
102090 135904 51267 1407 1739 118 166474.0 848789.0 531481.342 9554 10076 9913.393 1 56 1000 7.161 [] 263920.0 4 25 0 0 0 0.956 0.196 1.0 3
102343 135916 51122 1407 1747 118 95595.0 856062.0 318337.799 9607 10130 9974.515 1 55 1000 7.161 [] 272247.0 19 25 0 0 0 1.775 0.438 1.0 3
102136 136140 50996 1407 1749 118 146339.0 855783.0 486695.239 9677 10215 10037.931 1 56 1000 7.161 [] 284233.0 4 25 0 0 0 1.467 0.333 1.0 3
102247 138795 50890 1407 1755 118 84278.0 865719.0 343511.829 9751 10267 10139.526 2 57 1000 7.161 [] 295030.0 8 25 0 0 0 1.999 0.457 1.0 3
102563 138759 50960 1407 1760 118 129093.0 877830.0 399886.413 9847 10387 10203.128 0 57 1000 7.161 [] 306482.0 8 25 0 0 0 1.29 0.29 1.0 3
102539 134943 50767 1407 1763 118 129884.0 876745.0 468208.431 9901 10438 10219.966 0 58 1000 7.161 [] 315907.0 5 25 0 0 0 1.658 0.387 1.0 3
102621 135669 51023 1407 1769 118 172733.0 881380.0 552219.961 9819 10449 10248.367 0 56 1000 7.161 [] 326191.0 9 25 0 0 0 0.95 0.15 1.0 3
102279 134955 50615 1407 1775 118 173176.0 883686.0 555394.025 9850 10470 10290.214 0 57 1000 7.161 [] 337649.0 3 25 0 0 0 1.172 0.296 1.0 3
102059 134527 50341 1407 1781 118 75274.0 887609.0 317203.609 9992 10558 10354.049 0 56 1000 7.161 [] 345916.0 6 25 0 0 0 2.898 1.083 1.0 3
102063 134537 50302 1407 1784 118 269173.0 893059.0 665469.151 10024 10596 10418.635 1 57 1000 7.161 [] 355381.0 7 25 0 0 0 0.575 0.141 1.0 3
102363 137389 50259 1407 1791 118 270780.0 898666.0 667563.593 10074 10660 10527.035 1 58 1000 7.161 [] 365137.0 4 25 0 0 0 0.764 0.158 1.0 3
102291 134324 50103 1407 1797 118 205142.0 907517.0 592783.448 10174 10774 10544.992 0 56 1000 7.161 [] 371812.0 3 25 0 0 0 1.019 0.16 1.0 3
102500 137567 50101 1407 1801 118 76995.0 904513.0 293664.979 10072 10797 10617.976 1 57 1000 7.161 [] 380398.0 5 25 0 0 0 1.751 0.837 1.0 3
102187 137125 49923 1407 1810 118 368103.0 910395.0 728704.612 10273 10851 10680.453 1 56 1000 7.161 [] 387336.0 9 25 0 0 0 0.75 0.119 1.0 3
102381 137106 49859 1407 1810 118 156376.0 920919.0 490435.581 10324 10920 10746.499 1 56 1000 7.161 [] 392755.0 4 25 0 0 0 1.299 0.436 1.0 3
102503 134105 49965 1407 1818 118 136561.0 924831.0 468583.347 10375 10969 10765.216 0 55 1000 7.161 [] 404753.0 3 25 0 0 0 1.38 0.342 1.0 3
102673 136788 49965 1407 1822 118 136811.0 927394.0 428313.703 10348 10999 10831.569 1 56 1000 7.161 [] 410505.0 4 25 0 0 0 1.172 0.383 1.0 3
102431 136210 49709 1407 1827 118 243604.0 933644.0 607145.911 10467 11053 10894.633 0 56 1000 7.161 [] 421659.0 3 25 0 0 0 0.608 0.136 1.0 3
102599 133418 49776 1407 1834 118 327133.0 941146.0 688177.176 10549 11134 10913.727 0 55 1000 7.161 [] 429051.0 4 25 0 0 0 0.602 0.163 1.0 3
102547 132938 49346 1407 1843 118 327600.0 938955.0 733182.914 10443 11146 10937.508 0 54 1000 7.161 [] 435755.0 4 25 0 0 0 0.317 0.051 1.0 3
102342 133236 49323 1407 1847 118 105267.0 947821.0 381806.54 10599 11244 11036.767 0 55 1000 7.161 [] 448798.0 10 25 0 0 0 1.428 0.467 1.0 3
102516 136251 49344 1407 1851 118 214982.0 949796.0 611275.127 10654 11271 11145.135 2 55 1000 7.161 [] 460524.0 3 25 0 0 0 0.784 0.108 1.0 3
102382 135529 49122 1407 1858 118 334458.0 959149.0 750665.349 10760 11392 11206.803 0 56 1000 7.161 [] 471829.0 3 25 0 0 0 0.39 0.045 1.0 3
102529 132531 49151 1407 1861 118 252029.0 963748.0 636732.748 10813 11443 11225.273 0 56 1000 7.161 [] 480007.0 2 25 0 0 0 0.555 0.081 1.0 3
102437 132554 49195 1407 1861 118 218704.0 966475.0 575944.881 10791 11465 11252.019 0 53 1000 7.161 [] 488133.0 3 25 0 0 0 0.419 0.054 1.0 3
102243 132462 48956 1407 1861 118 93825.0 968443.0 350201.832 10747 11501 11288.152 0 55 1000 7.161 [] 494621.0 5 25 0 0 0.135 1.199 0.474 1.0 3
102263 135336 48916 1407 1865 118 94108.0 971567.0 349293.722 10907 11534 11388.258 1 54 1000 7.161 [] 503753.0 5 25 0 0 0 0.802 0.397 1.0 3
102253 132140 48893 1407 1870 118 94900.0 979854.0 347936.263 11015 11630 11406.037 0 53 1000 7.161 [] 513871.0 7 25 0 0 0 1.267 0.376 1.0 3
102218 132038 48855 1407 1875 118 166808.0 979464.0 522597.244 11015 11695 11470.789 0 54 1000 7.161 [] 524542.0 4 25 0 0 0 0.474 0.144 1.0 3
102215 131913 48642 1407 1876 118 223369.0 987383.0 628998.998 11101 11707 11537.448 1 54 1000 7.161 [] 533248.0 4 25 0 0 0 0.386 0.094 1.0 3
102553 135438 48851 1407 1880 118 264539.0 995374.0 712352.832 11156 11888 11658.968 0 53 1000 7.161 [] 544303.0 2 25 0 0 0 0.368 0.1 1.0 3
102798 135214 48909 1407 1885 118 196616.0 1005737.0 579632.469 11267 11940 11727.664 0 54 1000 7.161 [] 552409.0 6 25 0 0 0 0.383 0.113 1.0 3
102965 135002 48744 1407 1886 118 112177.0 1013385.0 381619.996 11373 11994 11795.952 0 54 1000 7.161 [] 559416.0 4 25 0 0 0 0.493 0.183 1.0 3
102656 131048 48520 1407 1893 118 112780.0 1019107.0 380319.22 11417 12032 11812.601 0 53 1000 7.161 [] 569541.0 3 25 0 0 0 0.515 0.171 1.0 3
102966 131916 48863 1407 1894 118 98242.0 1014597.0 348596.136 11368 12064 11836.869 0 56 1000 7.161 [] 577682.0 16 25 0 0 0.051 0.439 0.159 1.0 3
103348 131758 48954 1407 1898 118 98407.0 882737.0 307183.315 11340 12107 11873.492 0 52 1000 7.161 [] 585176.0 3 25 0 0 0.008 0.27 0.127 1.0 3
103565 134967 48820 1407 1900 118 412641.0 1013377.0 800425.977 11493 12108 11970.721 1 54 1000 7.161 [] 593694.0 11 25 0 0 0 0.065 0.018 1.0 3
103440 132249 48824 1407 1902 118 131643.0 1032028.0 397769.215 11607 12224 11988.78 0 55 1000 7.161 [] 599188.0 4 25 0 0 0 0.087 0.031 1.0 3
