21 0 0 0 4 0 7012.0 50240.0 18149.808 500 514 514 6 7 2 0 [] 01541 25 0 0 0 0.61 0.138 1.01
23 0 0 0 4 0 7040.0 51278.0 18439.636 514 514 514.5 0 8 2 0 [] 16973.0 343180 25 245 28 12.657 31.582 28.09 1.01
24 0 0 4 7 1 7042.0 51352.0 19421.626 507 516 514 0 8 2 5 [14,20] 421.0 542090 25 308 27 36.989 52.549 49.855 1.02
28 0 0 4 9 1 7040.0 51278.0 19394.25 508 516 510.125 0 8 2 5 [] 12021.0 42 25 0 0 0 8.144 2.86 1.01
31 0 0 4 11 1 7035.0 51080.0 19908.449 505 514 509.556 0 9 2 5 [] 17218.0 165323 25 118 20 4.622 31.582 23.775 1.01
33 0 0 11 16 2 7033.0 49982.0 20440.698 502 514 505.222 0 9 2 6 [14,18] 2147.0 379907 25 231 25 23.093 44.93 41.384 1.02
36 0 0 11 19 2 7026.0 49723.0 20335.408 502 508 504.333 0 10 2 6 [] 8774.0 60 25 0 0 0 4.86 0.651 1.01
35 0 0 11 20 2 7025.0 49465.0 20266.144 496 508 499.889 0 11 2 6 [] 17510.0 170520 25 127 19 10.267 36.918 28.86 1.01
38 0 0 19 22 3 7018.0 49207.0 20166.641 496 506 498.889 0 12 2 6 [15,19] 2049.0 398925 25 215 23 28.984 51.943 45.82 1.02
42 0 0 23 24 3 7016.0 48949.0 20083.605 491 503 495.778 0 12 2 6 [] 10501.0 48 25 0 0 0 8.393 2.384 1.01
45 0 0 28 27 4 7015.0 48691.0 19993.514 491 503 494.111 0 13 2 6.25 [15,18] 1248.0 237612 25 169 33 28.653 44.104 40.089 1.02
51 0 0 32 28 4 7008.0 48475.0 19914.056 486 499 491.222 0 13 2 6.25 [] 10453.0 46 25 0 0 0 11.273 2.017 1.01
56 0 0 32 30 4 7008.0 48260.0 19847.437 486 498 490 0 14 2 6.25 [] 17422.0 140173 25 111 23 6.393 36.917 27.764 1.01
58 0 0 38 32 5 7003.0 48045.0 19771.425 481 498 487.111 0 14 3 7.4 [28,24] 1914.0 684107 25 314 33 33.167 61.155 49.363 1.02
59 0 0 38 35 5 7003.0 47830.0 19696.461 481 496 486.444 0 16 3 7.4 [] 9258.0 61 25 0 0 0 8.133 1.622 1.01
63 0 0 38 36 5 7002.0 47615.0 19639.525 476 496 483.111 0 16 3 7.4 [] 19942.0 296737 25 165 21 9.736 41.456 34.277 1.01
67 0 0 52 39 6 6999.0 47400.0 19551.242 476 495 482.667 0 18 3 7.167 [14,19] 2182.0 590548 25 325 35 38.983 49.936 45.905 1.02
72 0 0 60 39 6 6999.0 47184.0 19510.919 471 495 480 0 18 3 7.167 [] 8962.0 58 25 0 0 0 7.275 1.526 1.01
76 0 0 60 41 6 7000.0 46969.0 19448.3 471 495 478.778 0 19 3 7.167 [] 16261.0 350134 25 244 20 9.387 31.582 25.996 1.01
79 0 0 70 43 7 6996.0 46754.0 19368.062 466 493 475.889 0 20 3 7.143 [13,18] 797.0 357217 25 225 30 28.573 43.94 41.491 1.02
77 0 0 74 44 7 6995.0 46539.0 19314.378 466 493 475.222 0 21 3 7.143 [] 7468.0 92 25 0 0 0 1.699 0.42 1.01
78 0 0 74 44 7 6993.0 46324.0 19264.528 461 491 471.8 0 19 3 7.143 [] 14377.0 343455 25 229 31 11.296 31.582 27.325 1.01
84 0 0 78 45 8 6986.0 46166.0 19195.089 461 489 470.75 0 21 3 7.25 [13,17] 1989.0 355955 25 232 23 16.535 41.456 36.885 1.02
84 0 0 82 45 8 6987.0 46040.0 18612.429 457 488 469.083 0 20 3 7.25 [] 7222.0 118 25 0 0 0 0.978 0.192 1.01
85 0 0 82 45 8 6987.0 45885.0 18575.569 456 488 466.154 0 21 3 7.25 [] 18992.0 364860 25 209 22 4.923 40.96 32.544 1.01
89 0 0 85 46 9 6982.0 46981.0 19608.072 454 486 464.846 0 21 3 8.111 [12,10] 1199.0 396119 25 213 25 24.747 46.682 41.003 1.02
90 0 0 85 46 9 6982.0 46981.0 19586.833 451 486 462.154 0 22 4 8.111 [] 11154.0 125704 25 116 19 2.909 18.254 12.258 1.01
90 0 0 85 46 9 6973.0 46610.0 19484.978 451 482 460.923 0 22 4 8.111 [] 16556.0 176720 25 127 15 4.254 31.582 21.47 1.01
96 0 0 87 47 10 6970.0 46610.0 19447.047 446 481 457.769 0 20 4 8.7 [14,11] 1154.0 454730 25 247 29 27.22 46.514 43.063 1.02
97 0 0 87 47 10 6964.0 46240.0 19355.244 446 477 456.769 0 21 4 8.7 [] 7683.0 91 25 0 0 0 2.607 0.368 1.01
103 0 0 87 48 10 6966.0 46240.0 19330.998 441 478 454.923 0 23 4 8.7 [] 12866.0 41 25 0 0 0 9.863 2.486 1.01
113 0 0 93 49 11 6965.0 45870.0 19246.603 441 478 453 0 22 4 8.636 [12,17] 964.0 453628 25 249 30 10.714 40.96 35.646 1.02
116 0 0 97 50 11 6960.0 45870.0 19198.087 436 475 451 0 22 4 8.636 [] 10334.0 41 25 0 0 0 6.043 1.586 1.01
124 0 0 97 51 11 6960.0 45499.0 19116.116 436 475 449.308 0 21 4 8.636 [] 17927.0 235177 25 162 24 12.334 36.917 31.03 1.01
118 0 0 105 51 12 6954.0 45499.0 19071.391 431 473 446.846 0 21 4 8.417 [13,19] 626.0 491458 25 290 29 21.28 46.008 41.781 1.02
135 0 0 113 54 12 6951.0 45129.0 18945.437 426 471 443.154 0 22 5 8.417 [] 13496.0 187003 25 162 19 5.131 31.526 19.923 1.01
144 0 0 120 54 13 6945.0 44758.0 18855.272 426 468 440.786 0 21 5 8.231 [12,19] 98.0 316591 25 185 23 16.201 44.801 41.232 1.02
151 0 0 124 54 13 6944.0 44795.0 18833.914 421 467 438.786 0 22 5 8.231 [] 12050.0 170153 25 153 25 6.075 19.74 16.762 1.01
161 0 0 124 56 13 6939.0 44610.0 18753.927 421 465 437.286 0 22 5 8.231 [] 19280.0 316968 25 198 24 22.156 40.831 34.854 1.01
163 0 0 125 57 14 6939.0 44425.0 18703.167 416 465 435.571 0 22 6 8.357 [26,23] 272.0 572961 25 234 30 41.594 58.112 50.839 1.02
181 0 0 125 57 14 6935.0 44055.0 18596.17 411 463 432.143 0 23 6 8.357 [] 12787.0 34 25 0 0 0 8.872 2.986 1.01
181 0 0 131 58 15 6933.0 43869.0 18532.708 411 462 430.071 0 24 6 8.2 [11,19] 143.0 532496 25 268 28 28.088 44.223 41.735 1.02
185 0 0 133 58 15 6927.0 43684.0 18465.868 406 459 428.143 0 22 6 8.2 [] 9460.0 53 25 0 0 0 4.619 1.021 1.01
188 0 0 142 58 16 6924.0 43499.0 18415.526 406 457 428.2 0 24 6 8.188 [14,17] 434.0 414139 25 272 32 23.821 40.831 36.458 1.02
206 0 0 150 60 16 7021.0 43129.0 18607.766 401 457 425.333 0 22 7 8.188 [] 13142.0 164876 25 144 23 5.82 19.74 15.992 1.01
214 0 0 165 61 17 7018.0 42943.0 18547.993 396 456 422.688 0 24 7 8.118 [11,18] 3689.0 299081 25 180 27 28.047 42.595 40.842 1.02
222 0 0 171 61 17 7015.0 42857.0 18507.442 396 454 420.882 0 23 7 8.118 [] 13388.0 206972 25 179 23 6.637 31.526 20.918 1.01
224 0 0 171 62 18 7011.0 40772.0 17998.75 392 454 420.5 0 24 7 8.056 [33,26] 1575.0 385005 25 237 30 35.807 46.957 44.042 1.02
240 0 0 171 63 18 7015.0 40600.0 17936.897 392 454 419.944 0 23 8 8.056 [] 8064.0 53 25 0 0 0 2.969 0.529 1.01
255 0 0 171 66 18 7014.0 40548.0 17900.584 388 454 419.167 0 25 8 8.056 [] 16082.0 335290 25 245 32 15.112 31.582 28.655 1.01
266 0 0 180 66 19 7012.0 40548.0 17891.626 388 451 418 0 25 8 7.947 [33,27] 2057.0 425471 25 235 25 18.12 52.153 48.154 1.02
283 0 0 182 66 19 7010.0 40393.0 17852.217 384 451 417.556 0 25 9 7.947 [] 10672.0 40 25 0 0 0 10.928 2.558 1.01
290 0 0 192 67 20 7008.0 40445.0 17847.795 384 450 415.333 0 25 9 7.9 [16,18] 1246.0 298352 25 191 30 33.964 42.393 40.475 1.02
301 0 0 196 69 20 7002.0 40273.0 17778.383 380 448 414.667 0 25 9 7.9 [] 10694.0 43 25 0 0 0 11.782 2.809 1.01
309 0 0 196 69 20 7002.0 40204.0 17764.006 380 448 413.778 0 25 10 7.9 [] 16029.0 249711 25 189 25 7.828 31.582 27.343 1.01
321 0 0 201 70 21 7000.0 40152.0 17739.811 376 448 413.421 0 26 10 7.905 [35,24] 1339.0 287807 25 181 28 24.921 42.201 38.533 1.02
343 0 0 201 73 21 6997.0 40015.0 17679.283 372 446 411.579 0 24 11 7.905 [] 17976.0 365735 25 213 27 22.844 36.918 32.513 1.01
349 0 0 213 73 22 6994.0 39963.0 17658.166 372 446 411.158 0 24 11 7.864 [32,26] 2182.0 328818 25 206 28 28.615 45.174 41.164 1.02
354 0 0 217 73 22 6993.0 39963.0 17655.085 368 446 408.55 0 25 11 7.864 [] 7944.0 69 25 0 0 0 3.176 0.643 1.01
367 0 0 217 73 22 6989.0 41165.0 17969.376 368 444 407.4 0 24 11 7.864 [] 19192.0 354261 25 233 25 17.556 36.925 34.668 1.01
364 0 0 232 73 23 6986.0 41091.0 17938.801 364 443 405.15 0 24 11 7.783 [32,27] 1298.0 398587 25 224 26 25.356 51.564 43.965 1.02
379 0 0 238 74 23 6980.0 40888.0 17868.156 365 442 402.19 0 23 11 7.783 [] 9128.0 51 25 0 0 0 6.24 1.172 1.01
391 0 0 238 76 23 6977.0 44787.0 18632.785 361 439 400.238 0 25 12 7.783 [] 18442.0 251214 25 170 26 7.786 36.918 32.63 1.01
405 0 0 244 76 24 6972.0 44787.0 18590.095 361 438 399.095 0 23 12 7.917 [27,26] 288.0 454358 25 238 27 23.553 61.244 48.359 1.02
416 0 0 244 79 24 6970.0 44443.0 18513.218 358 437 397.81 0 25 13 7.917 [] 10184.0 42 25 0 0 0 7.184 2.076 1.01
429 0 0 244 79 24 6967.0 44443.0 18476.166 357 437 394.818 0 24 13 7.917 [] 19596.0 344509 25 236 21 11.196 36.925 32.268 1.01
432 0 0 245 79 25 6965.0 40210.0 17958.661 356 434 394.304 0 24 13 7.92 [8,22] 427.0 367297 25 166 25 32.251 65.508 54.463 1.02
439 0 0 245 79 25 6963.0 40047.0 17887.948 354 433 392.391 0 24 14 7.92 [] 8349.0 55 25 0 0 0 4.292 1.085 1.01
452 0 0 245 79 25 6959.0 39943.0 17849.346 353 431 391.174 0 25 14 7.92 [] 14215.0 248570 25 182 21 3.895 31.567 24.982 1.01
456 0 0 251 80 26 6955.0 39810.0 17791.895 351 431 388.52 0 25 14 7.923 [35,25] 1222.0 211805 25 147 28 35.442 42.161 40.226 1.02
463 0 0 253 82 26 7043.0 43410.0 18987.102 351 431 386.44 0 25 15 7.923 [] 9183.0 76 25 0 0 0 6.075 1.42 1.01
474 0 0 253 82 26 7040.0 43410.0 18952.368 347 428 385.24 0 25 14 7.923 [] 16117.0 247784 25 168 23 11.945 31.571 24.508 1.01
490 0 0 253 83 26 7035.0 43066.0 18865.013 346 428 384 0 25 15 7.923 [] 21253.0 275169 25 181 20 10.799 40.775 33.662 1.01
499 0 0 254 85 27 7034.0 43066.0 18866.716 343 427 382.115 0 26 15 7.778 [17,21] 1837.0 276855 25 159 27 40.298 62.838 55.149 1.02
518 3 1 254 87 27 7028.0 42722.0 18767.008 343 425 380.538 0 25 15 7.778 [] 8577.0 41 25 0 0 0 4.619 0.772 1.01
521 3 1 254 88 27 7025.0 42722.0 18730.79 339 422 380.444 0 27 16 7.778 [] 20158.0 306741 25 199 22 5.466 36.925 31.363 1.01
534 9 3 266 89 28 6934.0 42378.0 18350.973 339 421 379.148 0 26 16 7.679 [15,20] 2406.0 369278 25 208 28 34.044 55.643 49.653 1.02
550 9 3 272 91 28 6931.0 42378.0 18311.346 335 420 377.333 0 29 16 7.679 [] 7844.0 58 25 0 0 0 4.201 0.616 1.01
577 15 5 272 91 28 6927.0 42033.0 18231.528 335 418 376.185 0 29 17 7.679 [] 13028.0 180435 25 160 22 4.86 31.526 20.554 1.01
577 12 6 286 93 29 6924.0 42033.0 18191.666 331 418 373.889 0 30 17 7.655 [12,18] 2015.0 245189 25 147 27 24.204 41.707 37.438 1.02
595 18 11 300 93 29 6919.0 41689.0 18109.625 331 416 372.815 0 30 18 7.655 [] 10529.0 35 25 0 0 0 8.9 2.427 1.01
605 18 11 308 93 30 6916.0 41689.0 18081.201 327 414 370.63 0 32 19 7.667 [34,24] 854.0 265663 25 174 25 17.121 40.801 36.235 1.02
627 24 13 312 95 30 6912.0 41345.0 17990.588 327 413 369.667 0 31 19 7.667 [] 7508.0 70 25 0 0 0 2.571 0.518 1.01
644 24 14 312 95 30 6910.0 41345.0 17963.832 323 411 368 0 32 19 7.667 [] 14892.0 311907 25 225 31 16.407 31.57 27.353 1.01
682 30 18 317 97 31 6906.0 41000.0 17878.976 323 411 367 0 33 20 7.935 [11,9] 71.0 461913 25 281 35 33.289 42.983 41.311 1.02
732 30 18 319 97 31 6901.0 40656.0 17802.692 319 408 365.222 0 35 22 7.935 [] 16092.0 327163 25 246 33 23.562 36.917 34.196 1.01
751 36 20 324 97 32 6900.0 40656.0 17786.277 315 408 363.407 0 38 22 8.062 [12,13] 492.0 440714 25 259 29 42.028 54.021 48.681 1.02
782 36 20 324 98 32 6896.0 40312.0 17707.6 315 406 362.519 0 36 23 8.062 [] 7020.0 330 25 0 0 0 0.61 0.073 1.01
802 39 22 324 98 32 6894.0 40312.0 17681.576 311 405 360.778 0 36 24 8.062 [] 16307.0 161899 25 128 23 20.807 36.918 32.694 1.01
805 36 21 330 98 33 6891.0 39968.0 17608.633 311 405 359.107 0 39 24 8.182 [28,25] 678.0 277551 25 166 28 27.335 49.792 40.688 1.02
832 42 23 334 99 33 7062.0 39968.0 18198.671 307 403 357.893 0 36 24 8.182 [] 9388.0 52 25 0 0 0 6.711 2.023 1.01
847 42 23 334 99 33 7058.0 39623.0 18127.101 307 403 356.714 0 39 24 8.182 [] 15531.0 134402 25 112 24 10.849 28.256 22.753 1.01
874 48 24 334 100 34 7051.0 39623.0 18067.525 303 400 355.643 0 38 25 8.118 [39,14] 167.0 183054 25 107 15 12.413 48.508 35.876 1.02
934 54 31 334 100 34 7042.0 39279.0 17963.726 299 397 352.964 0 41 27 8.118 [] 12569.0 217811 25 191 22 5.62 19.74 17.043 1.01
952 54 31 344 101 35 7040.0 38935.0 17897.389 299 398 351.429 0 38 28 8.086 [35,23] 1614.0 322085 25 191 23 17.582 42.533 39.179 1.02
963 60 31 348 101 35 7032.0 38935.0 17844.504 296 396 350.793 0 43 29 8.086 [] 8797.0 57 25 0 0 0 6.24 0.921 1.01
975 60 29 348 102 35 7030.0 37255.0 16749.974 296 392 350.241 0 42 29 8.086 [] 15702.0 224023 25 167 27 11.592 28.256 25.799 1.01
1005 60 29 351 102 36 7026.0 37160.0 16718.205 293 394 349.793 0 41 29 8 [31,28] 559.0 288755 25 188 25 20.423 55.353 47.782 1.02
1037 66 29 353 102 36 7017.0 38418.0 18089.54 290 392 346.167 0 44 30 8 [] 11160.0 32 25 0 0 0 11.435 2.267 1.01
1057 66 30 354 102 37 7017.0 38418.0 18085.213 290 392 346.323 0 42 31 7.973 [34,9] 1344.0 293231 25 192 25 9.484 42.021 38.065 1.02
1101 72 33 354 103 37 6943.0 38160.0 17765.358 287 392 344.594 0 46 32 7.973 [] 13294.0 160051 25 152 33 15.263 24.079 20.791 1.01
1139 69 33 369 103 38 6941.0 36832.0 16763.243 287 391 343.344 0 45 33 7.947 [34,26] 1581.0 283910 25 172 31 34.119 44.91 41.782 1.02
1155 78 36 375 103 38 6936.0 36730.0 16721.304 284 390 341.812 0 48 34 7.947 [] 9702.0 36 25 0 0 0 4.86 0.911 1.01
1176 75 36 391 104 39 6933.0 36619.0 16676.737 284 387 340.303 0 46 34 7.949 [34,25] 412.0 403620 25 268 35 31.55 40.7 38.52 1.02
1242 81 39 401 105 39 7143.0 36424.0 17278.368 281 386 338.455 0 49 36 7.949 [] 16249.0 324819 25 243 23 16.425 28.256 25.41 1.01
1279 81 40 404 106 40 7136.0 36341.0 17223.782 278 385 337.909 0 49 36 7.875 [34,28] 2288.0 174204 25 102 21 24.077 54.274 43.14 1.02
1314 90 43 406 106 40 7136.0 36276.0 17207.318 278 385 336.727 0 51 37 7.875 [] 12019.0 216512 25 187 23 6.198 18.254 13.864 1.01
1353 90 43 413 107 41 7128.0 36156.0 17144.103 275 384 336.273 0 51 38 7.854 [35,9] 1780.0 339778 25 200 23 18.408 42.016 38.41 1.02
1391 90 43 415 108 41 7126.0 36174.0 17140.979 275 383 335.941 0 51 41 7.854 [] 8021.0 71 25 0 0 0 2.607 0.515 1.01
1436 93 47 415 108 41 6923.0 36100.0 16466.383 272 383 334.912 0 51 40 7.854 [] 13398.0 269514 25 241 25 7.141 24.079 19.416 1.01
1485 99 49 430 109 42 6921.0 36026.0 16435.544 272 383 334.441 0 54 43 7.81 [16,19] 1430.0 297622 25 202 35 42.5 51.081 48.319 1.02
1511 99 52 438 110 42 6919.0 35980.0 16410.672 269 382 334.265 0 54 44 7.81 [] 11174.0 146305 25 134 19 3.88 18.254 13.773 1.01
1547 111 57 448 111 43 6918.0 35980.0 16404.02 269 382 333.853 0 59 46 7.814 [36,25] 1393.0 343665 25 210 34 23.828 40.175 36.785 1.02
1593 120 60 452 116 43 6915.0 35998.0 16371.317 266 382 333.235 0 57 46 7.814 [] 12892.0 126673 25 120 15 0.833 24.079 15.82 1.01
1612 120 64 466 116 44 6913.0 35943.0 16349.433 263 382 332.676 0 57 46 7.818 [33,25] 1560.0 407373 25 265 26 14.223 39.807 37.55 1.02
1670 129 70 476 116 44 6910.0 35924.0 16335.669 260 382 333.6 0 58 48 7.818 [] 18123.0 331711 25 194 27 28.541 36.924 34.412 1.01
1697 144 77 484 116 45 6918.0 35943.0 16362.359 260 383 333.543 0 58 49 7.844 [12,16] 343.0 333905 25 152 22 32.799 62.282 55.067 1.02
1765 149 88 488 116 45 6918.0 35943.0 16359.315 257 383 332.541 0 58 51 7.844 [] 9619.0 49 25 0 0 0 8.615 1.354 1.01
1830 178 100 491 117 46 6916.0 38820.0 16705.944 257 383 332.026 0 60 53 7.826 [18,18] 285.0 252370 25 163 29 22.292 39.531 36.285 1.02
1884 182 103 491 119 46 6918.0 38705.0 16701.72 255 383 332.205 0 61 54 7.826 [] 11215.0 174198 25 148 21 3.899 18.254 13.852 1.01
1932 200 115 491 120 47 6918.0 38619.0 16687.446 254 384 331.897 0 61 55 7.787 [10,22] 505.0 277460 25 167 25 29.11 42.504 40.098 1.02
2003 214 126 491 121 47 6985.0 38390.0 16862.877 251 383 329.125 0 59 56 7.787 [] 12274.0 161056 25 148 19 1.365 19.74 15.396 1.01
2067 210 129 491 121 47 6981.0 38246.0 16822.986 251 382 328.4 0 63 58 7.787 [] 20245.0 299724 25 207 25 11.984 37.6 33.706 1.01
2104 705 412 491 122 48 6979.0 38131.0 16780.675 248 381 327.65 0 62 61 7.688 [33,13] 1217.0 432777 25 230 33 53.849 64.94 63.311 1.02
2175 763 452 491 125 48 6978.0 38045.0 16742.568 248 383 327.225 0 67 62 7.688 [] 7995.0 71 25 0 0 0 4.201 0.787 1.01
2237 781 458 491 126 48 6975.0 37931.0 16704.794 245 387 327.439 0 67 64 7.688 [] 14118.0 222118 25 167 19 7.85 28.247 21.754 1.01
2288 768 466 499 131 49 6979.0 37873.0 16687.713 245 387 325.167 0 68 67 7.653 [34,27] 727.0 494924 25 320 29 31.525 48.837 44.788 1.02
2396 837 496 507 133 49 6982.0 37730.0 17503.886 242 389 326.738 0 69 69 7.653 [] 17679.0 145826 25 117 26 18.148 36.115 29.77 1.01
2477 871 509 516 133 50 6985.0 37758.0 17472.27 239 388 327.523 0 71 70 7.62 [34,10] 797.0 389460 25 242 32 41.153 47.42 44.768 1.02
2548 872 517 520 135 50 6841.0 34704.0 16613.735 239 389 327.935 0 69 73 7.62 [] 7469.0 60 25 0 0 0 2.672 0.53 1.01
2619 927 536 520 136 50 6995.0 36441.0 17302.486 236 388 327.761 0 70 74 7.62 [] 16966.0 583037 25 311 24 8.735 28.669 26.865 1.01
2692 947 548 526 138 51 6995.0 36422.0 17285.451 236 389 327.596 0 71 76 7.588 [35,10] 1831.0 371633 25 234 28 23.391 47.402 42.122 1.02
2768 996 572 532 140 51 6994.0 36412.0 16721.271 233 390 328.681 0 73 79 7.588 [] 8062.0 43 25 0 0 0 2.969 0.495 1.01
2801 1025 590 532 142 51 6998.0 36506.0 16753.53 233 390 329.542 0 74 82 7.588 [] 15274.0 276396 25 207 22 13.212 28.256 23.444 1.01
2837 1056 600 540 146 52 6998.0 35099.0 16503.798 233 393 329.837 0 75 83 7.538 [16,20] 367.0 275340 25 168 22 19.642 54.892 49.398 1.02
2898 1068 613 548 147 52 7002.0 35138.0 16516.493 230 391 329.66 0 74 83 7.538 [] 9161.0 49 25 0 0 0 5.907 0.935 1.01
2952 1085 611 548 147 52 7003.0 35131.0 16524.593 230 391 328.558 0 72 83 7.538 [] 16928.0 343539 25 210 22 11.945 30.66 28.631 1.01
3020 1163 645 550 147 53 7001.0 35120.0 16512.217 227 391 328.566 0 74 87 7.491 [36,11] 1303.0 295232 25 161 21 15.588 53.716 43.515 1.02
3073 1165 663 552 147 53 7005.0 35056.0 16515.211 227 392 328.698 0 74 90 7.491 [] 11404.0 31 25 0 0 0 9.863 2.472 1.01
3153 1237 697 566 148 54 7004.0 35127.0 16508.09 224 389 328.17 0 73 88 7.481 [34,23] 1773.0 308194 25 203 24 21.342 39.938 36.432 1.02
3219 1264 707 572 149 54 7001.0 35070.0 16474.669 224 393 328.679 0 73 92 7.481 [] 10171.0 33 25 0 0 0 11.435 2.483 1.01
3332 1307 741 574 149 55 7003.0 35127.0 16483.813 221 393 329.302 0 75 94 7.473 [40,13] 6.0 278204 25 178 23 14.634 39.301 35.424 1.02
3427 1342 757 576 149 55 7004.0 35178.0 16503.701 221 395 331.018 0 76 98 7.473 [] 7652.0 77 25 0 0 0 2.248 0.397 1.01
3536 1400 795 576 150 55 6931.0 35330.0 16358.468 218 396 330 0 77 100 7.473 [] 15312.0 367404 25 252 24 14.672 28.664 26.436 1.01
3672 1450 816 584 151 56 7009.0 35965.0 16629.912 218 394 330.121 0 79 102 7.429 [13,20] 728.0 337024 25 186 29 37.664 52.128 50.184 1.02
3735 1536 851 592 152 56 7015.0 35562.0 16755.734 215 398 329.932 0 79 106 7.429 [] 12689.0 196944 25 180 27 7.848 19.739 17.618 1.01
3799 1544 866 592 154 56 7179.0 35601.0 17203.726 216 399 329.18 0 80 109 7.429 [] 18542.0 267099 25 161 19 10.636 35.249 28.967 1.01
3859 1959 1062 592 155 57 7181.0 35571.0 17208.656 218 395 330.532 0 80 113 7.351 [36,33] 1302.0 250494 25 147 21 19.21 68.095 56.102 1.02
3945 2006 1112 592 156 57 7175.0 35797.0 17197.77 215 397 329.797 0 80 113 7.351 [] 11899.0 288061 25 252 30 11.626 14.116 13.303 1.01
4037 2029 1149 598 157 58 7015.0 35700.0 16717.171 218 397 329.692 0 79 115 7.328 [36,10] 525.0 296756 25 181 22 18.231 46.066 40.568 1.02
4152 2111 1212 604 158 58 7012.0 35614.0 15927.225 214 397 330.821 0 80 118 7.328 [] 7804.0 77 25 0 0 0 2.571 0.687 1.01
4254 2160 1260 604 163 58 7011.0 35742.0 15913.472 216 397 331.362 0 81 119 7.328 [] 16111.0 201869 25 159 23 3.176 28.669 23.728 1.01
4356 2261 1316 604 165 58 7013.0 39247.0 16580.606 217 398 331.942 0 82 124 7.328 [] 22295.0 226984 25 143 21 7.397 41.932 34.419 1.01
4455 2458 1354 613 166 59 7014.0 39279.0 16582.231 218 399 332.657 0 83 125 7.288 [33,28] 2654.0 368997 25 204 24 28.337 53.865 47.47 1.02
4535 2497 1377 621 168 59 7018.0 37299.0 16750.708 220 401 332.743 0 83 127 7.288 [] 12346.0 297105 25 261 32 11.782 19.74 18.201 1.01
4614 2729 1424 627 168 60 7018.0 37299.0 16750.797 217 400 333.694 0 83 131 7.267 [31,27] 724.0 360077 25 225 21 16.872 46.801 40.766 1.02
4693 2783 1458 633 170 60 6951.0 35976.0 15673.2 219 400 333.342 0 84 133 7.267 [] 12281.0 200730 25 196 28 10.491 19.74 17.715 1.01
4806 2925 1501 644 171 61 6949.0 35923.0 16358.149 216 400 333.233 0 86 137 7.262 [35,26] 2201.0 254108 25 163 24 15.922 41.932 37.541 1.02
4888 2981 1531 654 175 61 6950.0 35933.0 16334.756 220 399 333.877 0 85 142 7.262 [] 13702.0 251337 25 225 24 6.457 24.079 19.664 1.01
5007 3167 1601 663 177 62 6952.0 36005.0 16334.896 217 400 333.77 0 86 143 7.274 [32,25] 513.0 339101 25 244 31 28.125 37.6 35.799 1.02
5097 3246 1650 669 178 62 6952.0 35990.0 16340.589 222 401 334.053 0 86 145 7.274 [] 7474.0 92 25 0 0 0 2.09 0.394 1.01
5221 3302 1698 669 180 62 7220.0 36062.0 17127.03 219 403 334.338 0 85 148 7.274 [] 15472.0 56 25 0 0 0 9.281 2.887 1.01
5313 3386 1759 684 180 63 6956.0 36115.0 16351.939 221 403 334.679 0 87 151 7.27 [31,26] 1177.0 355542 25 239 30 26.773 41.024 38.82 1.02
5453 3535 1864 692 180 63 6956.0 36120.0 16348.813 222 403 335.101 0 89 155 7.27 [] 13064.0 269203 25 242 24 10.674 24.079 20.612 1.01
5558 3627 1940 702 182 64 6959.0 35949.0 17029.849 224 403 335.975 0 89 158 7.266 [17,18] 1836.0 430590 25 274 36 35.84 39.156 38.402 1.02
5685 3883 2050 708 187 64 6961.0 35922.0 16551.157 218 405 336.825 0 91 165 7.266 [] 9994.0 31 25 0 0 0 9.342 1.546 1.01
5820 3945 2127 708 188 64 6964.0 35970.0 16571.164 225 407 336.864 0 92 169 7.266 [] 17936.0 167735 25 127 27 15.382 36.115 29.251 1.01
5949 4023 2173 716 190 65 7137.0 36041.0 17089.185 225 408 337.085 0 92 172 7.246 [35,27] 2845.0 410046 25 236 24 28.824 45.905 42.754 1.02
6091 4133 2283 724 193 65 7140.0 36102.0 17338.77 225 408 337.549 0 92 173 7.246 [] 8228.0 50 25 0 0 0 2.09 0.254 1.01
6236 4373 2373 724 196 65 7138.0 36074.0 17309.233 226 409 338.524 0 94 181 7.246 [] 19757.0 480804 25 340 39 28.637 36.115 32.99 1.01
6417 4626 2473 734 197 66 7142.0 36142.0 17329.816 228 408 339.61 0 95 185 7.227 [17,19] 82.0 424142 25 217 24 29.302 45.411 42.693 1.02
6745 5007 2705 744 201 66 7051.0 36188.0 17051.36 227 411 340.837 0 99 191 7.227 [] 12363.0 228771 25 212 23 4.047 19.74 16.746 1.01
6937 5006 2756 744 203 66 7151.0 36318.0 17370.516 230 411 340.989 0 97 196 7.227 [] 21458.0 308709 25 208 33 27.993 36.824 34.98 1.01
7104 5203 2890 750 207 67 7154.0 34582.0 17100.598 228 412 340.843 0 97 201 7.209 [30,27] 1045.0 276792 25 169 23 30.902 44.362 41.242 1.02
7240 5484 2985 756 211 67 6980.0 34532.0 16550.136 229 412 342.112 0 99 205 7.209 [] 7095.0 376 25 0 0 0 0.61 0.069 1.01
7378 5624 3056 756 212 67 6983.0 34672.0 16576.08 231 414 343.242 0 100 209 7.209 [] 17955.0 268189 25 187 18 4.436 36.115 26.356 1.01
7496 5733 3116 756 215 68 6989.0 38394.0 16631.645 232 415 343.495 0 103 215 7.265 [10,14] 501.0 209147 25 111 25 22.933 42.31 38.964 1.02
7679 5925 3197 756 217 68 6990.0 38492.0 17072.749 234 414 345.366 0 102 217 7.265 [] 11875.0 301930 25 258 22 3.179 18.254 15.286 1.01
7858 6021 3283 756 218 68 6996.0 38517.0 17095.095 231 417 345.409 0 103 222 7.265 [] 18641.0 266051 25 198 31 23.514 36.115 31.475 1.01
8068 6404 3420 767 223 69 6996.0 38504.0 17060.776 235 417 347.065 0 106 233 7.319 [27,23] 255.0 652770 25 337 32 21.908 45.586 40.171 1.02
8306 6615 3534 771 224 69 7000.0 38713.0 17113.453 236 419 348.663 0 106 235 7.319 [] 7795.0 57 25 0 0 0 2.672 0.326 1.01
8518 6620 3624 771 227 69 7004.0 38738.0 17117.506 237 420 349.156 0 108 237 7.319 [] 15459.0 188273 25 149 26 6.058 28.247 22.86 1.01
8715 6915 3757 788 227 70 7005.0 38799.0 16705.537 239 421 349.694 0 108 243 7.314 [36,26] 904.0 264313 25 179 35 24.733 40.959 38.465 1.02
8853 7069 3809 796 231 70 7182.0 39042.0 17890.685 236 422 351.214 0 109 250 7.314 [] 8920.0 40 25 0 0 0 5.127 1.082 1.01
9046 7282 3933 796 234 70 7185.0 39161.0 17915.543 242 423 351.707 0 109 258 7.314 [] 16944.0 390979 25 286 24 11.641 28.247 23.885 1.01
9323 7714 4055 798 237 71 7189.0 39327.0 17945.358 241 424 353.505 0 114 263 7.296 [10,21] 1225.0 283812 25 163 23 20.833 41.723 37.359 1.02
9582 7899 4201 800 238 71 7198.0 37268.0 17272.698 246 427 354.812 0 114 266 7.296 [] 11174.0 43 25 0 0 0 7.137 2.07 1.01
9866 8228 4373 800 241 71 7202.0 37362.0 17293.795 241 428 356.327 0 115 274 7.296 [] 17108.0 259281 25 195 22 8.283 28.247 22.764 1.01
10064 9108 4736 811 244 72 7207.0 37455.0 17304.976 247 429 357.644 0 116 287 7.264 [32,28] 334.0 470170 25 242 22 28.529 53.456 47.132 1.02
10621 9435 5019 821 245 72 7220.0 37705.0 18002.041 250 433 359 0 119 295 7.264 [] 16128.0 208179 25 170 32 18.636 28.247 24.302 1.01
10813 9651 5094 821 247 72 7128.0 37713.0 17719.863 248 433 359.486 0 117 313 7.264 [] 21958.0 246938 25 171 25 16.399 36.815 33.373 1.01
11047 9921 5182 829 249 73 7226.0 37837.0 18007.415 251 434 361.167 0 121 319 7.315 [11,14] 258.0 532295 25 270 31 23.322 45.194 41.626 1.02
11331 10509 5404 833 249 73 7342.0 37975.0 18375.358 254 437 363.798 0 125 321 7.315 [] 10816.0 30 25 0 0 0 8.133 1.82 1.01
11659 10877 5532 833 253 73 7361.0 38214.0 18468.232 259 441 365.982 0 127 337 7.315 [] 17049.0 289206 25 219 23 9.361 24.108 20.276 1.01
11910 11198 5690 837 253 74 7365.0 38370.0 18517.018 256 441 366.8 0 126 337 7.297 [37,10] 421.0 299608 25 175 24 17.165 43.291 37.826 1.02
12192 11586 5850 841 254 74 7374.0 40807.0 18812.371 261 443 367.883 0 130 352 7.297 [] 7851.0 90 25 0 0 0 1.699 0.189 1.01
12379 12103 5932 841 254 74 7380.0 40936.0 18505.903 263 445 371.345 0 131 358 7.297 [] 19637.0 261168 25 159 31 8.942 28.669 25.463 1.01
12613 12664 6184 843 257 75 7384.0 40090.0 17744.175 266 447 373.319 0 134 364 7.28 [36,22] 2277.0 362133 25 212 33 30.747 43.276 41.017 1.02
12921 13002 6334 845 262 75 7393.0 40252.0 17775.19 269 451 374.783 0 135 367 7.28 [] 13302.0 23 25 0 0 0 6.846 2.461 1.01
13170 13107 6438 845 264 75 7397.0 40380.0 17793.356 269 451 375.314 0 134 372 7.28 [] 22836.0 186944 25 125 21 11.451 38.475 32.25 1.01
13358 14581 7098 847 266 76 7191.0 41517.0 18014.238 270 453 376.551 0 134 387 7.237 [18,21] 273.0 366304 25 189 34 41.599 58.107 52.086 1.02
13662 15052 7264 849 268 76 7195.0 41614.0 18042.487 272 454 378.873 0 136 395 7.237 [] 9156.0 54 25 0 0 0 6.24 1.894 1.01
13932 15618 7461 849 272 76 7202.0 41769.0 18090.078 274 457 382.555 0 140 403 7.237 [] 15584.0 255933 25 190 24 9.721 24.079 19.155 1.01
14248 15854 7654 849 273 76 7115.0 42102.0 17920.851 277 461 384.943 0 138 396 7.237 [] 21041.0 317257 25 202 28 27.204 36.824 34.133 1.01
14518 16193 7808 849 275 77 7221.0 42378.0 18262.692 279 462 386.418 0 141 419 7.221 [10,24] 416.0 333111 25 193 25 27.338 41.607 39.363 1.02
14838 16589 8006 849 278 77 7227.0 42490.0 18286.163 282 465 388.934 0 144 422 7.221 [] 8563.0 49 25 0 0 0 4.201 0.569 1.01
15218 17285 8170 849 280 77 7232.0 42722.0 18352.407 280 467 392.802 0 146 423 7.221 [] 18628.0 167096 25 117 17 6.058 28.669 19.893 1.01
15565 17789 8394 855 283 78 7612.0 41072.0 19649.035 291 471 395.795 0 148 440 7.205 [36,27] 67.0 311967 25 182 24 14.753 42.236 37.259 1.02
16259 18312 8733 861 284 78 7619.0 41201.0 19463.153 290 476 399.457 0 153 459 7.205 [] 13287.0 24 25 0 0 0 7.387 2.636 1.01
16663 19064 8909 861 287 78 7630.0 41388.0 19524.857 290 479 403.8 0 158 463 7.205 [] 24746.0 241834 25 163 25 11.689 36.115 32.117 1.01
17013 19751 9193 868 290 79 7406.0 41589.0 18985.89 290 485 407.301 0 160 491 7.266 [11,13] 372.0 365815 25 197 22 27.905 42.8 38.101 1.02
17340 19929 9373 874 294 79 7421.0 43526.0 17980.608 287 488 409.418 0 157 490 7.266 [] 11401.0 32 25 0 0 0 9.228 2.304 1.01
17724 20582 9603 874 296 79 7430.0 43734.0 18308.063 287 490 414.779 0 162 504 7.266 [] 22598.0 477870 25 316 30 26.532 36.116 34.788 1.01
18164 20912 9831 880 297 80 7592.0 41989.0 19156.874 292 497 417.468 0 155 513 7.25 [35,22] 1958.0 330715 25 191 24 19.72 42.787 37.948 1.02
18577 21890 10142 886 299 80 7463.0 40152.0 19176.922 289 499 423.099 0 159 528 7.25 [] 8920.0 49 25 0 0 0 4.201 0.733 1.01
18975 22192 10278 886 299 80 7487.0 41219.0 18351.602 301 507 427.132 0 159 548 7.25 [] 18628.0 305806 25 195 22 12.921 30.66 27.374 1.01
19424 22946 10539 886 304 80 7773.0 41103.0 20172.207 302 509 432.586 0 164 551 7.25 [] 25498.0 356064 25 225 21 11.984 35.796 32.527 1.01
19937 23379 10888 891 308 81 7385.0 41627.0 19228.346 311 515 435.54 0 166 563 7.309 [15,13] 69.0 883101 25 351 34 35.545 47.687 43.493 1.02
20854 25225 11481 891 317 81 7558.0 44401.0 20133.883 319 524 447.519 0 179 589 7.309 [] 13547.0 24 25 0 0 0 6.711 1.874 1.01
21368 25840 11815 891 319 81 7588.0 41394.0 21324.412 325 532 453 0 184 603 7.309 [] 22849.0 218213 25 154 27 13.014 28.669 25.995 1.01
21855 26125 12035 891 326 81 7766.0 41715.0 21874.055 331 537 457.439 0 189 617 7.309 [] 34290.0 287044 25 153 22 14.117 39.778 34.411 1.01
22329 26878 12395 899 328 82 7338.0 42003.0 20532.172 335 542 463.6 0 194 635 7.317 [11,17] 900.0 627545 25 245 29 30.139 72.602 60.083 1.02
22884 28080 12740 907 331 82 7653.0 44593.0 20849.721 342 548 471.994 0 204 646 7.317 [] 12240.0 29 25 0 0 0 9.721 1.309 1.01
23412 28717 13160 907 337 82 7685.0 47320.0 20975.654 350 557 476.552 0 207 676 7.317 [] 23249.0 32809372 25 131 19 7.32 28.669 25.164 1.01
23998 29831 13608 913 342 83 7699.0 43633.0 21856.697 357 562 483.071 0 205 680 7.422 [12,9] 1713.0 628104 25 308 32 27.808 39.778 37.196 1.02
25115 31799 14370 917 348 83 7765.0 44933.0 23009.897 373 579 497.139 0 217 696 7.422 [] 13860.0 25 25 0 0 0 6.597 0.549 1.01
25719 32966 14874 917 354 83 7784.0 45298.0 23111.879 377 584 503.864 0 219 714 7.422 [] 23475.0 271461 25 168 23 7.118 28.669 23.188 1.01
26293 34778 15642 919 358 84 7809.0 45918.0 21468.305 384 590 510.994 0 221 759 7.405 [29,27] 55.0 439390 25 248 26 14.901 41.039 36.922 1.02
27569 37955 16585 921 362 84 7877.0 47109.0 23936.846 403 610 527.205 0 219 778 7.405 [] 12020.0 26 25 0 0 0 6.324 0.811 1.01
28245 38508 17091 921 366 84 8112.0 50473.0 23525.615 410 616 532.54 0 224 801 7.405 [] 21903.0 157030 25 120 17 1.325 19.746 13.855 1.01
28830 40404 17535 921 369 84 8134.0 51041.0 23677.952 417 627 542.72 0 220 813 7.405 [] 28158.0 175705 25 113 16 6.051 28.669 22.557 1.01
29507 41092 18012 921 372 84 8180.0 53894.0 23793.922 426 635 547.139 0 225 837 7.405 [] 38645.0 226563 25 127 18 11.55 40.719 34.142 1.01
30119 43577 18407 921 373 85 8206.0 53203.0 25978.056 433 640 558.328 0 221 869 7.341 [32,18] 2277.0 528011 25 270 30 37.343 60.995 57.362 1.02
30576 44054 18855 921 378 85 8253.0 53921.0 24882.1 443 650 563.365 0 219 863 7.341 [] 10530.0 49 25 0 0 0 3.171 0.362 1.01
31092 45234 19342 921 379 85 8048.0 53805.0 23539.803 449 656 571.66 0 218 877 7.341 [] 20079.0 20 25 0 0 0 11.331 2.869 1.01
31810 47013 19973 921 388 85 8080.0 56519.0 23222.618 455 665 580.596 0 220 883 7.341 [] 28706.0 409673 25 243 30 9.888 28.669 26.676 1.01
32456 48472 20528 933 392 86 8357.0 53341.0 23648.084 468 673 588.707 0 220 902 7.349 [37,25] 216.0 235568 25 121 25 24.771 39.615 37.022 1.02
33003 50460 20890 937 394 86 9247.0 54793.0 28807.899 474 682 601.186 0 220 931 7.349 [] 10588.0 66 25 0 0 0 1.613 0.204 1.01
33660 51641 21465 937 397 86 8448.0 55374.0 27199.431 484 695 608.535 2 223 973 7.349 [] 19831.0 47 25 0 0 0 10.869 2.459 1.01
34411 54246 22038 937 399 86 8221.0 55912.0 24218.124 493 709 622.936 0 228 993 7.349 [] 30634.0 372931 25 211 22 14.571 36.115 30.549 1.01
35116 55449 22514 943 405 87 8277.0 59145.0 25054.589 510 720 634.529 0 223 991 7.391 [27,25] 1142.0 704396 25 328 32 21.57 42.336 38.458 1.02
36642 59060 23726 949 418 87 9606.0 61222.0 29220.283 531 744 658.905 0 231 1000 7.391 [] 14438.0 37 25 0 0 0 3.179 0.697 1.01
37306 59574 24225 949 422 87 9327.0 64301.0 27515.823 536 755 666.144 0 225 1000 7.391 [] 25443.0 446653 25 297 29 15.736 22.629 21.147 1.01
38043 61506 24886 949 425 87 9046.0 63465.0 30844.169 554 763 678.134 0 232 1000 7.391 [] 32062.0 7354275 25 185 28 11.51 28.236 22.298 1.01
38861 64089 25685 949 427 87 9104.0 64707.0 30064.524 569 775 693.855 0 237 1000 7.391 [] 43651.0 390284 25 210 28 22.814 36.115 32.948 1.01
39750 65606 26398 960 434 88 9184.0 66225.0 30588.158 581 794 706.167 0 238 1000 7.409 [13,16] 916.0 409538 25 201 25 24.532 40.352 36.983 1.02
40496 65750 26890 968 437 88 8596.0 70754.0 27815.026 597 807 713.375 0 223 1000 7.409 [] 12664.0 32 25 0 0 0 3.68 0.581 1.01
41380 68558 27718 968 445 88 9290.0 67854.0 33223.66 607 811 729.444 0 221 1000 7.409 [] 22931.0 35 25 0 0 0 8.357 2.391 1.01
42233 68930 28339 968 450 88 9372.0 69226.0 33798.897 622 830 737.494 0 222 1000 7.409 [] 32569.0 409373 25 237 22 6.925 19.74 17.28 1.01
42888 70505 28839 978 459 89 9059.0 67444.0 26586.849 628 840 749.592 0 219 1000 7.416 [36,24] 7534.0 281265 25 168 25 17.234 39.364 36.048 1.02
43556 71885 29427 988 465 89 10337.0 67002.0 28266.05 643 856 761.215 0 225 1000 7.416 [] 15353.0 28 25 0 0 0 4.5 1.647 1.01
44206 74297 30016 988 474 89 9166.0 71556.0 30144.348 656 862 778.287 0 219 1000 7.416 [] 23153.0 210007 25 145 16 3.408 18.254 13.212 1.01
44729 75136 30381 988 477 89 9236.0 73063.0 28949.314 672 879 790.491 0 219 1000 7.416 [] 29639.0 375723 25 260 28 6.946 22.628 20.469 1.01
45417 76557 31036 988 480 89 9689.0 74187.0 31819.713 683 894 803.264 0 214 1000 7.416 [] 35328.0 298554 25 173 24 10.231 25.759 22.846 1.01
46067 76583 31464 988 484 89 10208.0 75361.0 33262.589 696 907 811.566 0 212 1000 7.416 [] 46020.0 352430 25 195 23 14.572 35.395 31.515 1.01
46661 77506 31916 988 486 89 10262.0 76165.0 35198.307 707 915 825.982 0 212 1000 7.416 [] 52894.0 169196 25 99 20 13.941 39.121 33.214 1.01
47328 79616 32267 998 490 90 10344.0 74138.0 34855.2 708 929 845.618 0 213 1000 7.422 [33,24] 879.0 772484 25 308 35 32.663 51.806 48.199 1.02
47806 80413 32678 1008 497 90 10467.0 77148.0 31962.755 719 951 860.317 0 212 1000 7.422 [] 10721.0 125 25 0 0 0 0.61 0.117 1.01
48586 80308 33413 1008 503 90 10058.0 76167.0 32045.206 734 966 868.976 0 216 1000 7.422 [] 18816.0 26 25 0 0 0 6.796 1.533 1.01
49216 81259 34004 1008 508 90 10105.0 76983.0 36012.472 747 974 883.563 0 208 1000 7.422 [] 27659.0 369916 25 281 25 6.14 18.254 15.134 1.01
49826 83723 34571 1008 513 90 9710.0 80964.0 37268.697 758 1004 904.5 0 208 1000 7.422 [] 33215.0 348060 25 226 25 10.972 19.738 17.964 1.01
50479 84768 35128 1008 516 90 10822.0 82405.0 40165.09 780 1012 920.515 2 209 1000 7.422 [] 43266.0 333022 25 197 17 4.591 25.759 19.196 1.01
50967 85891 35581 1008 525 90 10919.0 87841.0 38641.292 799 1022 934.866 0 201 1000 7.422 [] 52383.0 226394 25 132 24 12.943 39.121 33.989 1.01
51425 86759 35951 1008 534 90 10444.0 89251.0 34768.687 811 1045 949.724 0 200 1000 7.422 [] 57733.0 381276 25 205 27 16.132 39.121 34.648 1.01
51768 86185 36220 1008 536 91 10515.0 90532.0 34165.696 826 1061 957.734 0 193 1000 7.473 [21,15] 514.0 858828 25 357 42 41.742 47.653 44.915 1.02
52672 89810 37116 1008 549 91 11237.0 86320.0 42704.548 836 1083 995.917 0 194 1000 7.473 [] 21437.0 26 25 0 0 0 5.79 1.137 1.01
53103 90799 37452 1008 555 91 10761.0 90569.0 33364.421 856 1112 1011.329 0 180 1000 7.473 [] 28888.0 239149 25 163 23 5.955 22.628 19.717 1.01
53691 90038 37883 1008 560 91 11461.0 88210.0 40584.327 864 1123 1018.68 0 178 1000 7.473 [] 35204.0 116846 25 90 23 6.829 30.66 26.588 1.01
54305 92429 38432 1008 562 91 9796.0 92491.0 40962.292 870 1130 1040.771 0 177 1000 7.473 [] 46820.0 618335 25 272 28 23.476 28.88 28.224 1.01
54798 91493 38771 1008 566 91 9880.0 92655.0 43198.493 895 1153 1047.628 0 172 1000 7.473 [] 52833.0 520877 25 266 26 12.191 35.814 28.649 1.01
55248 93799 39016 1008 575 91 10433.0 95059.0 39950.503 905 1162 1070.214 1 170 1000 7.473 [] 58692.0 572811 25 272 23 12.586 35.814 29.347 1.01
55900 95230 39992 1008 582 92 12568.0 94748.0 39338.537 925 1184 1084.197 0 174 1000 7.489 [24,19] 7.0 336718 25 151 28 38.085 53.268 46.531 1.02
56671 96382 40404 1008 589 92 13683.0 97315.0 41943.79 957 1223 1112.82 0 170 1000 7.489 [] 16331.0 70 25 0 0 0 1.011 0.187 1.01
57098 95186 40712 1008 592 92 10721.0 98613.0 35602.585 972 1230 1118.662 0 173 1000 7.489 [] 21676.0 18 25 0 0 0 10.491 2.678 1.01
57686 96112 41206 1008 596 92 11396.0 97007.0 38468.267 984 1231 1132.008 0 168 1000 7.489 [] 28521.0 74 25 0 0 0 14.653 2.877 1.01
58148 98262 41544 1008 601 92 13026.0 100381.0 41011.521 992 1264 1155.647 0 169 1000 7.489 [] 34426.0 151760 25 108 25 15.142 25.759 23.827 1.01
58579 97125 41769 1008 605 92 13180.0 104635.0 46652.897 1017 1272 1161.581 0 166 1000 7.489 [] 43750.0 181796 25 126 22 4.135 18.265 14.296 1.01
59079 98004 42129 1008 608 92 14239.0 103105.0 51513.442 1025 1280 1176.821 0 163 1000 7.489 [] 52097.0 279218 25 166 27 13.726 22.629 20.495 1.01
59460 98239 42380 1008 612 92 11683.0 106558.0 44776.274 1036 1294 1191.351 0 163 1000 7.489 [] 61134.0 470719 25 264 36 23.501 28.669 27.5 1.01
60100 98635 42845 1008 620 92 11759.0 101317.0 51058.787 1051 1309 1207.729 0 167 1000 7.489 [] 67361.0 364168 25 179 28 20.91 29.97 27.393 1.01
60681 101286 43206 1014 625 93 13562.0 107877.0 48782.168 1074 1328 1234.557 0 168 1000 7.495 [31,25] 1235.0 340987 25 144 24 21.004 54.01 40.898 1.02
61613 102364 44032 1020 637 93 12025.0 112398.0 39543.959 1106 1355 1268.973 1 166 1000 7.495 [] 22667.0 299 25 0 0 0 4.463 0.781 1.01
62103 101377 44529 1020 640 93 10156.0 112621.0 36981.654 1132 1386 1275.98 0 156 1000 7.495 [] 33923.0 247533 25 161 19 6.505 19.74 16.185 1.01
62527 103617 44813 1020 648 93 13044.0 115263.0 42215.526 1137 1415 1302.09 0 158 1000 7.495 [] 45100.0 234456 25 152 22 12.498 25.401 22.993 1.01
63100 102522 45220 1020 655 93 13194.0 115739.0 64644.706 1158 1426 1309.365 0 154 1000 7.495 [] 53160.0 377839 25 215 19 0.921 19.74 15.89 1.01
63388 102970 45532 1020 660 93 14245.0 120418.0 52405.499 1146 1439 1326.603 0 157 1000 7.495 [] 64890.0 260974 25 153 26 5.609 30.146 25.742 1.01
63831 105277 45858 1020 665 93 14375.0 117650.0 54645.257 1171 1465 1353.26 0 154 1000 7.495 [] 72935.0 408287 25 215 30 16.187 23.324 22.15 1.01
64134 103633 46125 1020 670 93 14545.0 117675.0 57130.606 1191 1472 1360.408 0 154 1000 7.495 [] 80272.0 395759 25 221 27 10.579 28.237 25.165 1.01
64712 105815 46450 1020 671 93 14613.0 118428.0 63917.968 1207 1505 1389.925 0 156 1000 7.495 [] 91436.0 418573 25 207 25 14.182 30.146 26.977 1.01
65030 105084 46671 1030 672 94 12777.0 120949.0 47302.565 1235 1509 1397.032 0 153 1000 7.489 [30,26] 3752.0 274889 25 107 23 19.217 52.82 39.958 1.02
65727 106110 47203 1040 681 94 15045.0 126314.0 56138.713 1269 1548 1433.547 0 151 1000 7.489 [] 23300.0 34 25 0 0 0 2.556 0.477 1.01
66064 106370 47517 1040 688 94 16386.0 124858.0 64273.425 1281 1560 1452.02 0 147 1000 7.489 [] 34430.0 58 25 0 0 0 6.043 0.83 1.01
66344 106920 47794 1040 692 94 13097.0 126403.0 62530.845 1293 1579 1471.407 0 146 1000 7.489 [] 46289.0 245809 25 164 22 4.461 18.236 13.905 1.01
66653 107727 48172 1040 698 94 19878.0 128114.0 69158.001 1312 1599 1491.443 1 144 1000 7.489 [] 54276.0 31 25 0 0 0 6.597 1.491 1.01
67262 110213 48663 1040 703 94 20062.0 129843.0 71770.606 1333 1618 1522.14 1 146 1000 7.489 [] 63937.0 363698 25 223 35 9.766 13.227 12.712 1.01
67607 110792 49028 1040 705 94 14509.0 137042.0 64995.94 1346 1650 1540.806 0 144 1000 7.489 [] 75305.0 295688 25 156 16 1.898 25.142 19.584 1.01
68273 111351 49457 1040 712 94 17247.0 135360.0 76395.049 1364 1682 1561.3 0 143 1000 7.489 [] 81005.0 526410 25 272 24 6.135 19.74 16.905 1.01
68369 109589 49439 1040 722 94 17420.0 142760.0 68587.921 1382 1692 1569.576 0 141 1000 7.489 [] 89652.0 639961 25 329 28 25.587 35.394 33.458 1.01
68659 112346 49710 1040 726 94 17495.0 139214.0 63196.653 1394 1694 1602.593 1 139 1000 7.489 [] 100913.0 589760 25 299 26 16.934 30.146 27.659 1.01
68801 110106 49777 1040 728 94 16262.0 146354.0 59187.706 1427 1730 1610.799 0 140 1000 7.489 [] 107612.0 357972 25 168 25 12.926 39.121 33.609 1.01
69005 110757 50088 1040 735 95 17839.0 146993.0 64392.972 1441 1740 1631.797 1 135 1000 7.526 [44,14] 3109.0 321183 25 151 29 15.312 40.994 38.332 1.02
69935 111852 50809 1040 747 95 10767.0 151955.0 47942.061 1495 1800 1676.275 0 133 1000 7.526 [] 22218.0 32 25 0 0 0 8.133 1.273 1.01
70290 112437 51206 1040 751 95 16788.0 144164.0 71962.131 1507 1803 1698.506 1 127 1000 7.526 [] 33930.0 50 25 0 0 0 6.24 1.022 1.01
70610 112911 51543 1040 758 95 16925.0 148972.0 77141.55 1521 1827 1719.986 0 128 1000 7.526 [] 40412.0 34 25 0 0 0 7.275 1.681 1.01
71037 113237 51835 1040 766 95 20530.0 151063.0 75206.587 1540 1855 1741.485 0 128 1000 7.526 [] 46668.0 52 25 0 0 0 4.014 0.964 1.01
71588 113711 52295 1040 774 95 15807.0 152965.0 73182.586 1568 1876 1764.352 0 132 1000 7.526 [] 58498.0 22 25 0 0 0 9.295 2.615 1.01
71892 114586 52641 1040 777 95 14687.0 151844.0 62497.8 1594 1892 1787.792 2 132 1000 7.526 [] 67682.0 367981 25 201 23 8.491 21.018 17.362 1.01
72501 117604 53108 1040 782 95 14798.0 160374.0 64649.652 1617 1918 1827.043 0 129 1000 7.526 [] 73521.0 323350 25 193 27 12.701 21.075 19.561 1.01
72468 115490 53127 1040 788 95 17811.0 159369.0 71571.066 1649 1958 1836.273 0 126 1000 7.526 [] 79350.0 374093 25 210 22 10.699 19.74 17.406 1.01
72492 118199 53085 1040 792 95 21581.0 158029.0 77535.806 1665 1964 1875.255 1 129 1000 7.526 [] 89546.0 226604 25 148 19 8.826 20.615 17.049 1.01
72707 118726 53437 1040 798 95 19916.0 161631.0 84387.321 1703 2028 1899.401 0 130 1000 7.526 [] 96711.0 241327 25 201 26 7.951 19.74 16.738 1.01
72831 119040 53531 1040 803 95 16747.0 166719.0 80894.095 1735 2029 1923.636 1 129 1000 7.526 [] 105544.0 147007 25 117 25 8.392 28.261 21.924 1.01
73367 117390 54079 1040 809 95 16887.0 165766.0 78973.752 1757 2056 1933.616 0 122 1000 7.526 [] 112320.0 281206 25 186 24 9.009 32.182 26.793 1.01
73648 117657 54108 1040 813 95 16950.0 173244.0 63909.866 1767 2069 1956.496 0 119 1000 7.526 [] 117720.0 220859 25 157 22 14.888 35.394 28.552 1.01
73860 118069 54267 1040 818 95 17077.0 173028.0 82860.692 1783 2095 1980.316 0 120 1000 7.526 [] 129192.0 149326 25 110 25 14.671 35.814 28.927 1.01
74179 118627 54567 1040 820 95 17221.0 173758.0 76577.919 1814 2117 2004.156 0 119 1000 7.526 [] 139299.0 400513 25 242 32 19.852 36.954 33.151 1.01
74260 121242 54840 1040 825 96 17363.0 181592.0 80370.528 1814 2142 2042.553 2 118 1000 7.552 [34,6] 593.0 288258 25 159 36 35.836 46.193 41.126 1.02
74805 119150 55489 1040 839 96 21605.0 188933.0 71047.999 1895 2226 2096.571 0 115 1000 7.552 [] 24954.0 52 25 0 0 0 1.011 0.182 1.01
75201 119671 55836 1040 849 96 19654.0 187465.0 79343.834 1904 2236 2118.457 0 116 1000 7.552 [] 32103.0 18 25 0 0 0 2.969 0.608 1.01
75690 120417 56252 1040 857 96 18030.0 189405.0 73144.931 1922 2256 2143.725 2 116 1000 7.552 [] 39984.0 15 25 0 0 0 5.127 0.722 1.01
76024 123187 56454 1040 863 96 18179.0 191655.0 79685.424 1958 2288 2185.122 3 118 1000 7.552 [] 48951.0 32 25 0 0 0 9.342 2.225 1.01
76407 123615 56839 1040 869 96 22371.0 188778.0 86093.922 2001 2344 2210.082 0 117 1000 7.552 [] 58100.0 25 25 0 0 0 5.79 2.147 1.01
76308 121236 56852 1040 871 96 22601.0 195236.0 78890.029 2031 2353 2218.076 0 110 1000 7.552 [] 66997.0 40 25 0 0 0 8.615 2.775 1.01
76501 121320 56965 1040 878 96 16985.0 195918.0 66956.655 2031 2376 2243.32 0 113 1000 7.552 [] 77205.0 230052 25 205 22 2.53 19.74 15.636 1.01
76891 121699 57247 1040 882 96 17117.0 193802.0 81139.697 2061 2384 2268.116 0 111 1000 7.552 [] 85614.0 219532 25 189 29 13.976 21.174 19.854 1.01
77414 122471 57563 1040 891 96 20838.0 198394.0 85954.159 2081 2429 2294.902 0 108 1000 7.552 [] 90629.0 341124 25 312 29 9.726 18.265 16.221 1.01
77538 125569 57690 1040 897 96 19070.0 198271.0 85684.48 2108 2435 2338.903 2 107 1000 7.552 [] 100615.0 294495 25 234 24 7.93 21.174 18.755 1.01
77919 125733 58005 1040 902 96 16089.0 202025.0 70121.377 2148 2480 2363.794 0 107 1000 7.552 [] 106045.0 421209 25 285 31 21.742 32.182 30.254 1.01
78236 123909 58288 1040 904 96 23779.0 208590.0 80536.374 2172 2510 2373.264 0 105 1000 7.552 [] 112585.0 121673 25 102 19 6.177 22.086 17.016 1.01
78842 126961 58695 1040 911 96 26553.0 209449.0 109006.774 2189 2552 2419.563 0 107 1000 7.552 [] 119803.0 173185 25 150 22 10.811 24.744 20.552 1.01
79071 124479 58624 1040 919 96 33720.0 211365.0 111809.442 2228 2564 2429.382 0 107 1000 7.552 [] 125165.0 106514 25 92 12 3.629 17.472 11.825 1.01
79180 127688 58702 1040 921 96 33829.0 210066.0 109375.769 2246 2573 2475.086 2 109 1000 7.552 [] 130471.0 318280 25 279 27 8.066 18.649 17.033 1.01
79706 125937 59070 1040 926 96 20133.0 214064.0 80129.495 2291 2619 2485.518 0 105 1000 7.552 [] 140946.0 189690 25 139 22 12.548 32.182 25.508 1.01
80026 126126 59327 1040 929 96 22313.0 219329.0 95924.098 2299 2633 2511.6 0 107 1000 7.552 [] 147457.0 251947 25 180 24 14.174 29.661 25.535 1.01
80260 128954 59398 1040 931 96 22492.0 221531.0 96862.952 2321 2650 2557.861 2 110 1000 7.552 [] 157771.0 190626 25 142 28 21.751 29.661 26.704 1.01
80211 126415 59430 1040 938 96 22800.0 221426.0 112264.996 2370 2706 2567.443 0 107 1000 7.552 [] 167930.0 199156 25 141 21 7.881 32.182 25.201 1.01
80214 126054 59184 1046 942 97 17077.0 222801.0 115784.029 2370 2720 2594.034 0 102 1000 7.577 [11,15] 4257.0 333574 25 158 27 17.652 50.304 39.233 1.02
80740 126813 59558 1052 955 97 26078.0 227324.0 113087.151 2414 2795 2679.048 0 100 1000 7.577 [] 29226.0 109 25 0 0 0 0.61 0.159 1.01
81254 126707 59833 1052 960 97 26275.0 238397.0 103974.917 2474 2831 2708.504 0 101 1000 7.577 [] 34777.0 33 25 0 0 0 2.09 0.422 1.01
81420 126830 59930 1052 965 97 23833.0 234400.0 117236.033 2498 2856 2738.145 1 102 1000 7.577 [] 39859.0 14 25 0 0 0 2.969 0.517 1.01
81582 130106 60174 1052 975 97 26749.0 234729.0 105408.749 2531 2929 2788.722 0 105 1000 7.577 [] 48016.0 12 25 0 0 0 3.112 0.626 1.01
82015 128089 60488 1052 980 97 43204.0 241394.0 129546.055 2579 2937 2800.702 0 97 1000 7.577 [] 53721.0 25 25 0 0 0 1.699 0.199 1.01
82056 128325 60699 1052 986 97 43254.0 246747.0 122635.634 2591 2966 2831.54 0 99 1000 7.577 [] 60331.0 14 25 0 0 0 4.969 1.494 1.01
82356 128719 60894 1052 988 97 34472.0 247353.0 120527.497 2622 2980 2862.268 1 99 1000 7.577 [] 66216.0 15 25 0 0 0 2.969 0.36 1.01
82696 131709 61438 1052 992 97 34804.0 248419.0 136926.097 2655 3013 2910.936 3 100 1000 7.577 [] 75473.0 28 25 0 0 0 3.776 0.348 1.01
82860 128912 61592 1052 995 97 22685.0 254273.0 107193.527 2707 3065 2921.836 0 95 1000 7.577 [] 81471.0 21 25 0 0 0 13.731 2.335 1.01
82956 132405 61712 1052 1004 97 22752.0 251400.0 138572.873 2710 3079 2973.605 2 99 1000 7.577 [] 92648.0 28 25 0 0 0 13.063 2.806 1.01
83018 129843 61816 1052 1013 97 23058.0 259832.0 103024.156 2749 3123 2984.182 1 98 1000 7.577 [] 102819.0 253738 25 228 26 6.807 18.265 15.53 1.01
83013 133081 61893 1052 1014 97 20860.0 260782.0 91106.384 2762 3178 3039.612 0 103 1000 7.577 [] 111044.0 6094444 25 283 27 5.75 21.174 18.224 1.01
83284 133536 61995 1052 1016 97 15885.0 265550.0 81683.986 2812 3201 3071.251 1 99 1000 7.577 [] 121038.0 305622 25 147 27 8.878 36.026 29.505 1.01
83667 131102 62275 1052 1020 97 15986.0 272622.0 75258.985 2840 3226 3081.65 0 99 1000 7.577 [] 129276.0 347506 25 136 21 13.033 37.272 29.521 1.01
83858 134217 62131 1052 1022 97 29458.0 277816.0 105605.88 2854 3238 3132.299 2 100 1000 7.577 [] 137847.0 292200 25 176 31 16.468 35.16 30.576 1.01
84006 131853 62392 1052 1026 97 26705.0 273546.0 109103.416 2896 3290 3141.743 0 99 1000 7.577 [] 148693.0 262350 25 141 20 5.883 21.018 16.932 1.01
84489 135423 62727 1052 1033 97 29940.0 272084.0 123822.238 2910 3344 3195.736 0 101 1000 7.577 [] 160418.0 489316 25 283 34 13.836 21.018 19.435 1.01
85044 136275 63199 1052 1037 97 27151.0 276888.0 141006.651 2969 3352 3230.383 2 101 1000 7.577 [] 172224.0 494637 25 231 23 8.66 23.178 19.879 1.01
85160 136347 63219 1052 1040 97 27382.0 280708.0 157123.934 3008 3410 3261.451 0 101 1000 7.577 [] 183208.0 515218 25 251 27 10.622 27.789 24.266 1.01
85339 133610 63327 1052 1046 97 44110.0 283143.0 180484.663 3038 3419 3272.247 0 95 1000 7.577 [] 188804.0 132817 25 90 20 3.324 14.116 10.971 1.01
85667 136913 63673 1052 1050 97 30976.0 285840.0 137217.618 3053 3424 3325.025 3 98 1000 7.577 [] 198706.0 346848 25 182 25 5.799 23.583 20.519 1.01
85812 134472 63705 1052 1054 97 31410.0 288133.0 143807.84 3105 3484 3335.671 0 91 1000 7.577 [] 210132.0 298535 25 147 25 9.377 24.397 20.634 1.01
85691 137211 63380 1052 1057 97 31467.0 287400.0 159357.06 3105 3532 3391.411 0 93 1000 7.577 [] 217449.0 227907 25 118 20 4.352 27.789 20.099 1.01
85678 134435 63477 1052 1067 97 35877.0 293795.0 150361.475 3161 3545 3402.399 0 93 1000 7.577 [] 227894.0 205447 25 121 32 13.282 23.121 20.109 1.01
85741 135070 63428 1058 1069 98 35985.0 305504.0 121530.832 3176 3566 3435.845 1 95 1000 7.582 [37,24] 2810.0 787442 25 314 38 32.843 51.15 43.978 1.02
86648 137998 63935 1064 1094 98 33330.0 311622.0 135908.01 3346 3736 3623.052 3 91 1000 7.582 [] 42535.0 43 25 0 0 0 1.699 0.31 1.01
87097 138363 64177 1064 1103 98 30053.0 316357.0 135056.739 3394 3782 3658.518 1 93 1000 7.582 [] 47910.0 19 25 0 0 0 2.248 0.269 1.01
87181 135832 64411 1064 1110 98 34014.0 319549.0 132938.772 3432 3821 3670.51 0 88 1000 7.582 [] 57845.0 43 25 0 0 0 2.571 0.361 1.01
87543 138871 64361 1064 1116 98 30378.0 324815.0 122553.459 3449 3884 3733.187 0 90 1000 7.582 [] 66846.0 23 25 0 0 0 3.459 0.507 1.01
87692 139247 64261 1064 1121 98 39021.0 330153.0 117004.507 3504 3896 3771.174 2 90 1000 7.582 [] 72668.0 100 25 0 0 0 4.814 1.07 1.01
87918 138653 64317 1064 1125 98 44495.0 326905.0 140342.965 3547 3932 3804.943 0 90 1000 7.582 [] 79953.0 12 25 0 0 0 4.467 1.293 1.01
88314 138939 64364 1064 1132 98 27915.0 330508.0 137118.338 3582 3990 3844.012 0 92 1000 7.582 [] 87203.0 23 25 0 0 0 4.483 0.852 1.01
88630 136069 64636 1064 1138 98 35497.0 337658.0 153840.598 3617 4000 3857.186 0 90 1000 7.582 [] 95707.0 39 25 0 0 0 6.324 2.044 1.01
88644 135713 64390 1064 1146 98 35595.0 332241.0 134817.041 3625 4012 3891.435 1 89 1000 7.582 [] 106900.0 47 25 0 0 0 5.907 1.442 1.01
88979 136269 64687 1064 1151 98 31874.0 337379.0 127691.882 3676 4077 3930.97 0 86 1000 7.582 [] 114576.0 22 25 0 0 0 6.196 1.915 1.01
89215 136868 64790 1064 1156 98 36176.0 340815.0 130969.457 3712 4094 3969.561 1 85 1000 7.582 [] 124575.0 38 25 0 0 0 9.343 2.741 1.01
89179 136492 64632 1064 1160 98 60073.0 344872.0 197050.28 3740 4141 4005.339 1 84 1000 7.582 [] 131384.0 16 25 0 0 0 4.816 1.161 1.01
89600 139964 64979 1064 1167 98 53337.0 349599.0 161529.34 3790 4181 4068.215 2 84 1000 7.582 [] 139022.0 15 25 0 0 0 6.6 2.874 1.01
89932 139990 65155 1064 1174 98 29455.0 351513.0 180655.806 3838 4238 4105.079 1 86 1000 7.582 [] 147531.0 305782 25 175 26 4.822 18.265 16.177 1.01
90126 137333 65421 1064 1180 98 33332.0 356053.0 139906.443 3891 4273 4116.688 0 82 1000 7.582 [] 158239.0 234544 25 166 26 7.484 18.265 15.711 1.01
90124 137322 65354 1064 1189 98 37650.0 357168.0 128437.258 3906 4302 4151.8 0 83 1000 7.582 [] 165022.0 27 25 0 0 0 7.189 2.974 1.01
90517 140758 65480 1064 1198 98 33653.0 355582.0 157957.255 3940 4325 4218.468 3 86 1000 7.582 [] 172586.0 177647 25 119 24 7.094 18.265 15.062 1.01
90843 140931 65705 1064 1203 98 38448.0 365820.0 155235.084 3998 4405 4256.729 0 87 1000 7.582 [] 178437.0 262071 25 165 20 5.711 18.254 14.246 1.01
90812 137956 65748 1064 1207 98 49710.0 368038.0 195412.674 4027 4418 4267.892 0 83 1000 7.582 [] 188732.0 17 25 0 0 0 7.252 2.368 1.01
90695 137611 65383 1064 1214 98 49819.0 368896.0 195115.254 4016 4432 4301.082 1 85 1000 7.582 [] 198839.0 19 25 0 0 0 8.857 2.381 1.01
90488 137578 65037 1064 1219 98 50183.0 374008.0 189897.921 4077 4463 4338.181 0 79 1000 7.582 [] 207971.0 21 25 0 0 0 8.748 2.361 1.01
90352 137569 64947 1064 1222 98 34921.0 376405.0 148953.415 4119 4509 4376.54 1 80 1000 7.582 [] 219062.0 374727 25 195 21 8.284 23.121 18.922 1.01
90890 140485 65132 1064 1224 98 39706.0 382020.0 153175.193 4159 4554 4442.803 2 82 1000 7.582 [] 229839.0 292322 25 161 17 3.024 21.022 15.86 1.01
91089 137525 65145 1064 1232 98 58734.0 383181.0 202791.83 4223 4612 4454.996 0 82 1000 7.582 [] 239816.0 271829 25 187 22 4.191 12.002 10.225 1.01
91353 140070 65091 1064 1235 98 45648.0 386546.0 166644.76 4197 4624 4517.23 2 81 1000 7.582 [] 246586.0 256090 25 163 27 8.694 21.018 18.652 1.01
91562 140597 65131 1064 1236 98 46213.0 387537.0 213728.453 4301 4692 4559.327 1 83 1000 7.582 [] 252702.0 350585 25 216 26 6.931 21.018 18.437 1.01
92025 140667 65442 1064 1243 98 52932.0 393475.0 194089.449 4328 4737 4598.399 1 82 1000 7.582 [] 262098.0 288507 25 194 23 6.75 18.265 14.201 1.01
91943 137520 65213 1064 1248 98 41447.0 396745.0 205780.97 4351 4779 4610.505 0 83 1000 7.582 [] 273645.0 190850 25 111 20 5.899 23.121 17.889 1.01
92326 139991 65169 1064 1251 98 60881.0 402224.0 221112.705 4388 4787 4677.41 2 82 1000 7.582 [] 282594.0 289122 25 166 23 9.607 21.641 19.17 1.01
92282 136825 64992 1064 1253 98 61633.0 401348.0 225388.701 4436 4861 4689.847 0 82 1000 7.582 [] 289142.0 253333 25 152 23 5.2 14.116 11.791 1.01
92377 139480 64706 1064 1261 98 70485.0 402905.0 237491.348 4411 4875 4755.147 2 85 1000 7.582 [] 298775.0 25 25 0 0 0.13 10.258 2.643 1.01
92471 136394 64621 1064 1268 98 71374.0 408444.0 213814.419 4521 4942 4768.157 0 78 1000 7.582 [] 309777.0 408890 25 221 41 14.717 19.625 17.715 1.01
92524 136504 64667 1064 1272 98 62804.0 420130.0 188489.55 4503 4951 4801.97 0 77 1000 7.582 [] 317523.0 477506 25 226 29 26.043 34.226 29.464 1.01
92766 136606 64595 1064 1278 98 33752.0 412558.0 189646.819 4565 5008 4845.715 0 78 1000 7.582 [] 328241.0 230045 25 90 18 3.963 39.231 26.008 1.01
93004 139314 64494 1064 1285 98 49230.0 416156.0 136902.252 4609 5015 4918.129 3 81 1000 7.582 [] 340181.0 407059 25 161 31 21.464 38.904 31.121 1.01
93316 136993 64735 1064 1290 98 56742.0 423562.0 194962.072 4681 5097 4932.157 0 78 1000 7.582 [] 351582.0 728947 25 284 33 27.402 40.099 34.376 1.01
93288 136613 64486 1064 1292 98 56859.0 423566.0 241801.195 4644 5110 4964.026 1 80 1000 7.582 [] 357067.0 389508 25 215 21 4.793 21.017 17.167 1.01
93378 136835 64514 1064 1298 98 57254.0 433002.0 190425.668 4731 5173 5008.074 0 76 1000 7.582 [] 365528.0 374023 25 165 27 9.468 26.027 22.579 1.01
93542 139668 64316 1064 1307 98 75060.0 430256.0 216185.629 4767 5192 5080.344 2 77 1000 7.582 [] 373287.0 427738 25 197 32 14.797 35.544 28.369 1.01
93913 139633 64475 1064 1314 98 76044.0 434209.0 285424.017 4837 5258 5120.168 1 78 1000 7.582 [] 380293.0 174977 25 119 21 5.583 18.265 14.77 1.01
93835 136808 64431 1064 1320 98 51736.0 439934.0 211609.414 4885 5307 5132.108 0 78 1000 7.582 [] 385946.0 34715535 25 130 21 8.793 27.789 20.56 1.01
93519 139669 64313 1064 1328 98 59052.0 445387.0 213604.885 4845 5312 5196.316 2 77 1000 7.582 [] 391251.0 680382 25 292 31 11.514 25.218 22.177 1.01
93433 136301 64029 1064 1332 98 59689.0 446578.0 179967.333 4960 5366 5208.94 0 78 1000 7.582 [] 397294.0 448066 25 201 23 11.147 42.646 32.335 1.01
93664 139385 63989 1064 1340 98 52556.0 447716.0 135776.988 4984 5380 5279.66 2 78 1000 7.582 [] 407579.0 520553 25 180 23 12.942 46.404 34.159 1.01
93612 136229 63775 1064 1343 98 53190.0 462610.0 146724.56 5032 5450 5291.977 0 74 1000 7.582 [] 414589.0 528113 25 210 23 16.285 42.01 32.093 1.01
93882 139306 63716 1064 1350 98 69222.0 459283.0 233665.89 5002 5471 5357.083 2 74 1000 7.582 [] 421298.0 170351 25 139 25 8.964 21.018 17.999 1.01
93832 139098 63459 1064 1353 98 61375.0 464943.0 202119.802 5118 5546 5403.182 1 75 1000 7.582 [] 431859.0 257447 25 185 24 11.768 23.128 19.994 1.01
94068 136186 63479 1064 1361 98 54340.0 464640.0 190030.241 5171 5582 5416.091 0 73 1000 7.582 [] 442579.0 355011 25 209 31 16.444 28.828 25.813 1.01
94067 135554 63188 1064 1363 98 54457.0 466195.0 258626.98 5124 5606 5446.718 0 74 1000 7.582 [] 453871.0 184715 25 111 21 4.796 29.196 22.835 1.01
94516 138271 63248 1064 1369 98 122411.0 468966.0 354241.13 5177 5634 5522.582 2 75 1000 7.582 [] 458885.0 193103 25 200 19 5.609 32.549 23.664 1.01
94666 135292 63322 1064 1377 98 72090.0 475550.0 277886.002 5288 5712 5536.14 0 73 1000 7.582 [] 469515.0 244087 25 191 27 11.308 26.928 22.473 1.01
94964 135386 63411 1064 1383 98 94553.0 474296.0 286300.829 5249 5728 5572.854 0 74 1000 7.582 [] 475172.0 321029 25 242 33 12.194 34.192 30.109 1.01
95246 138039 63578 1064 1386 98 55898.0 481377.0 238183.052 5333 5754 5647.648 2 77 1000 7.582 [] 486268.0 122975 25 100 25 7.62 32.549 23.348 1.01
95529 135605 63785 1064 1389 98 73677.0 487846.0 230568.9 5431 5827 5662.061 0 71 1000 7.582 [] 492580.0 222974 25 176 29 14.096 32.549 26.204 1.01
95395 134897 63508 1064 1395 98 64636.0 489615.0 244202.186 5425 5878 5705.935 0 73 1000 7.582 [] 502117.0 119308 25 98 22 6.767 32.531 21.187 1.01
95022 134414 63008 1064 1400 98 74390.0 493028.0 231480.873 5467 5907 5750.67 0 71 1000 7.582 [] 508703.0 205246 25 160 22 8.837 32.549 25.153 1.01
95259 133953 62906 1064 1403 98 74898.0 494720.0 258970.437 5513 5936 5795.576 1 73 1000 7.582 [] 519517.0 168836 25 141 27 8.712 32.548 24.74 1.01
94980 133662 62507 1064 1406 98 66074.0 498861.0 248431.701 5557 5994 5839.7 0 70 1000 7.582 [] 528034.0 332280 25 242 28 10.784 32.549 27.062 1.01
95452 136428 62656 1068 1412 99 39813.0 502487.0 200764.933 5603 6028 5920.282 3 73 1000 7.636 [11,12] 69.0 927251 25 387 34 34.715 50.054 44.255 1.02
96070 134926 62515 1072 1445 99 70610.0 535942.0 260643.928 5990 6418 6274.632 1 71 1000 7.636 [] 76751.0 42 25 0 0 0 0.398 0.054 1.01
96368 135510 62668 1072 1453 99 81451.0 543523.0 302271.226 6049 6473 6322.76 0 69 1000 7.636 [] 86405.0 47 25 0 0 0 0.398 0.074 1.01
96069 135015 62429 1072 1460 99 62751.0 544441.0 257698.973 6079 6520 6368.446 0 68 1000 7.636 [] 91976.0 10 25 0 0 0 1.613 0.297 1.01
96067 132152 62434 1072 1465 99 72124.0 545984.0 236333.223 6102 6565 6382.291 0 69 1000 7.636 [] 100667.0 10 25 0 0 0 1.494 0.263 1.01
96572 135351 62494 1072 1471 99 109917.0 555974.0 272220.286 6221 6647 6507.52 1 71 1000 7.636 [] 118225.0 12 25 0 0 0 4.333 1.662 1.01
96468 132106 62305 1072 1480 99 96578.0 558543.0 316991.74 6277 6718 6521.546 0 68 1000 7.636 [] 125686.0 12 25 0 0 0 0.61 0.085 1.01
96381 134731 62175 1072 1487 99 96786.0 563964.0 320550.518 6214 6711 6592.098 2 68 1000 7.636 [] 133906.0 9 25 0 0 0 1.557 0.182 1.01
96906 134541 62384 1072 1498 99 98443.0 574083.0 282848.235 6400 6837 6689.908 1 68 1000 7.636 [] 152223.0 7 25 0 0 0 2.607 0.433 1.01
97111 131658 62550 1072 1499 99 86493.0 574053.0 249426.444 6449 6882 6705.224 0 68 1000 7.636 [] 157426.0 6 25 0 0 0 4.967 1.266 1.01
97394 134159 62502 1072 1504 99 99402.0 571054.0 277287.461 6398 6904 6777.174 2 70 1000 7.636 [] 169300.0 6 25 0 0 0 7.15 1.956 1.01
97329 130736 62149 1072 1514 99 100494.0 581841.0 290202.834 6534 6983 6791.914 0 68 1000 7.636 [] 177017.0 6 25 0 0 0 2.607 0.593 1.01
97312 130599 62004 1072 1519 99 58738.0 587343.0 253027.05 6484 6995 6825.83 1 66 1000 7.636 [] 182447.0 13 25 0 0 0 5.881 1.531 1.01
97695 133231 62094 1072 1525 99 77000.0 585805.0 292910.928 6580 7016 6909.338 2 66 1000 7.636 [] 193772.0 10 25 0 0 0 3.886 0.562 1.01
97833 130335 62052 1072 1530 99 102348.0 593100.0 311519.925 6659 7117 6924.857 0 62 1000 7.636 [] 203426.0 7 25 0 0 0 2.09 0.199 1.01
98003 133232 62168 1072 1535 99 68263.0 596735.0 267184.016 6604 7128 6995.93 2 65 1000 7.636 [] 208563.0 17 25 0 0 0 3.945 0.888 1.01
98054 132716 62061 1072 1537 99 78826.0 601196.0 301812.477 6742 7199 7045.645 1 65 1000 7.636 [] 220174.0 13 25 0 0 0 5.142 1.077 1.01
98058 131947 61813 1072 1540 99 90917.0 604953.0 301488.397 6795 7254 7093.296 0 64 1000 7.636 [] 230869.0 13 25 0 0 0 5.839 0.648 1.01
98245 129665 61986 1072 1543 99 69805.0 611366.0 278706.29 6841 7294 7107.984 0 64 1000 7.636 [] 242606.0 14 25 0 0 0 2.698 0.769 1.01
98431 129522 61974 1072 1545 99 138844.0 610405.0 387200.699 6812 7306 7143.564 0 67 1000 7.636 [] 254475.0 5 25 0 0 0 3.446 0.489 1.01
97957 131962 61341 1072 1548 99 105681.0 613599.0 339814.839 6902 7334 7232.983 2 65 1000 7.636 [] 260640.0 13 25 0 0 0 3.337 0.511 1.01
98235 131930 61395 1072 1552 99 106949.0 616708.0 301805.571 6990 7443 7283.498 1 67 1000 7.636 [] 269832.0 18 25 0 0 0 6.571 2.388 1.01
98429 129214 61483 1072 1557 99 93878.0 623667.0 313556.613 7051 7496 7298.488 0 63 1000 7.636 [] 280691.0 10 25 0 0 0 6.383 1.859 1.01
98759 132373 61514 1072 1564 99 142522.0 626857.0 380922.249 6980 7509 7367.566 1 65 1000 7.636 [] 287863.0 7 25 0 0 0 2.654 0.425 1.01
98957 129575 61461 1072 1573 99 143951.0 632880.0 417716.916 7120 7571 7382.901 0 63 1000 7.636 [] 293686.0 7 25 0 0 0 3.148 0.506 1.01
99205 132677 61356 1072 1578 99 125356.0 636531.0 344719.624 7138 7649 7477.319 0 64 1000 7.636 [] 298875.0 11 25 0 0 0 4.614 0.895 1.01
99531 132331 61302 1072 1587 99 193832.0 644682.0 410790.612 7244 7709 7529.121 0 65 1000 7.636 [] 305387.0 5 25 0 0 0 2.252 0.48 1.01
99390 132419 61089 1072 1590 99 111190.0 653415.0 312703.433 7283 7739 7583.467 1 66 1000 7.636 [] 310547.0 9 25 0 0 0 6.271 1.727 1.01
99259 129295 60907 1072 1597 99 128746.0 654448.0 419456.617 7336 7789 7598.746 0 62 1000 7.636 [] 315965.0 13 25 0 0 0 4.558 1.143 1.01
99286 131651 60832 1072 1602 99 128957.0 651294.0 375076.008 7281 7803 7667.773 1 64 1000 7.636 [] 326061.0 5 25 0 0 0 6.202 1.732 1.01
99264 128758 60632 1072 1606 99 113199.0 657521.0 333721.812 7420 7881 7682.929 0 64 1000 7.636 [] 336897.0 11 25 0 0 0 6.071 1.958 1.01
99222 131154 60342 1072 1612 99 98792.0 658956.0 402423.967 7375 7897 7760.595 2 66 1000 7.636 [] 346982.0 14 25 0 0 0 6.847 1.735 1.01
99636 128810 60644 1072 1617 99 131760.0 665649.0 438450.334 7521 7956 7777.298 0 63 1000 7.636 [] 355103.0 9 25 0 0 0 5.036 0.994 1.01
99767 128495 60585 1072 1621 99 99939.0 668518.0 261145.159 7449 7979 7808.715 1 63 1000 7.636 [] 360597.0 186828 25 150 23 4.633 17.198 14.627 1.01
99787 128579 60707 1072 1624 99 136298.0 671171.0 338621.4 7512 8009 7860.027 0 62 1000 7.636 [] 370761.0 305672 25 267 36 15.298 20.035 18.828 1.01
99591 128123 60416 1072 1633 99 87971.0 675392.0 332358.101 7623 8063 7913.253 0 63 1000 7.636 [] 381250.0 10 25 0 0 0.127 7.125 1.852 1.01
99693 130840 60480 1072 1636 99 154424.0 675832.0 393155.877 7684 8131 8006.753 2 64 1000 7.636 [] 392394.0 5 25 0 0 0 6.291 2.522 1.01
99544 130658 60328 1072 1639 99 78150.0 691141.0 333904.366 7760 8256 8061.906 0 65 1000 7.636 [] 401940.0 11 25 0 0 0 8.103 2.603 1.01
99505 127660 60139 1072 1645 99 103479.0 696269.0 374412.838 7825 8279 8077.468 0 62 1000 7.636 [] 412566.0 8 25 0 0 0.005 7.021 1.697 1.01
99218 127318 59822 1072 1649 99 103639.0 696715.0 330728.785 7748 8273 8105.777 1 63 1000 7.636 [] 420713.0 8 25 0 0 0 4.914 1.632 1.01
99444 129972 59847 1072 1653 99 119584.0 699184.0 334759.236 7852 8323 8197.601 2 64 1000 7.636 [] 429390.0 9 25 0 0 0 3.584 1.643 1.01
99288 126818 59631 1072 1659 99 107892.0 698850.0 307560.858 7960 8423 8212.097 0 63 1000 7.636 [] 437623.0 536058 25 339 36 21.723 29.97 25.878 1.01
99332 129947 59556 1072 1670 99 139231.0 706935.0 419867.324 7947 8517 8312.444 0 64 1000 7.636 [] 443776.0 12 25 0 0 0 5.575 1.299 1.01
99423 127070 59598 1072 1673 99 140988.0 716992.0 377307.344 8077 8518 8327.922 0 61 1000 7.636 [] 454854.0 11 25 0 0 0 2.36 1.037 1.01
99183 129243 59201 1072 1676 99 81095.0 713940.0 348861.123 7972 8547 8392.917 1 60 1000 7.636 [] 465801.0 13 25 0 0 0 5.026 1.785 1.01
99363 126264 59178 1072 1682 99 81701.0 719454.0 349346.233 8130 8604 8409.043 0 60 1000 7.636 [] 472014.0 131230 25 122 25 7.179 21.01 16.382 1.01
99367 126223 59102 1072 1684 99 107714.0 720918.0 254994.674 8078 8628 8439.908 0 61 1000 7.636 [] 479070.0 267756 25 197 34 12.848 24.952 20.583 1.01
99528 128718 59029 1072 1686 99 108073.0 725828.0 370437.679 8133 8653 8530.405 2 61 1000 7.636 [] 489195.0 7 25 0 0 0.095 6.176 2.334 1.01
99583 128662 59054 1072 1688 99 109231.0 731579.0 320297.259 8296 8749 8587.645 1 63 1000 7.636 [] 501043.0 163087 25 157 21 1.944 14.992 12.426 1.01
100010 128619 59210 1072 1691 99 126442.0 736419.0 384796.138 8356 8792 8647.338 0 61 1000 7.636 [] 508507.0 7 25 0 0 0.001 6.069 2.466 1.01
99892 127665 58758 1072 1693 99 146472.0 741715.0 426832.035 8408 8861 8702.188 1 60 1000 7.636 [] 516571.0 10 25 0 0 0 6.005 1.159 1.01
99956 127214 58701 1072 1700 99 169798.0 744141.0 475287.987 8463 8919 8758.828 1 61 1000 7.636 [] 527069.0 6 25 0 0 0 5.091 1.093 1.01
99616 124228 58545 1072 1704 99 148391.0 751411.0 376937.947 8505 8984 8774.345 0 60 1000 7.636 [] 534518.0 8 25 0 0 0.032 4.878 1.986 1.01
99458 126714 58377 1072 1709 99 85146.0 751628.0 407136.193 8447 8997 8843.625 1 60 1000 7.636 [] 546072.0 219796 25 164 25 5.501 21.011 17.025 1.01
99322 126395 58026 1072 1718 99 130025.0 757612.0 477895.3 8589 9071 8900.498 1 61 1000 7.636 [] 557956.0 8 25 0 0 0 4.734 1.684 1.01
99458 125963 58013 1072 1724 99 75323.0 763717.0 337457.775 8664 9115 8954.323 0 59 1000 7.636 [] 563730.0 682749 25 380 32 15.57 25.255 23.2 1.01
99575 125669 58018 1072 1726 99 99614.0 768293.0 333520.979 8717 9196 9011.21 0 61 1000 7.636 [] 572489.0 10 25 0 0 0.001 5.618 2.527 1.01
99840 122699 58072 1072 1734 99 175707.0 773411.0 445381.513 8760 9231 9028.225 0 61 1000 7.636 [] 579080.0 5 25 0 0 0 5.289 1.868 1.01
100083 125760 58255 1072 1739 99 272812.0 775658.0 571103.652 8723 9244 9097.635 0 59 1000 7.636 [] 584437.0 4 25 0 0 0 3.804 1.042 1.01
100330 125137 58237 1072 1746 99 273259.0 778430.0 556162.216 8824 9327 9152.619 1 59 1000 7.636 [] 592345.0 9 25 0 0 0 4.134 1.069 1.01
100558 125195 58304 1072 1752 99 101711.0 785470.0 360533.119 8891 9371 9209.966 1 60 1000 7.636 [] 599090.0 10 25 0 0 0.083 6.73 2.533 1.01
100831 125487 58547 1072 1758 99 135336.0 790314.0 411238.73 8947 9437 9269.079 0 61 1000 7.636 [] 610667.0 5 25 0 0 0.003 5.42 1.868 1.01
100813 122743 58596 1072 1765 99 208568.0 790960.0 550741.274 9000 9501 9285.287 0 59 1000 7.636 [] 620386.0 26 25 0 0 0 4.288 0.978 1.01
100989 125155 58476 1072 1771 99 136384.0 794779.0 413621.084 8939 9513 9357.003 1 60 1000 7.636 [] 628613.0 6 25 0 0 0 6.521 2.009 1.01
101353 124958 58488 1072 1779 99 137412.0 800998.0 413673.074 9089 9590 9415.957 1 60 1000 7.636 [] 639504.0 9 25 0 0 0.362 4.335 1.678 1.01
101973 124966 58725 1076 1782 102 41132.0 698518.0 199679.42 9157 9645 9477.45 1 61 1000 7.961 [12,11-18:5-19:3] 9189.0 728282 25 235 40 20.679 50.39 38.453 1.02
101093 123858 57266 1080 1828 102 83907.0 858361.0 340593.671 9643 10219 10059.613 1 59 1000 7.961 [] 98789.0 6 25 0 0 0 0.925 0.225 1.01
101271 123619 57186 1080 1832 102 84421.0 864413.0 328080.445 9809 10288 10123.18 1 60 1000 7.961 [] 105903.0 6 25 0 0 0 0.394 0.048 1.01
101293 121609 56304 1080 1871 102 51483.0 902572.0 317573.762 10249 10839 10632.971 0 55 1000 7.961 [] 189981.0 7 25 0 0 0.041 4.05 1.535 1.01
102051 120715 56467 1080 1884 102 137390.0 690147.0 324868.002 10546 11084 10880.232 0 54 1000 7.961 [] 227673.0 3 25 0 0 0 0.957 0.115 1.01
102092 118333 56592 1080 1892 102 120932.0 938329.0 436257.982 10600 11201 10990.957 0 55 1000 7.961 [] 252752.0 8 25 0 0 0 2.088 0.362 1.01
102109 120927 56394 1080 1893 102 121219.0 942891.0 422644.26 10596 11235 11075.984 0 54 1000 7.961 [] 260174.0 3 25 0 0 0 1.855 0.378 1.01
102251 120470 56317 1080 1894 102 140578.0 949984.0 418615.918 10796 11309 11138.439 0 54 1000 7.961 [] 268064.0 2 25 0 0 0 1.399 0.378 1.01
102399 118138 56323 1080 1897 102 141394.0 953012.0 423491.729 10770 11379 11156.473 0 54 1000 7.961 [] 277227.0 3 25 0 0 0 1.538 0.345 1.01
102858 120357 56392 1080 1900 102 188185.0 957241.0 503853.05 10770 11389 11230.363 0 55 1000 7.961 [] 287796.0 3 25 0 0 0 0.945 0.157 1.01
102992 120156 56247 1080 1910 102 252845.0 965201.0 589581.714 10880 11488 11323.515 1 54 1000 7.961 [] 306631.0 5 25 0 0 0 0.471 0.072 1.01
103193 120457 56403 1080 1914 102 220457.0 971312.0 567531.044 10985 11564 11385.562 0 53 1000 7.961 [] 315305.0 3 25 0 0 0 0.973 0.074 1.01
103385 117405 56451 1080 1916 102 144433.0 979004.0 419392.046 11039 11623 11404.144 0 52 1000 7.961 [] 323632.0 6 25 0 0 0 1.731 0.183 1.01
103214 120009 56013 1080 1922 102 125614.0 975846.0 323429.034 11037 11646 11478.413 1 54 1000 7.961 [] 335618.0 6 25 0 0 0 1.966 0.68 1.01
102997 116748 55778 1080 1924 102 223437.0 987161.0 534857.413 11149 11731 11495.676 0 54 1000 7.961 [] 346415.0 3 25 0 0 0 0.9 0.147 1.01
102986 116747 55714 1080 1929 102 223815.0 988684.0 466306.073 11095 11738 11516.915 0 54 1000 7.961 [] 357867.0 2 25 0 0 0 1.137 0.318 1.01
102861 119363 55420 1080 1931 102 258882.0 983769.0 559255.482 11091 11756 11595.073 1 55 1000 7.961 [] 367292.0 2 25 0 0 0 1.151 0.339 1.01
102983 116557 55292 1080 1936 102 260605.0 990384.0 559468.17 11257 11834 11613.477 0 56 1000 7.961 [] 377576.0 2 25 0 0 0 0.775 0.225 1.01
102933 119655 55319 1080 1942 102 127840.0 990137.0 380836.513 11213 11841 11685.434 1 55 1000 7.961 [] 389034.0 3 25 0 0 0 1.799 0.449 1.01
103091 116961 55395 1080 1946 102 303544.0 998219.0 646237.811 11369 11917 11703.753 0 56 1000 7.961 [] 397301.0 4 25 0 0 0 0.588 0.128 1.01
103412 119796 55436 1080 1949 102 263103.0 1000072.0 596048.526 11255 11948 11778.954 2 57 1000 7.961 [] 406766.0 2 25 0 0 0 0.66 0.101 1.01
103035 116605 55237 1080 1955 102 264866.0 1004559.0 529815.819 11468 12017 11796.621 0 54 1000 7.961 [] 416522.0 2 25 0 0 0 1.006 0.221 1.01
102938 116649 55139 1080 1959 102 198864.0 1010241.0 464444.645 11341 12040 11817.51 0 55 1000 7.961 [] 423197.0 2 25 0 0 0 1.17 0.244 1.01
102818 116623 55079 1080 1963 102 229973.0 1012088.0 574137.67 11510 12117 11886.218 0 57 1000 7.961 [] 431783.0 2 25 0 0 0 0.904 0.144 1.01
102820 118524 54808 1080 1968 102 413509.0 1020369.0 751449.215 11567 12211 12000.206 0 57 1000 7.961 [] 438721.0 7 25 0 0 0 0.358 0.083 1.01
103198 118651 54986 1080 1970 102 269835.0 1029792.0 570255.765 11657 12236 12068.428 1 58 1000 7.961 [] 444140.0 2 25 0 0 0 0.992 0.155 1.01
103308 118516 54921 1080 1976 102 271213.0 1035773.0 571787.19 11761 12311 12134.973 1 55 1000 7.961 [] 456138.0 1 25 0 0 0 0.548 0.119 1.01
103579 118635 54971 1080 1979 102 177183.0 901140.0 414276.971 11807 12391 12205.712 1 56 1000 7.961 [] 461890.0 2 25 0 0 0 1.296 0.239 1.01
103606 116310 54907 1080 1982 102 274516.0 1048064.0 575275.147 11842 12469 12224.467 0 51 1000 7.961 [] 473044.0 7 25 0 0 0 0.562 0.086 1.01
103449 119127 54729 1080 1986 102 178455.0 1049297.0 478725.951 11771 12455 12287.982 0 53 1000 7.961 [] 480436.0 4 25 0 0 0 1.016 0.235 1.01
103508 119490 54967 1080 1988 102 134977.0 1054691.0 413804.039 11947 12534 12352.024 0 53 1000 7.961 [] 487140.0 4 25 0 0 0 1.085 0.405 1.01
103607 119548 54853 1080 1993 102 180243.0 1055943.0 520174.697 11993 12632 12423.77 0 53 1000 7.961 [] 492947.0 2 25 0 0 0 1.057 0.148 1.01
103593 116875 54886 1080 1997 102 181345.0 919019.0 387632.439 12112 12686 12442.187 0 51 1000 7.961 [] 500183.0 3 25 0 0 0 0.839 0.238 1.01
103691 116106 54798 1080 1998 102 181577.0 1065804.0 463471.553 11967 12695 12460.967 0 51 1000 7.961 [] 511909.0 3 25 0 0 0 0.838 0.287 1.01
103639 118927 54594 1080 2000 102 181872.0 1067760.0 478618.962 12077 12721 12538.715 1 52 1000 7.961 [] 523214.0 2 25 0 0 0 0.893 0.194 1.01
103606 118750 54583 1080 2003 102 182966.0 1079067.0 438415.247 12193 12802 12604.424 1 51 1000 7.961 [] 531392.0 3 25 0 0 0 0.761 0.239 1.01
103452 115814 54367 1080 2006 102 438698.0 1080212.0 779963.144 12276 12858 12620.516 0 51 1000 7.961 [] 539518.0 2 25 0 0 0 0.307 0.059 1.01
103480 118769 54482 1080 2011 102 120285.0 1083895.0 338195.901 12275 12960 12738.764 0 51 1000 7.961 [] 546006.0 3 25 0 0 0 1.217 0.408 1.01
103468 118470 54360 1080 2014 102 247786.0 1093750.0 522515.466 12384 12995 12807.955 0 51 1000 7.961 [] 555138.0 3 25 0 0 0 0.503 0.146 1.01
103462 115653 54172 1080 2016 102 249119.0 1095584.0 549627.084 12400 13067 12827.378 0 51 1000 7.961 [] 565256.0 3 25 0 0 0 0.516 0.065 1.01
103372 115472 54198 1080 2019 102 385757.0 1097488.0 725273.989 12369 13075 12845.453 0 52 1000 7.961 [] 575927.0 1 25 0 0 0 0.231 0.021 1.01
103827 118116 54278 1080 2026 102 288866.0 1103349.0 573837.427 12509 13210 12972.004 0 52 1000 7.961 [] 584633.0 2 25 0 0 0 0.322 0.073 1.01
103587 117690 54107 1080 2030 102 218365.0 1111785.0 507650.981 12679 13222 13038.368 1 51 1000 7.961 [] 595688.0 1 25 0 0 0 0.37 0.075 1.01
103482 114974 54134 1080 2033 102 190096.0 1117552.0 443354.107 12569 13285 13053.115 0 49 1000 7.961 [] 603794.0 2 25 0 0 0 0.41 0.102 1.01
103558 115145 54089 1080 2035 102 339231.0 1119038.0 679054.263 12563 13308 13059.762 0 49 1000 7.961 [] 610801.0 1 25 0 0 0 0.26 0.043 1.01
103810 115060 54055 1080 2037 102 165035.0 1119360.0 434964.947 12629 13320 13075.788 0 50 1000 7.961 [] 620926.0 2 25 0 0 0 0.236 0.077 1.01
103697 117775 54049 1080 2041 102 165302.0 1121073.0 430315.479 12597 13331 13151.203 1 50 1000 7.961 [] 629067.0 2 25 0 0 0.004 0.256 0.072 1.01
104088 114922 54127 1080 2046 102 538707.0 1127331.0 912225.454 12805 13394 13169.757 0 50 1000 7.961 [] 636561.0 2 25 0 0 0 0.149 0.052 1.01
103942 117329 54119 1080 2054 102 221714.0 1129222.0 536146.257 12822 13526 13293.559 0 49 1000 7.961 [] 645079.0 2 25 0 0 0 0.087 0.027 1.01
103829 116626 53887 1080 2058 102 223711.0 1139617.0 511406.379 12950 13604 13364.287 0 48 1000 7.961 [] 650573.0 1 25 0 0 0 0.047 0.017 1.01
