23 0 0 1 0 7095 56235 13671.672 541 541 541.000 19 19 2 0.0
25 0 0 1 1 7101 47886 13704.144 544 544 544.000 20 20 2 22.0
29 0 0 2 2 7109 48142 13734.400 548 548 23424.000 22 22 2 22.0
32 0 0 3 3 7117 48397 13764.574 552 552 15716.000 24 24 2 22.666666666666668
36 0 0 5 3 7298 53511 14666.720 552 556 19089.200 0 26 2 22.666666666666668
39 0 0 8 4 7298 53539 14620.583 552 558 18689.000 0 26 2 21.0
42 0 0 10 5 7302 53661 14612.190 552 561 9661.000 0 27 2 21.4
43 0 0 12 6 7295 53403 14549.260 546 563 8067.500 0 27 2 21.333333333333332
46 0 0 12 7 7291 53274 14530.740 546 566 230.250 0 28 2 21.428571428571427
48 0 0 13 8 7288 53145 14499.447 546 569 3803.769 0 29 2 21.0
52 0 0 16 9 7289 53188 14466.841 546 571 8906.125 0 31 2 20.444444444444443
52 0 0 17 10 7296 53442 14487.199 548 571 3324.412 0 32 3 20.7
50 0 0 19 11 7508 53511 15548.597 548 573 5163.105 0 29 2 20.90909090909091
49 0 0 21 12 7508 53511 15520.640 546 574 4992.000 0 29 2 20.666666666666668
51 0 0 22 13 7508 53511 15505.309 547 572 2633.364 0 29 2 20.615384615384617
57 0 0 23 14 7491 52994 15408.711 543 574 2230.609 0 28 3 20.857142857142858
61 0 0 23 15 7295 46806 14403.572 546 573 216.087 0 27 3 20.933333333333334
66 0 0 24 15 7297 46856 14400.903 546 575 1920.750 0 28 3 20.933333333333334
70 0 0 25 16 7296 46831 14386.014 546 576 1845.600 0 28 3 20.875
75 0 0 25 17 7296 46831 14386.014 540 576 198.520 0 28 3 20.88235294117647
76 0 0 25 18 7485 52793 15342.306 540 577 220.920 0 28 3 21.0
80 0 0 26 19 7491 52973 15358.861 540 579 2013.769 0 28 3 21.05263157894737
85 0 0 27 19 7491 52973 15343.651 540 578 2187.444 0 27 3 21.05263157894737
87 0 0 27 20 7478 52585 15281.147 534 579 224.963 0 28 3 21.05
95 0 0 28 21 7474 52456 15245.259 534 581 2095.036 0 28 4 20.857142857142858
100 0 0 30 22 7474 52456 15220.369 534 580 3268.467 0 28 4 20.863636363636363
96 0 0 32 23 7474 52456 15192.816 534 582 3266.594 0 27 4 21.0
98 0 0 33 24 7462 52069 15118.733 528 583 1577.758 0 26 4 21.125
99 0 0 33 24 7463 52112 15125.527 532 580 184.242 0 25 4 21.125
105 0 0 33 25 7471 52349 15160.394 532 584 217.303 0 25 4 21.0
107 0 0 33 26 7473 52406 15166.506 534 583 217.303 0 25 4 20.923076923076923
108 0 0 33 26 7472 52379 15141.871 533 585 233.152 0 24 4 20.923076923076923
108 0 0 33 27 7467 52220 15116.371 533 583 232.909 0 23 4 20.925925925925927
109 0 0 35 28 7464 52146 15079.779 528 581 2835.600 0 23 4 21.0
115 0 0 35 28 7463 52097 15071.972 530 584 219.286 0 22 4 21.0
116 0 0 36 29 7460 52010 15045.957 527 583 1481.889 0 21 4 21.0
112 0 0 38 30 7458 45538 15006.903 528 581 2770.395 0 19 4 21.1
112 0 0 38 31 7461 45612 15020.479 532 582 201.553 0 20 4 21.193548387096776
118 0 0 38 32 7454 45448 14990.314 527 581 215.132 0 19 4 21.0
125 0 0 38 33 7456 45485 14997.189 529 581 215.316 0 18 4 21.03030303030303
133 0 0 38 34 7457 45510 15001.786 526 582 229.395 0 17 5 21.0
144 0 0 39 34 7453 45411 14971.093 527 582 1390.128 0 18 5 21.0
148 0 0 39 35 7454 45427 14974.186 525 582 223.179 0 18 5 21.085714285714285
148 0 0 39 36 7704 52220 16218.289 529 582 236.923 0 18 5 21.166666666666668
152 0 0 39 37 7698 52047 16183.820 525 576 250.051 0 18 5 21.10810810810811
157 0 0 39 38 7698 52047 16183.820 525 578 249.923 0 19 5 21.05263157894737
161 0 0 40 39 7688 51789 16122.002 525 580 1544.725 0 19 6 21.076923076923077
169 0 0 43 40 7679 51531 16034.083 527 580 3691.442 0 20 6 21.1
176 0 0 43 41 7679 51531 16034.083 524 580 226.465 0 20 6 21.048780487804876
179 0 0 44 42 7958 52537 17375.807 527 580 1260.591 0 20 6 20.952380952380953
181 0 0 46 43 7958 52537 17353.018 523 582 2194.522 0 20 6 20.953488372093023
190 0 0 46 43 7958 52537 17353.018 521 581 223.174 0 19 6 20.953488372093023
198 0 0 46 44 7936 52092 17244.518 521 581 222.761 0 19 7 20.818181818181817
203 0 0 46 45 7456 45493 14909.061 521 580 235.043 0 19 7 20.77777777777778
211 0 0 47 46 7456 45485 14899.395 519 581 979.894 0 19 7 20.76086956521739
204 0 0 48 47 7453 45418 14877.099 515 580 1057.750 0 17 7 20.70212765957447
212 0 0 48 48 7450 45330 14861.026 515 579 224.146 0 17 7 20.729166666666668
209 0 0 49 49 7452 45374 14858.829 515 579 1033.082 0 16 7 20.73469387755102
215 0 0 49 49 7449 45292 14844.132 513 581 219.592 0 17 7 20.73469387755102
226 0 0 50 50 7453 45396 14850.439 509 579 1121.220 0 15 7 20.7
224 0 0 51 51 7449 45307 14824.183 509 581 993.431 0 15 7 20.764705882352942
233 0 0 52 52 7453 45418 14831.681 509 581 1078.308 0 15 8 20.826923076923077
239 0 0 53 53 7455 45455 14825.727 507 580 1060.170 0 16 8 20.830188679245282
244 0 0 53 54 7457 45507 14835.047 503 581 203.377 0 15 8 20.75925925925926
252 0 0 53 54 7456 45485 14831.143 507 583 203.264 0 16 8 20.75925925925926
257 0 0 53 55 7646 50642 15754.659 507 582 213.679 0 15 8 20.78181818181818
248 0 0 53 56 8172 56837 18203.266 507 584 223.453 0 15 8 20.732142857142858
249 0 0 53 57 8172 56837 18200.324 507 585 223.698 0 15 8 20.789473684210527
253 0 0 53 58 8172 56837 18200.324 501 584 223.528 0 15 8 20.70689655172414
264 0 0 54 59 8146 56321 18063.955 501 586 1138.796 0 15 8 20.74576271186441
264 0 0 54 60 7656 50907 15784.517 501 585 229.630 0 15 8 20.7
273 0 0 55 61 7659 50993 15792.146 501 587 855.473 0 15 9 20.721311475409838
289 0 0 55 61 7654 50864 15769.151 495 587 225.800 0 16 9 20.721311475409838
289 0 0 56 62 7649 50735 15736.574 495 589 922.482 0 16 9 20.725806451612904
296 0 0 57 63 7653 50821 15744.030 495 588 823.825 0 17 9 20.682539682539684
299 0 0 57 64 7653 50821 15744.030 495 590 218.421 0 16 9 20.703125
308 0 0 57 64 7649 50735 15728.884 490 591 218.474 0 16 10 20.703125
315 0 0 57 65 7646 50649 15713.312 490 591 218.684 0 16 10 20.676923076923078
321 0 0 57 65 8439 55374 19235.414 490 593 227.632 0 17 10 20.676923076923078
330 0 0 58 66 8439 55374 19223.564 490 593 1054.500 0 17 10 20.59090909090909
333 0 0 58 66 8439 55374 19223.564 490 595 224.155 0 16 10 20.59090909090909
349 0 0 59 67 7659 50980 15738.053 485 594 1046.034 0 17 11 20.582089552238806
351 0 0 61 67 7662 51066 15735.269 485 595 1458.197 0 17 11 20.582089552238806
352 0 0 63 68 7661 51058 15715.798 485 595 1422.349 0 16 11 20.61764705882353
363 0 0 64 69 7660 51015 15696.165 485 597 919.984 0 16 11 20.565217391304348
363 0 0 64 70 7662 51072 15706.488 480 597 220.328 0 16 11 20.5
373 0 0 65 71 7668 51248 15719.506 480 599 914.631 0 16 11 20.535211267605632
381 0 0 67 72 7672 51334 15710.637 480 599 1560.716 0 16 12 20.569444444444443
382 0 0 67 72 7669 51260 15697.751 480 601 219.179 0 17 12 20.569444444444443
395 0 0 68 73 7670 51297 15689.674 475 601 970.015 0 17 12 20.561643835616437
410 0 0 68 74 7507 46866 14912.176 475 604 224.574 0 18 12 20.60810810810811
418 0 0 68 75 8747 54083 20254.289 475 604 231.838 0 18 13 20.613333333333333
426 0 0 69 76 7359 42864 14192.393 475 603 916.536 0 17 13 20.644736842105264
435 0 0 70 77 7685 51692 15730.151 470 602 663.143 0 17 13 20.649350649350648
443 0 0 71 78 7687 51757 15729.268 470 605 876.803 0 17 14 20.628205128205128
456 0 0 71 79 7905 50455 16740.359 470 605 246.183 0 17 14 20.620253164556964
468 0 0 75 79 7908 50541 16710.332 470 608 2656.840 0 18 14 20.620253164556964
475 0 0 75 80 7910 50584 16719.071 465 606 233.507 0 18 15 20.5625
476 0 0 76 80 7899 50326 16661.380 465 608 631.474 0 17 15 20.5625
482 0 0 77 81 7901 50369 16658.797 465 610 801.416 0 18 15 20.54320987654321
485 0 0 78 82 7905 50455 16662.037 465 610 871.077 0 18 15 20.48780487804878
497 0 0 79 83 7905 50455 16654.733 460 609 657.418 0 18 15 20.53012048192771
509 0 0 79 83 7897 50283 16620.249 460 611 223.127 0 19 15 20.53012048192771
530 0 0 80 84 7925 50928 16726.662 460 611 855.900 0 19 16 20.511904761904763
549 0 0 80 85 7922 50871 16715.281 460 613 227.600 0 20 16 20.55294117647059
560 0 0 81 85 7925 50928 16712.523 460 615 853.284 0 20 17 20.55294117647059
566 0 0 83 86 7714 52497 15709.106 455 614 1133.867 0 19 17 20.53488372093023
588 0 0 84 87 7916 50713 16629.361 455 615 777.952 0 19 17 20.57471264367816
610 0 0 84 88 7934 51135 16704.395 455 618 243.607 0 20 18 20.556818181818183
610 0 0 85 89 7935 51169 16696.717 455 617 842.541 0 20 18 20.59550561797753
625 0 0 85 90 7935 51169 16696.717 450 620 241.259 0 20 19 20.58888888888889
627 0 0 87 91 7931 51066 16650.380 450 620 1339.977 0 20 19 20.626373626373628
630 0 0 89 92 7932 51101 16628.758 450 622 1378.629 0 20 19 20.66304347826087
633 0 0 90 93 7934 51152 16627.270 450 622 726.756 0 19 19 20.623655913978496
648 0 0 91 94 7934 51135 16612.177 445 625 719.484 0 20 19 20.606382978723403
670 0 0 92 95 7935 51169 16606.957 449 625 711.663 0 20 20 20.621052631578948
702 0 0 92 95 7568 48534 14924.605 449 625 237.022 0 20 20 20.621052631578948
720 0 0 94 96 7753 53550 15748.101 451 624 1096.245 0 20 21 20.645833333333332
740 0 0 96 97 7756 53625 15731.295 452 626 1163.375 0 20 22 20.670103092783506
754 0 0 97 98 7760 53733 15738.938 452 625 668.454 0 21 22 20.622448979591837
792 0 0 97 99 7761 53747 15741.268 452 628 243.186 0 21 24 20.646464646464647
808 0 0 98 100 7962 51801 16631.055 454 628 732.704 0 20 24 20.67
818 0 0 100 100 7966 51900 16626.035 454 630 1155.990 0 20 24 20.67
846 0 0 101 101 7768 53948 15711.570 456 630 707.198 0 21 25 20.702970297029704
879 0 0 102 102 8397 48870 18439.623 458 633 722.559 0 21 26 20.686274509803923
912 0 0 105 103 7982 52267 16619.673 458 635 1613.019 0 21 27 20.679611650485437
936 0 0 107 104 7985 52325 16610.593 459 635 1013.196 0 21 27 20.71153846153846
955 0 0 107 105 7780 47538 15689.614 461 638 258.766 0 22 28 20.676190476190477
990 0 0 108 106 7998 52633 16659.940 463 638 602.843 0 22 28 20.68867924528302
1023 0 0 110 107 8452 49697 18591.679 464 639 1101.473 0 23 30 20.69158878504673
1054 0 0 112 108 8456 49747 18577.999 464 642 1070.000 0 23 31 20.65740740740741
1085 0 0 114 108 8459 49796 18567.531 466 642 1104.395 0 23 31 20.65740740740741
1109 0 0 115 109 8459 49796 18554.973 468 644 674.530 0 23 32 20.65137614678899
1118 0 0 116 110 8258 51359 17693.537 470 641 673.914 0 24 33 20.672727272727272
1136 0 0 117 111 8251 51230 17647.727 469 644 643.162 0 24 33 20.693693693693692
1148 0 0 117 112 8019 53135 16625.864 471 647 263.530 0 23 33 20.723214285714285
1176 0 0 117 112 8272 51651 17737.616 473 650 268.803 0 24 35 20.723214285714285
1206 0 0 121 113 8277 51738 17704.771 473 650 1863.008 0 24 35 20.672566371681416
1236 0 0 121 113 8035 53503 16649.794 476 650 265.835 0 24 36 20.672566371681416
1274 0 0 121 114 8040 53611 16670.192 478 653 266.471 0 24 37 20.68421052631579
1318 0 0 121 115 8046 53747 16695.829 480 656 267.207 0 25 38 20.63478260869565
1331 0 0 122 115 8046 53747 16685.452 481 656 604.615 0 25 38 20.63478260869565
1368 0 0 122 116 8054 53934 16720.601 481 658 266.123 0 26 39 20.637931034482758
1418 0 0 122 117 8062 54120 16755.733 483 657 276.295 0 26 41 20.65811965811966
1483 0 0 122 118 8308 52363 17823.965 485 660 286.443 0 26 43 20.652542372881356
1528 0 0 123 119 8311 52420 17822.083 487 663 710.407 0 27 44 20.66386554621849
1570 0 0 123 120 8582 51629 18959.544 489 665 289.984 0 26 45 20.683333333333334
1594 0 0 124 121 8588 51722 18973.378 489 665 696.782 0 25 47 20.68595041322314
1649 0 0 124 121 8595 51815 19000.731 491 668 288.992 0 26 47 20.68595041322314
1688 0 0 124 122 9299 55460 21600.676 491 668 293.758 0 26 48 20.672131147540984
1723 0 0 127 123 9299 55460 21566.972 491 671 1428.024 0 26 49 20.658536585365855
1742 0 0 128 124 9299 55460 21555.719 491 672 663.484 0 27 50 20.677419354838708
1774 0 0 132 124 9266 55030 21372.266 486 675 1696.121 0 27 52 20.677419354838708
1832 0 0 132 125 8892 56235 20049.391 486 677 287.455 0 27 53 20.68
1862 0 0 134 126 8383 53879 18008.810 486 679 937.291 0 28 53 20.666666666666668
1912 0 0 134 126 8139 55938 16960.747 486 681 298.649 0 29 55 20.666666666666668
1924 0 0 134 127 8975 57469 20377.774 481 680 303.246 0 30 55 20.669291338582678
1970 0 0 136 128 8984 57612 20397.923 485 686 909.574 0 31 57 20.640625
1995 0 0 137 129 7939 51259 16060.672 485 686 670.942 0 29 57 20.65891472868217
2033 0 0 138 130 8676 53026 19188.638 487 689 529.297 0 28 58 20.661538461538463
2092 0 0 140 130 8431 54845 18141.962 489 687 1057.400 0 29 60 20.661538461538463
2154 0 0 142 131 8437 54952 18139.561 491 691 984.070 0 28 62 20.68702290076336
2189 0 0 142 132 8450 55221 18197.182 495 694 308.873 0 28 63 20.643939393939394
2235 0 0 143 133 9022 58171 20470.689 497 696 607.930 0 29 63 20.646616541353385
2303 0 0 145 133 9041 58451 20526.980 501 702 968.262 0 30 66 20.646616541353385
2367 0 0 146 134 9456 57469 21981.438 501 701 665.274 0 31 69 20.64179104477612
2421 0 0 149 135 9465 57583 21987.660 505 704 1238.584 0 32 70 20.651851851851852
2465 0 0 150 136 9467 57612 21984.731 506 706 644.607 0 32 70 20.669117647058822
2511 0 0 153 137 8509 56411 18322.570 509 709 1259.137 0 31 72 20.67883211678832
2568 0 0 153 137 8528 56781 18394.708 510 712 316.353 0 33 73 20.67883211678832
2612 0 0 154 138 8538 56977 18419.585 514 714 684.208 0 32 75 20.652173913043477
2671 0 0 155 139 8555 57334 18475.270 516 717 640.877 0 33 76 20.640287769784173
2725 0 0 157 139 8557 57369 18455.911 514 719 955.210 0 34 78 20.640287769784173
2803 0 0 157 140 8571 57649 18514.589 523 725 317.764 0 36 80 20.614285714285714
2867 0 0 159 140 8581 57847 18528.972 525 726 953.176 0 37 81 20.614285714285714
2932 0 0 159 141 8898 56327 19830.481 529 728 324.113 0 37 86 20.617021276595743
2979 0 0 161 142 8914 56562 19865.528 531 731 1018.404 0 38 85 20.6056338028169
3075 0 0 161 143 8093 54846 16455.918 533 735 326.665 0 39 88 20.62937062937063
3164 0 0 162 144 8103 55077 16486.525 537 737 586.623 0 40 92 20.63888888888889
3268 0 0 164 145 7684 45308 14714.292 540 739 786.750 0 41 93 20.641379310344828
3335 0 0 164 145 8375 61439 17605.185 542 745 340.817 0 42 93 20.641379310344828
3395 0 0 166 146 8391 61797 17648.674 547 748 845.614 0 44 98 20.65068493150685
3474 0 0 166 146 8682 59880 18856.361 550 750 347.994 0 41 99 20.65068493150685
3543 0 0 167 147 8696 60161 18900.406 552 754 661.216 0 43 102 20.65986394557823
3624 0 0 168 147 8708 60396 18931.660 556 756 671.095 0 41 102 20.65986394557823
3719 0 0 170 148 8726 60760 18981.752 559 759 925.465 0 43 108 20.68243243243243
3775 0 0 171 148 8450 63191 17840.160 562 763 573.772 0 44 107 20.68243243243243
3878 0 0 173 149 8466 63554 17871.964 566 769 1005.902 0 45 110 20.664429530201343
3993 0 0 174 150 8478 63844 17903.552 570 772 726.080 0 46 113 20.68
4087 0 0 175 150 9134 60181 20545.266 572 773 689.994 0 46 116 20.68
4183 0 0 176 151 8502 64403 17950.773 577 779 674.727 0 48 120 20.662251655629138
4268 0 0 181 152 8518 56586 17946.468 582 784 1750.094 0 47 121 20.651315789473685
4417 0 0 182 152 9184 61056 20641.487 585 787 684.951 0 49 125 20.651315789473685
4526 0 0 183 153 9200 61324 20687.439 590 793 708.104 0 48 129 20.66013071895425
4620 0 0 185 154 10606 63981 25667.543 590 796 954.789 0 49 131 20.66883116883117
4738 0 0 190 154 8581 57853 18096.882 590 799 1791.605 0 51 135 20.66883116883117
4855 0 0 190 155 9640 67367 22318.577 590 805 377.384 0 52 138 20.64516129032258
4964 0 0 193 155 9298 63017 20949.693 584 808 1174.363 0 53 144 20.64516129032258
5046 0 0 193 156 9314 63299 21015.507 588 814 386.933 0 51 143 20.621794871794872
5146 0 0 195 157 9712 68445 22529.987 592 818 955.256 0 53 147 20.630573248407643
5224 0 0 196 157 8657 59386 18331.786 596 819 704.464 0 49 148 20.630573248407643
5356 0 0 199 158 8674 59719 18372.230 600 826 968.256 0 49 152 20.632911392405063
5506 0 0 200 159 9018 66623 19736.713 605 830 628.350 0 50 156 20.654088050314467
5676 0 0 201 160 9408 64933 21254.749 611 836 659.881 0 50 157 20.675
5792 0 0 203 161 9435 65394 21333.549 614 837 901.148 0 52 169 20.68944099378882
5963 0 0 205 161 10919 67424 26565.995 620 845 970.990 0 52 169 20.68944099378882
6118 0 0 205 162 10968 67969 26753.261 626 849 423.932 0 53 177 20.69753086419753
6246 0 0 210 162 8777 61783 18627.735 629 854 1829.824 0 51 177 20.69753086419753
6353 0 0 210 163 9971 72296 23299.821 633 859 429.967 0 52 180 20.680981595092025
6500 0 0 211 163 9993 72620 23373.786 636 865 640.118 0 53 185 20.680981595092025
6604 0 0 214 164 10013 72918 23407.860 642 869 1246.164 0 52 187 20.682926829268293
6786 0 0 215 165 11098 69404 27102.569 648 876 752.749 0 54 189 20.69090909090909
6909 0 0 218 166 9638 68908 21918.207 654 880 1304.142 0 55 196 20.704819277108435
7083 0 0 219 167 10110 74356 23704.913 659 882 691.868 0 57 201 20.706586826347305
7237 0 0 220 168 10151 74980 23849.551 660 892 762.145 0 57 205 20.714285714285715
7446 0 0 220 168 10170 75257 23922.406 669 893 459.200 0 55 206 20.714285714285715
7669 0 0 221 169 9738 70625 22256.821 674 901 771.905 0 56 217 20.71005917159763
7788 0 0 221 169 10750 74037 26000.088 681 906 474.122 0 57 226 20.71005917159763
7956 0 0 221 170 10803 74716 26195.941 689 918 492.452 0 58 231 20.71764705882353
8110 0 0 229 170 9838 72352 22506.850 693 920 2839.873 0 60 232 20.71764705882353
8274 0 0 230 171 9873 72966 22632.941 702 929 671.583 0 57 240 20.730994152046783
8497 0 0 231 172 9903 73479 22739.009 707 937 674.134 0 59 237 20.726744186046513
8698 0 0 231 173 9934 74010 22858.357 710 941 495.498 0 61 247 20.728323699421967
8897 0 0 231 173 9521 76731 21266.782 722 944 510.139 0 60 257 20.728323699421967
9105 0 0 233 174 11091 78412 27097.176 720 956 906.588 0 63 262 20.7183908045977
9234 0 0 236 174 11121 78785 27157.570 720 963 1354.903 0 61 261 20.7183908045977
9480 0 0 238 175 11171 79431 27314.381 720 968 1084.878 0 64 269 20.725714285714286
9751 0 0 240 176 8538 56988 17377.503 729 978 1022.571 2 67 271 20.732954545454547
9981 0 0 241 177 8892 64100 18727.560 737 988 729.054 0 68 284 20.740112994350284
10181 0 0 244 177 11340 81597 27847.072 746 993 1024.549 0 68 290 20.740112994350284
10392 0 0 245 178 9752 81365 21977.936 749 1000 798.971 0 66 294 20.758426966292134
10617 0 0 249 179 9784 82022 22043.853 758 1006 1361.880 0 68 296 20.76536312849162
10847 0 0 251 179 10319 80668 24040.827 767 1015 928.390 0 68 313 20.76536312849162
11085 0 0 254 180 9863 83604 22271.261 775 1030 1289.394 0 69 321 20.783333333333335
11314 0 0 256 180 9057 67406 19184.031 787 1037 990.473 0 69 320 20.783333333333335
11561 0 0 258 181 9482 75946 20760.607 796 1039 972.349 0 71 335 20.80110497237569
11840 0 0 261 182 11756 79719 29070.187 810 1057 1270.057 0 74 336 20.791208791208792
12180 0 0 264 183 10555 84757 24687.435 815 1065 1470.311 0 72 344 20.792349726775956
12461 0 0 267 183 11183 83133 26929.139 822 1073 1406.652 0 74 361 20.792349726775956
12737 0 0 273 184 11940 82075 29493.018 834 1082 2131.586 0 74 360 20.804347826086957
13104 0 0 276 185 12011 82987 29694.840 842 1093 1367.438 0 77 364 20.816216216216215
13488 0 0 278 185 12049 83482 29794.650 850 1101 1145.489 0 76 374 20.816216216216215
13825 0 0 278 186 9734 70555 21376.547 861 1115 638.917 1 73 391 20.827956989247312
14215 0 0 279 187 13968 88798 35922.206 873 1125 825.957 0 76 402 20.844919786096256
14634 0 0 283 187 13096 84228 33233.838 882 1136 1736.544 0 75 413 20.844919786096256
14990 0 0 285 188 10364 81460 23584.509 892 1146 1215.867 1 76 425 20.851063829787233
15307 0 0 287 188 14228 91266 36675.939 903 1154 1010.568 0 78 441 20.851063829787233
15668 0 0 292 189 12472 88899 31046.859 910 1161 2078.240 0 77 443 20.867724867724867
16037 0 0 295 189 12546 89845 31252.878 924 1172 1429.424 0 77 453 20.867724867724867
16423 0 0 296 190 13502 88698 34386.985 934 1187 955.720 0 78 456 20.88421052631579
16827 0 0 297 191 13618 89976 34777.275 948 1203 1001.118 0 78 475 20.900523560209425
17211 0 0 299 191 10647 86352 24386.965 958 1209 1318.669 0 79 486 20.900523560209425
17645 0 0 305 192 11346 98423 26824.934 973 1229 1786.925 0 81 490 20.895833333333332
18080 0 0 309 192 13902 93110 35519.734 984 1237 1657.544 0 81 511 20.895833333333332
18506 0 0 313 193 12195 98194 29690.630 994 1243 1800.498 0 81 523 20.901554404145077
18888 0 0 319 193 10273 79877 22735.591 1007 1257 2149.749 0 83 546 20.901554404145077
19406 0 0 323 194 14176 96128 36124.837 1013 1273 1469.678 0 83 549 20.917525773195877
19711 0 0 326 195 16745 100949 43593.351 1018 1283 1525.261 0 86 564 20.923076923076923
20125 0 0 328 195 13424 101087 33567.145 1031 1309 1323.454 2 87 581 20.923076923076923
20563 0 0 332 196 12617 104461 30698.714 1043 1317 1869.054 0 88 585 20.933673469387756
20998 0 0 334 196 15807 99052 40999.743 1053 1333 1269.976 0 88 593 20.933673469387756
21550 0 0 336 196 17293 105424 45177.773 1069 1345 1375.610 0 89 608 20.933673469387756
22032 0 0 342 196 14881 103898 38027.080 1089 1357 2516.231 0 92 636 20.933673469387756
22511 0 0 346 197 13953 107864 34933.894 1106 1383 1896.769 0 89 650 20.944162436548222
23058 0 0 348 198 16447 105119 42783.474 1125 1399 1206.695 0 92 640 20.954545454545453
23504 0 0 351 199 14185 110826 35632.088 1140 1415 1664.644 0 91 663 20.969849246231156
24110 0 0 355 199 15458 110260 39667.910 1160 1429 2020.490 1 94 669 20.969849246231156
24673 0 0 357 200 13365 115597 32706.720 1173 1452 1302.401 0 93 696 20.975
25187 0 0 360 200 14542 115409 36608.004 1194 1470 1612.689 1 96 728 20.975
25674 0 0 363 200 14673 117084 36925.176 1215 1494 1812.388 0 98 742 20.975
26280 0 0 367 201 19053 112598 50129.539 1237 1511 1846.684 0 100 746 20.99004975124378
26799 0 0 371 201 13808 122192 33836.392 1249 1532 2095.296 0 99 775 20.99004975124378
27419 0 0 376 202 12940 109273 30781.359 1269 1549 2155.965 1 98 762 21.004950495049506
27980 0 0 380 202 13088 111480 31187.546 1295 1572 1728.539 0 101 790 21.004950495049506
28701 0 0 385 203 21956 125350 57666.396 1303 1594 1812.857 0 101 795 21.019704433497537
29346 0 0 394 203 12393 101128 28602.823 1321 1617 3667.789 3 103 833 21.019704433497537
29986 0 0 396 204 13399 116097 31882.359 1339 1643 1324.770 0 103 865 21.024509803921568
30726 0 0 402 204 15811 131660 39654.626 1357 1663 2191.886 2 102 867 21.024509803921568
31541 0 0 406 204 14768 136471 36153.342 1393 1691 1906.007 1 104 875 21.024509803921568
32257 0 0 407 205 19317 132351 50487.970 1417 1717 1219.853 0 107 916 21.039024390243902
33020 0 0 415 206 16381 138955 41164.100 1445 1745 3349.928 0 109 916 21.053398058252426
33750 0 0 420 206 15233 143385 37320.794 1468 1769 2287.886 1 109 952 21.053398058252426
34491 0 0 424 206 16698 143014 41927.568 1492 1791 1941.441 0 111 995 21.053398058252426
35259 0 0 427 207 15576 148498 38287.574 1534 1832 1647.389 3 113 1000 21.06280193236715
35971 0 0 434 207 17098 148135 42957.412 1534 1849 2617.871 0 111 1000 21.06280193236715
36737 0 0 440 208 15869 152861 38877.131 1555 1883 2628.243 3 111 1000 21.072115384615383
37575 0 0 442 208 19160 151075 49173.682 1582 1907 1724.276 0 113 1000 21.072115384615383
38267 0 0 444 208 21426 152359 55959.800 1627 1948 1773.847 5 114 1000 21.072115384615383
39059 0 0 449 209 13960 124447 32630.424 1660 1979 2316.942 1 119 1000 21.086124401913874
39685 0 0 452 209 19980 160111 51509.358 1690 2019 1678.473 0 113 1000 21.086124401913874
40371 0 0 457 209 30452 161127 79124.267 1715 2037 2765.604 0 116 1000 21.086124401913874
41255 0 0 462 209 14375 130627 33649.962 1750 2072 2925.877 3 117 1000 21.086124401913874
42105 0 0 467 210 20661 167611 53062.751 1779 2106 2114.675 2 117 1000 21.095238095238095
42659 0 0 472 210 25736 167170 67657.197 1821 2141 2390.199 5 118 1000 21.095238095238095
43195 6 2 474 210 28925 174334 75972.266 1843 2159 1946.599 0 118 1000 21.095238095238095
43818 18 6 479 210 19515 179094 49254.541 1881 2210 2969.409 3 118 1000 21.095238095238095
44533 27 10 482 211 21670 178735 55693.601 1905 2228 2356.284 0 119 1000 21.10900473933649
45249 39 15 488 211 24279 179432 63179.006 1934 2266 3134.035 2 119 1000 21.10900473933649
45998 63 25 492 212 30673 186625 80433.353 1968 2312 2397.350 3 120 1000 21.117924528301888
46596 81 33 497 212 16921 168504 40752.730 2004 2349 3171.789 1 116 1000 21.117924528301888
47191 90 38 505 212 28028 185892 73285.662 2024 2360 2806.828 1 116 1000 21.117924528301888
47644 120 51 510 212 35668 192682 92071.760 2074 2409 3026.306 2 117 1000 21.117924528301888
48406 138 57 514 212 36220 196023 93468.539 2104 2444 2969.586 2 121 1000 21.117924528301888
48967 159 68 519 213 23512 199041 60039.347 2131 2471 3360.846 1 123 1000 21.12676056338028
49490 219 89 523 213 29618 198872 77246.961 2181 2513 2738.120 2 123 1000 21.12676056338028
50032 255 107 528 213 24154 206121 61610.511 2200 2546 3090.693 1 123 1000 21.12676056338028
50523 303 130 530 213 19942 213458 49022.268 2232 2588 2172.560 1 122 1000 21.12676056338028
51031 360 156 533 214 30738 208019 80095.891 2273 2619 2357.377 2 120 1000 21.14018691588785
51460 414 181 540 214 44159 211894 111158.154 2282 2652 4056.124 0 122 1000 21.14018691588785
51755 534 228 548 214 22789 221022 56900.635 2326 2698 4647.549 3 119 1000 21.14018691588785
52225 606 253 552 215 45281 217738 113648.841 2356 2718 2525.288 0 117 1000 21.153488372093022
52588 696 285 555 215 23185 226094 57875.250 2389 2754 2949.277 2 117 1000 21.153488372093022
52899 816 338 559 216 29109 225254 74837.505 2435 2800 2651.388 2 119 1000 21.15277777777778
53329 944 398 563 216 26506 232046 67227.149 2483 2846 3211.355 3 115 1000 21.15277777777778
53925 1077 469 572 216 29989 233607 76795.658 2531 2887 4037.503 0 117 1000 21.15277777777778
54350 1104 494 576 217 33827 233247 87094.532 2549 2920 2983.262 0 113 1000 21.161290322580644
55083 1227 565 577 217 27331 241138 69053.084 2597 2958 2365.151 2 116 1000 21.161290322580644
55525 1321 615 580 217 30927 242504 79120.832 2632 2991 2712.355 2 112 1000 21.161290322580644
55858 1436 676 584 217 44642 246973 113607.941 2671 3038 3266.526 1 112 1000 21.161290322580644
56444 1632 792 588 217 40307 254336 103525.616 2736 3097 3602.296 3 114 1000 21.161290322580644
56914 1688 859 592 217 32077 253414 81683.876 2759 3122 3668.385 0 113 1000 21.161290322580644
57314 1884 989 595 218 41358 261722 106054.054 2822 3181 2871.701 1 113 1000 21.1697247706422
57806 1920 1053 600 218 32842 260670 83491.327 2838 3203 3995.490 1 112 1000 21.1697247706422
58286 2180 1212 602 218 33413 266095 84985.399 2908 3274 2879.650 4 113 1000 21.1697247706422
58702 2254 1306 605 218 48351 269411 122498.467 2922 3302 2928.967 1 113 1000 21.1697247706422
59215 2535 1480 609 218 43454 276456 111012.356 2978 3366 3921.867 3 114 1000 21.1697247706422
59786 2700 1586 616 219 44015 280400 112064.662 3021 3402 5070.294 2 115 1000 21.182648401826484
60205 2842 1688 618 219 57390 280788 142143.479 3066 3449 3266.414 0 114 1000 21.182648401826484
60899 3081 1869 627 219 58360 285841 144134.947 3126 3501 6033.488 1 118 1000 21.182648401826484
61205 3138 1996 630 219 28314 291778 69632.351 3141 3515 3471.495 0 113 1000 21.182648401826484
61618 3322 2142 635 219 25598 256996 61885.016 3196 3559 3551.598 1 113 1000 21.182648401826484
61983 3604 2352 639 220 36715 297417 92276.742 3260 3627 3453.656 3 113 1000 21.195454545454545
62438 3802 2538 643 220 47475 304721 119883.445 3308 3686 3856.577 2 115 1000 21.195454545454545
62715 3811 2615 647 220 29553 307652 72182.006 3324 3706 4283.921 0 108 1000 21.195454545454545
63069 3993 2808 651 220 26678 270827 64111.004 3372 3744 3527.447 2 111 1000 21.195454545454545
63306 4306 3020 659 221 43388 311318 108803.891 3433 3831 4197.466 3 110 1000 21.199095022624434
63750 4400 3163 663 221 56214 316981 139679.323 3467 3846 3792.742 0 111 1000 21.199095022624434
63928 4734 3391 666 221 74457 320005 177230.644 3535 3925 3954.524 3 108 1000 21.199095022624434
64166 4777 3490 670 221 39556 324379 98231.140 3561 3955 4551.361 0 107 1000 21.199095022624434
64570 5005 3685 673 221 58357 329943 144704.226 3609 3999 3422.535 1 107 1000 21.199095022624434
65056 5285 3898 679 221 35902 335616 87990.884 3663 4045 5536.214 1 111 1000 21.199095022624434
65666 5533 4123 686 222 46423 336102 115308.443 3717 4103 4757.673 2 111 1000 21.2027027027027
66107 5935 4360 688 222 53607 347816 133277.247 3771 4178 3389.593 4 110 1000 21.2027027027027
66440 6245 4575 693 222 42231 349750 104283.920 3845 4245 4441.785 3 113 1000 21.2027027027027
66813 6474 4786 699 222 62568 355417 153821.606 3879 4294 5218.838 1 109 1000 21.2027027027027
67493 6768 5025 703 222 48994 357097 121150.718 3955 4347 4631.858 2 110 1000 21.2027027027027
67891 7026 5191 706 222 95772 359491 217930.464 3993 4400 4413.571 2 109 1000 21.2027027027027
68228 7122 5343 710 222 73771 366086 177769.553 4032 4440 5102.421 0 109 1000 21.2027027027027
68567 7362 5603 715 222 97456 365986 221191.056 4077 4491 5535.045 1 106 1000 21.2027027027027
68943 7729 5904 718 222 86339 373258 202685.940 4137 4542 4510.465 3 106 1000 21.2027027027027
69122 8042 6122 723 222 35550 331745 84749.230 4192 4595 5571.712 2 109 1000 21.2027027027027
69375 8700 6439 729 223 77918 387679 186711.604 4275 4694 4715.955 3 105 1000 21.192825112107624
69843 8768 6634 737 223 78346 389904 187158.892 4317 4707 6808.434 1 106 1000 21.192825112107624
70093 9440 6994 739 223 91349 395709 213139.918 4396 4799 4365.729 3 106 1000 21.192825112107624
70438 9458 7162 746 223 105201 395862 236882.653 4421 4844 6853.879 0 104 1000 21.192825112107624
70817 10258 7533 753 223 37711 355556 88894.896 4517 4930 7070.757 3 105 1000 21.192825112107624
71388 10636 7793 754 223 48889 412928 117471.422 4575 4971 3825.241 2 107 1000 21.192825112107624
71598 11062 8062 759 223 64057 421266 154808.783 4635 5048 4809.775 2 108 1000 21.192825112107624
71929 11403 8306 763 223 84667 422820 200513.165 4699 5093 4914.708 1 104 1000 21.192825112107624
72386 11433 8450 769 223 85188 425534 201137.488 4740 5125 6665.778 1 106 1000 21.192825112107624
72699 11820 8740 777 223 98923 429656 227854.269 4776 5171 7469.523 2 105 1000 21.192825112107624
72790 12207 9078 781 223 66681 439712 159454.338 4852 5243 5670.572 2 105 1000 21.192825112107624
73093 12790 9424 785 224 59432 442337 141727.295 4922 5355 5509.957 3 101 1000 21.200892857142858
73553 12774 9617 790 224 89168 446256 208699.211 4965 5383 5334.044 1 102 1000 21.200892857142858
73740 13078 9857 794 224 103360 449540 236543.247 5015 5444 5863.903 0 101 1000 21.200892857142858
74218 13419 10111 798 224 47177 459907 110144.260 5083 5507 5935.660 3 102 1000 21.200892857142858
74667 14273 10487 802 224 122697 463350 271860.306 5202 5597 5005.884 4 105 1000 21.200892857142858
75146 14552 10765 806 224 142432 466173 302965.430 5248 5677 6100.014 1 102 1000 21.200892857142858
75269 14903 10951 809 224 95164 477476 221101.490 5313 5731 5819.849 2 100 1000 21.200892857142858
75633 14813 11133 813 224 144919 474428 307702.761 5352 5769 5905.373 0 99 1000 21.200892857142858
75850 15580 11444 817 224 97429 489269 225844.391 5458 5865 6441.982 0 101 1000 21.200892857142858
76296 15988 11785 819 224 129998 491515 286750.146 5515 5940 5056.087 2 102 1000 21.200892857142858
76306 16332 11988 821 224 173795 492700 350166.257 5569 5997 5539.928 1 102 1000 21.200892857142858
76382 16748 12318 831 224 51659 509310 119366.222 5651 6059 10148.236 2 104 1000 21.200892857142858
76436 16727 12500 832 225 88280 510967 206162.751 5683 6112 4769.195 1 106 1000 21.20888888888889
76574 17631 12904 840 225 136005 514685 298079.390 5791 6211 8861.254 2 102 1000 21.20888888888889
76978 17623 13197 845 225 68890 519578 159807.887 5805 6251 7308.628 0 100 1000 21.20888888888889
77297 18792 13656 845 225 70132 529717 162802.797 5933 6368 4629.684 4 105 1000 21.20888888888889
77638 19201 13937 849 225 92951 539227 215311.899 5993 6448 5831.113 0 99 1000 21.20888888888889
77846 19600 14184 854 225 55054 546741 125821.697 6062 6520 7196.710 2 97 1000 21.20888888888889
78362 19621 14450 858 226 71970 544727 166266.027 6122 6531 5754.787 0 98 1000 21.221238938053098
78418 19885 14717 862 226 192457 546029 384674.355 6175 6600 6175.650 1 99 1000 21.221238938053098
78539 20200 14844 866 226 110727 558514 251874.313 6236 6688 7374.779 2 92 1000 21.221238938053098
79007 20690 15214 870 226 85015 561373 195160.845 6325 6754 7484.178 1 95 1000 21.221238938053098
79455 21710 15618 874 226 173702 569991 363332.665 6448 6867 7100.184 4 96 1000 21.221238938053098
79770 21501 15771 876 226 114442 577860 258957.570 6454 6921 6209.752 0 92 1000 21.221238938053098
79920 21985 16083 880 226 153454 581994 332220.983 6550 6993 7206.400 3 93 1000 21.221238938053098
80112 23155 16472 884 226 180214 591611 376061.374 6680 7110 7585.557 3 96 1000 21.221238938053098
80398 23513 16792 887 226 137260 601467 304457.927 6746 7199 7123.340 2 91 1000 21.221238938053098
80507 23341 16895 891 226 158861 602853 342896.021 6779 7218 7602.742 1 93 1000 21.221238938053098
80514 23817 17225 893 226 91754 608739 208509.966 6873 7302 6586.946 2 92 1000 21.221238938053098
80509 24252 17576 897 226 162369 616384 349824.349 6946 7394 6951.255 2 91 1000 21.221238938053098
80600 25091 17794 900 226 71873 630987 161796.760 7072 7517 7540.119 1 91 1000 21.221238938053098
81300 25766 18247 901 227 192684 633015 400329.666 7146 7612 5907.343 2 94 1000 21.233480176211454
81305 25427 18419 910 227 72844 640206 163288.389 7181 7634 11101.564 0 93 1000 21.233480176211454
81705 26512 18804 915 227 148063 649886 325434.434 7288 7778 7777.068 1 91 1000 21.233480176211454
82094 26225 18901 921 227 65051 656935 144001.877 7324 7795 9725.333 1 92 1000 21.233480176211454
82570 26729 19301 926 227 98700 657563 220749.281 7396 7876 7342.594 2 92 1000 21.233480176211454
82806 27071 19593 931 227 131823 668359 291843.700 7469 7961 7934.636 1 90 1000 21.233480176211454
83048 28223 19933 935 227 116537 674710 259133.889 7617 8088 8604.961 3 92 1000 21.233480176211454
83279 28011 20252 943 227 77407 589122 170278.468 7651 8137 10265.189 0 90 1000 21.233480176211454
83241 28441 20556 944 227 89620 688856 198087.039 7731 8230 6435.962 2 91 1000 21.233480176211454
83675 29623 21074 951 228 159463 700976 345140.584 7881 8349 8609.129 1 88 1000 21.24561403508772
84069 29233 21224 956 228 212896 700119 435520.760 7918 8384 9278.905 0 88 1000 21.24561403508772
84081 29690 21527 959 228 214927 706864 439383.663 7990 8460 8248.810 0 87 1000 21.24561403508772
84426 30279 21957 961 228 188588 717523 397668.871 8073 8564 7888.037 1 90 1000 21.24561403508772
84296 30649 22230 968 228 71760 543014 155673.405 8184 8641 11096.112 2 90 1000 21.24561403508772
84617 31812 22757 974 228 95734 738783 209446.811 8288 8794 7948.387 3 89 1000 21.24561403508772
84517 31301 22780 976 228 224109 737348 455933.107 8320 8836 7266.419 0 86 1000 21.24561403508772
84595 32617 23185 979 228 228363 751472 464192.099 8486 8992 8869.382 4 89 1000 21.24561403508772
84689 32895 23459 987 228 199645 760173 417430.407 8561 9063 12326.231 0 87 1000 21.24561403508772
84952 33288 23774 991 228 201767 768359 421410.858 8689 9155 9299.546 1 87 1000 21.24561403508772
85310 33644 24115 995 228 100580 778358 218649.950 8766 9264 9603.027 2 87 1000 21.24561403508772
85276 33220 24285 1001 228 315391 774180 579654.549 8800 9300 9649.682 0 87 1000 21.24561403508772
85476 34591 24849 1010 228 180499 795252 382347.495 8966 9458 13667.426 1 90 1000 21.24561403508772
85564 34198 25088 1011 228 209131 796766 433445.002 9010 9476 7877.098 0 87 1000 21.24561403508772
85973 35409 25684 1018 228 138562 807955 298161.230 9145 9644 12079.419 3 88 1000 21.24561403508772
85832 34936 25780 1026 228 439632 803329 697366.952 9180 9676 11111.257 0 85 1000 21.24561403508772
85946 35314 26071 1031 228 140379 818949 300420.801 9271 9790 11118.009 2 84 1000 21.24561403508772
86067 35806 26414 1039 228 217466 828914 447150.397 9363 9855 9989.658 2 84 1000 21.24561403508772
86302 36256 26807 1042 228 108081 839615 230743.938 9452 9953 9373.129 2 83 1000 21.24561403508772
86497 37629 27278 1044 229 397946 842951 680916.038 9630 10141 8215.859 0 86 1000 21.24890829694323
86362 37042 27380 1052 229 110197 856895 234903.733 9644 10151 13677.087 1 85 1000 21.24890829694323
86719 37398 27537 1052 229 301925 858852 578213.476 9740 10276 7639.629 1 84 1000 21.24890829694323
87064 38939 28153 1057 229 229987 877213 471114.940 9885 10459 11074.753 3 85 1000 21.24890829694323
87116 38303 28211 1063 229 113300 882235 240696.040 9924 10456 11373.167 0 82 1000 21.24890829694323
87469 39813 28694 1069 229 270729 892131 538039.681 10082 10622 9353.479 3 84 1000 21.24890829694323
87580 39209 28871 1078 229 153034 895505 324430.259 10132 10653 14074.236 1 85 1000 21.24890829694323
87453 40702 29375 1081 229 318828 907155 607926.262 10283 10819 9475.500 2 83 1000 21.24890829694323
87588 41367 29756 1083 229 372937 915721 676403.454 10385 10932 9795.106 1 85 1000 21.24890829694323
87754 41881 30124 1088 229 503945 920515 795361.908 10488 11045 12274.906 1 83 1000 21.24890829694323
88189 41556 30594 1089 229 505370 923111 797533.558 10540 11064 9115.969 0 80 1000 21.24890829694323
88110 43249 31128 1093 229 161435 946330 339825.309 10697 11273 11763.468 3 80 1000 21.24890829694323
88461 43854 31554 1093 229 188188 961849 393905.582 10803 11385 8536.778 0 81 1000 21.24890829694323
88841 43159 31732 1097 229 290900 959101 573180.100 10857 11429 11051.102 0 79 1000 21.24890829694323
88895 43764 32037 1102 229 339762 966975 644135.113 10995 11495 12498.655 1 80 1000 21.24890829694323
88541 44076 32156 1103 229 256567 979745 518284.158 11088 11609 9613.526 2 79 1000 21.24890829694323
88518 45836 32668 1106 229 301343 993775 591978.958 11247 11828 11144.743 3 79 1000 21.24890829694323
88663 46380 33137 1111 229 406809 999031 733813.474 11359 11934 12438.672 2 80 1000 21.24890829694323
89018 47020 33627 1113 229 199053 1018426 413267.070 11472 12025 10883.204 1 80 1000 21.24890829694323
89109 47669 34119 1118 229 200900 1028042 415918.051 11615 12128 12539.860 2 81 1000 21.24890829694323
88865 46701 34083 1126 229 269133 1028218 539562.347 11646 12187 13738.701 0 80 1000 21.24890829694323
88877 47055 34422 1128 229 419932 1031309 754377.209 11747 12308 10779.700 1 82 1000 21.24890829694323
88945 47634 34810 1130 229 490323 1038512 829261.079 11864 12394 11091.783 1 79 1000 21.24890829694323
89108 48222 35196 1134 229 369609 1052268 694614.236 11945 12537 13016.170 1 77 1000 21.24890829694323
89044 48768 35483 1145 229 180966 1064487 371948.542 12076 12626 18656.576 1 76 1000 21.24890829694323
88750 49124 35660 1150 229 243401 1077161 492384.032 12183 12745 11743.370 2 78 1000 21.24890829694323
88769 49813 36048 1150 229 588652 1074861 923062.867 12304 12841 9759.539 2 78 1000 21.24890829694323
89269 51779 36677 1152 229 249542 1104680 504623.087 12517 13069 11554.260 3 82 1000 21.24890829694323
89255 51031 36883 1156 229 289510 1106820 575603.541 12550 13121 11732.468 1 78 1000 21.24890829694323
89556 52752 37466 1162 229 609438 1112737 954813.250 12712 13289 13348.866 2 79 1000 21.24890829694323
89499 51807 37647 1168 229 455762 1119437 813980.626 12757 13317 15693.009 0 75 1000 21.24890829694323
89385 53906 38173 1170 229 223726 1146895 455517.092 12986 13551 12072.736 3 77 1000 21.24890829694323
89675 53114 38467 1172 230 194229 1144720 396766.235 13024 13562 11956.935 0 77 1000 21.26086956521739
89889 54968 38924 1174 230 263152 1165679 529288.556 13225 13776 12136.775 3 77 1000 21.26086956521739
89960 55593 39254 1180 230 149438 1014185 302925.255 13342 13911 15418.860 1 76 1000 21.26086956521739
90133 56171 39496 1186 230 267976 1180099 536708.030 13462 14009 12475.325 2 78 1000 21.26086956521739
90480 56794 39937 1187 230 312596 1195871 616384.877 13557 14144 11200.181 1 77 1000 21.26086956521739
90857 57632 40548 1188 230 176850 1206853 359166.601 13689 14260 11727.948 1 77 1000 21.26086956521739
91249 58454 41232 1188 230 275347 1213133 551528.237 13817 14404 11133.718 2 78 1000 21.26086956521739
91065 59079 41359 1193 230 321130 1228794 631682.735 13949 14520 14995.775 1 75 1000 21.26086956521739
91506 58515 41917 1194 230 776531 1221633 1113147.823 13999 14577 12188.674 1 75 1000 21.26086956521739
91443 58893 42343 1200 230 157785 1072853 317663.318 14119 14689 17469.822 2 74 1000 21.26086956521739
91428 59271 42583 1204 230 508075 1248106 900837.763 14230 14836 12857.297 1 75 1000 21.26086956521739
92057 61695 43377 1206 230 287589 1267996 571555.947 14480 15030 13765.915 1 75 1000 21.26086956521739
92701 62216 43909 1210 230 603000 1277049 1008780.478 14571 15182 15544.493 2 76 1000 21.26086956521739
92826 62610 44235 1211 230 391454 1292952 747148.766 14718 15292 12863.987 1 75 1000 21.26086956521739
93000 63262 44813 1215 230 529418 1300601 936744.356 14841 15428 15048.007 2 76 1000 21.26086956521739
93077 62096 45062 1216 230 825414 1298298 1181424.916 14891 15466 12936.325 0 75 1000 21.26086956521739
93137 62515 45203 1218 230 535337 1315161 947114.143 15024 15595 14219.844 1 73 1000 21.26086956521739
93179 63400 45586 1225 230 626334 1326448 1046165.224 15141 15740 18981.018 1 75 1000 21.26086956521739
93269 65483 45981 1232 230 263893 1348847 525075.916 15385 15977 19454.007 2 75 1000 21.26086956521739
93421 66142 46529 1235 230 356521 1365309 693050.537 15506 16102 14348.730 2 77 1000 21.26086956521739
93461 65017 46765 1238 230 308789 1363009 608030.988 15579 16145 15395.272 0 73 1000 21.26086956521739
93740 65481 47027 1245 230 201492 1380059 399270.190 15715 16278 18716.380 1 74 1000 21.26086956521739
94103 67665 47498 1248 230 236363 1399617 467714.145 15937 16521 14452.742 1 75 1000 21.26086956521739
94352 66597 47912 1251 230 366875 1405251 707773.829 15992 16586 15305.104 1 76 1000 21.26086956521739
94204 68855 48276 1258 230 240540 1424889 473312.435 16236 16851 19434.639 3 79 1000 21.26086956521739
94388 69198 48499 1266 230 503281 1434257 917854.529 16354 16968 17231.537 2 76 1000 21.26086956521739
94643 68175 48756 1267 230 1053846 1427644 1361464.427 16422 17007 14320.806 0 74 1000 21.26086956521739
94860 70257 49166 1275 230 246570 1461366 483083.170 16660 17237 22227.069 3 73 1000 21.26086956521739
94929 68893 49408 1278 230 330834 1461809 640506.698 16709 17295 15680.723 0 69 1000 21.26086956521739
95339 69587 49985 1280 230 695116 1472059 1150853.708 16844 17425 15626.220 2 70 1000 21.26086956521739
95088 71716 50224 1281 230 816329 1489715 1263533.281 17096 17667 15040.825 2 71 1000 21.26086956521739
95376 70877 50679 1286 230 253413 1502762 494626.660 17145 17737 19379.921 0 71 1000 21.26086956521739
95164 71080 50833 1295 231 395872 1517104 753458.037 17261 17878 18282.146 1 70 1000 21.272727272727273
95369 73634 51425 1297 231 539028 1536408 975454.638 17564 18160 15575.025 0 73 1000 21.272727272727273
95483 74434 51751 1301 231 350085 1548082 673750.912 17714 18281 18590.440 2 72 1000 21.272727272727273
95688 73101 52030 1308 231 470465 1555281 872406.950 17752 18343 20523.992 0 69 1000 21.272727272727273
95526 75320 52306 1313 231 552755 1575635 996415.881 18003 18599 17642.616 3 71 1000 21.272727272727273
95627 75876 52718 1316 231 358671 1586562 687661.552 18164 18758 17319.252 2 72 1000 21.272727272727273
95863 76267 52988 1325 231 561424 1600409 1008593.688 18288 18880 22454.393 1 69 1000 21.272727272727273
96140 75211 53477 1326 231 652498 1603330 1129066.755 18370 18955 16064.488 0 69 1000 21.272727272727273
96045 77803 53906 1328 231 317587 1628432 608971.392 18621 19215 17318.225 3 69 1000 21.272727272727273
95983 78134 54152 1331 231 1040120 1635023 1478290.240 18769 19399 17771.639 2 70 1000 21.272727272727273
96074 76748 54414 1336 231 430426 1650393 806918.739 18825 19454 21045.445 0 69 1000 21.272727272727273
96163 77427 54754 1340 231 675302 1659418 1165468.352 18940 19629 18066.085 2 69 1000 21.272727272727273
95994 77731 54830 1342 231 437248 1676710 819439.570 19141 19741 17446.803 2 67 1000 21.272727272727273
96413 80260 55504 1346 231 689721 1694884 1188468.946 19383 20023 20278.765 2 68 1000 21.272727272727273
96607 78990 55823 1350 231 1250025 1692458 1611050.642 19467 20065 20494.821 0 68 1000 21.272727272727273
96940 79636 56348 1353 231 936605 1708874 1439176.833 19576 20198 19683.473 1 68 1000 21.272727272727273
97397 82511 56971 1358 231 706503 1736160 1213339.191 19869 20494 22118.097 2 70 1000 21.272727272727273
97553 80974 57305 1362 231 820949 1738448 1341594.083 19948 20578 21129.148 0 70 1000 21.272727272727273
97756 83728 57896 1366 231 461776 1771325 856260.471 20213 20886 20621.862 3 72 1000 21.272727272727273
97956 84246 58269 1370 231 624875 1781730 1108896.931 20367 20987 19707.907 1 70 1000 21.272727272727273
98087 84670 58509 1372 231 349706 1795673 658488.390 20551 21190 18298.662 1 69 1000 21.272727272727273
98306 83210 58817 1377 231 226478 1555673 426148.471 20571 21209 19499.809 0 70 1000 21.272727272727273
98354 86133 59241 1381 231 229547 1577248 431513.887 20879 21530 18652.147 3 71 1000 21.272727272727273
98354 86508 59302 1387 231 866550 1834986 1411255.076 21067 21695 19919.324 1 71 1000 21.272727272727273
98424 87164 59771 1389 231 873676 1850070 1422351.592 21192 21832 19778.569 1 70 1000 21.272727272727273
98486 87589 59982 1390 231 655079 1868043 1158427.449 21366 22041 18841.683 2 69 1000 21.272727272727273
98273 86083 60196 1398 231 761869 1872339 1300418.604 21446 22063 24314.543 0 68 1000 21.272727272727273
98562 89370 60862 1402 231 428256 1898423 796879.836 21725 22378 22900.933 3 69 1000 21.272727272727273
98929 88048 61267 1408 231 897151 1899768 1457202.577 21762 22459 21166.259 1 68 1000 21.272727272727273
99252 88476 61710 1414 231 780349 1917791 1327694.448 21979 22595 25603.623 1 67 1000 21.272727272727273
99067 91262 62031 1417 231 326967 1947742 611282.622 22286 22903 21213.704 0 70 1000 21.272727272727273
99077 89412 62097 1420 231 283196 1954326 527663.101 22290 22971 21022.349 0 70 1000 21.272727272727273
98974 92073 62496 1424 231 693105 1976708 1219154.080 22602 23250 20165.067 2 69 1000 21.272727272727273
99154 90540 62710 1428 231 1081949 1973707 1647711.583 22685 23330 23057.775 0 65 1000 21.272727272727273
99237 93922 63310 1432 231 947112 2005534 1531158.818 23015 23656 24099.663 3 67 1000 21.272727272727273
99622 94444 63830 1437 231 709857 2024577 1244628.289 23214 23892 25512.475 1 69 1000 21.272727272727273
99499 92597 63802 1441 231 613838 2031294 1102559.150 23238 23884 23371.237 0 65 1000 21.272727272727273
99311 95369 64233 1441 231 969328 2052567 1563871.257 23539 24210 19289.144 3 67 1000 21.272727272727273
99204 95560 64386 1445 231 726133 2071090 1268975.930 23727 24392 25102.810 1 67 1000 21.272727272727273
99285 93996 64606 1449 231 1316442 2068382 1854793.442 23774 24438 23607.020 0 65 1000 21.272727272727273
99185 97158 65121 1453 231 408910 2103947 752771.952 24106 24755 25443.849 1 66 1000 21.272727272727273
99488 95314 65398 1455 231 856884 2106038 1443777.410 24154 24814 21336.911 0 64 1000 21.272727272727273
99828 96182 65965 1457 231 1814361 2114216 2080031.489 24370 25003 22233.032 1 65 1000 21.272727272727273
99792 99408 66563 1459 231 875566 2151988 1475180.594 24627 25351 22990.050 1 67 1000 21.272727272727273
100201 99821 67275 1463 231 488363 2167805 893662.802 24834 25509 25799.399 1 66 1000 21.272727272727273
100502 98253 67639 1466 231 762196 2174144 1325763.630 24933 25578 23625.577 0 65 1000 21.272727272727273
100685 101021 68116 1471 231 665882 2204086 1183524.789 25271 25936 26984.500 3 67 1000 21.272727272727273
100921 101443 68777 1477 231 1045914 2214699 1677275.299 25449 26093 26376.869 1 67 1000 21.272727272727273
100660 99416 68856 1480 231 322293 2229128 588214.005 25507 26193 25252.841 1 67 1000 21.272727272727273
100496 99847 69086 1484 231 584439 2244485 1052120.183 25703 26326 22852.054 1 66 1000 21.272727272727273
100542 100513 69523 1489 231 791283 2257264 1369602.722 25887 26550 25238.120 0 65 1000 21.272727272727273
100620 101083 69815 1493 231 441641 2274374 801796.392 26065 26728 26875.288 2 64 1000 21.272727272727273
100360 103772 70085 1494 231 695433 2302198 1228707.155 26374 27028 23278.559 1 64 1000 21.272727272727273
100687 104618 70669 1500 231 1267328 2311491 1911913.919 26583 27250 28699.688 2 65 1000 21.272727272727273
100465 105109 70826 1505 231 949887 2334787 1582463.099 26764 27469 29327.722 2 67 1000 21.272727272727273
100513 103062 70983 1510 231 454465 2341149 815320.207 26856 27528 28330.603 1 65 1000 21.272727272727273
100423 106143 71236 1510 231 1503751 2362142 2108675.048 27196 27867 22464.956 2 63 1000 21.272727272727273
100466 104525 71620 1512 231 1119953 2371439 1783222.633 27257 27912 25671.349 0 63 1000 21.272727272727273
100412 107487 72081 1515 231 347839 1785950 621401.605 27603 28258 26683.403 2 62 1000 21.272727272727273
100146 107802 72121 1519 232 848731 2421433 1455010.591 27767 28430 24746.348 1 61 1000 21.280172413793103
100476 108368 72581 1526 232 1795341 2428557 2298556.696 27959 28650 31112.977 1 62 1000 21.280172413793103
100800 106373 72941 1531 232 409472 2106874 729109.687 28013 28734 31092.411 0 60 1000 21.280172413793103
101035 107068 73432 1534 232 1160326 2456909 1842878.285 28248 28925 24485.847 1 60 1000 21.280172413793103
101522 110253 74031 1539 232 2130903 2481985 2441174.311 28578 29277 29824.750 1 62 1000 21.280172413793103
101165 107761 73846 1540 232 1365968 2491224 2052620.952 28642 29337 25118.161 0 59 1000 21.280172413793103
101190 108776 74343 1543 232 565452 2513291 1008190.530 28890 29522 28073.642 1 61 1000 21.280172413793103
100790 108878 74163 1544 232 1384949 2525810 2080758.501 29069 29736 24677.543 1 60 1000 21.280172413793103
100792 109491 74364 1549 232 2529940 2537140 2530689.527 29246 29974 30723.412 1 61 1000 21.280172413793103
100635 109990 74300 1551 232 776710 2572049 1357134.395 29493 30197 27766.465 1 61 1000 21.280172413793103
100982 113198 74979 1553 232 786133 2603334 1372280.978 29830 30550 27404.180 0 63 1000 21.280172413793103
101275 113984 75432 1556 232 508254 2621228 904724.960 30084 30784 27707.636 2 63 1000 21.280172413793103
101240 111539 75432 1558 232 1436607 2619937 2156676.028 30134 30831 26535.458 0 62 1000 21.280172413793103
101512 114748 76026 1561 232 1453679 2651044 2181585.249 30514 31186 29936.870 3 64 1000 21.280172413793103
101676 112942 76310 1564 232 1255596 2658595 1989398.592 30599 31256 30504.456 0 62 1000 21.280172413793103
101498 116184 76706 1566 232 522518 2695501 929034.206 30943 31622 27496.547 2 64 1000 21.280172413793103
101683 116897 77053 1569 232 1103380 2712319 1824895.789 31173 31845 27688.112 1 63 1000 21.280172413793103
101262 117218 77135 1569 232 957398 2731965 1633057.976 31374 32074 26232.710 1 64 1000 21.280172413793103
101352 117915 77259 1574 232 1505320 2745140 2258548.298 31591 32280 31460.543 1 64 1000 21.280172413793103
101596 118530 77674 1579 232 1515257 2763245 2272326.476 31825 32503 34401.132 1 61 1000 21.280172413793103
101972 119227 78117 1581 232 466588 2404275 826426.102 32035 32761 30320.739 0 60 1000 21.280172413793103
102389 117496 78630 1588 232 628151 2794289 1113832.188 32097 32812 29903.140 0 58 1000 21.280172413793103
102685 121349 79156 1591 232 548812 2832416 974641.190 32525 33249 28855.554 0 59 1000 21.280172413793103
102364 118949 79096 1599 232 2429531 2828941 2783670.090 32583 33308 36508.482 0 60 1000 21.280172413793103
102368 119286 79294 1602 232 863403 2859878 1496173.612 32780 33577 32677.348 1 60 1000 21.280172413793103
102716 122943 79979 1605 232 1175763 2890352 1935606.028 33236 33960 30990.500 2 61 1000 21.280172413793103
102974 123414 80244 1610 232 1184381 2911550 1947222.483 33375 34169 35385.502 2 62 1000 21.280172413793103
103434 124052 80887 1611 232 658723 2931302 1157514.893 33673 34435 29761.923 1 61 1000 21.280172413793103
103460 121629 80991 1613 232 2167559 2931000 2769790.876 33764 34466 31009.381 0 59 1000 21.280172413793103
103553 125254 81369 1615 232 1625931 2964907 2428296.820 34114 34866 32265.002 2 59 1000 21.280172413793103
103214 122521 81173 1618 232 1404406 2973626 2211871.096 34208 34934 33705.384 0 57 1000 21.280172413793103
103105 123376 81393 1618 232 2210046 2988351 2823194.849 34449 35189 28952.928 2 57 1000 21.280172413793103
102889 127081 81647 1621 232 506762 2613458 885947.667 34855 35579 34835.479 2 59 1000 21.280172413793103
102844 124587 81708 1624 232 791398 3035616 1376727.489 34901 35648 31221.371 0 57 1000 21.280172413793103
102838 124967 81913 1626 232 1942148 3049685 2705503.399 35105 35894 31879.496 1 58 1000 21.280172413793103
102919 128828 82145 1628 232 1694655 3090131 2525972.983 35565 36321 33741.076 2 60 1000 21.280172413793103
102884 128840 82305 1630 232 1704713 3108458 2540979.854 35781 36521 33351.253 1 59 1000 21.280172413793103
103211 129352 82641 1634 232 703781 3133240 1225859.580 36014 36830 38060.349 0 59 1000 21.280172413793103
103453 130233 83338 1636 232 1489336 3153423 2337108.094 36244 37045 32047.211 1 59 1000 21.280172413793103
103643 130867 83692 1640 232 713621 3177338 1239695.767 36527 37271 38104.581 1 59 1000 21.280172413793103
103550 128081 83734 1641 232 961634 3186018 1641847.909 36569 37313 32993.433 0 59 1000 21.280172413793103
103354 128853 83988 1643 232 1755797 3201538 2611305.413 36859 37603 33021.173 2 60 1000 21.280172413793103
103334 129887 84410 1647 232 2051468 3221133 2851028.513 37105 37865 38995.175 1 59 1000 21.280172413793103
103029 133533 84461 1650 232 2073589 3255825 2880494.458 37556 38262 37740.773 2 57 1000 21.280172413793103
103343 131334 84934 1652 232 851590 3267802 1467920.033 37539 38370 35672.573 1 58 1000 21.280172413793103
103401 131761 85276 1657 232 2427614 3282037 3094751.076 37824 38562 38448.090 1 57 1000 21.280172413793103
103147 132946 85474 1659 232 641518 3315130 1108292.893 38104 38883 36445.174 1 59 1000 21.280172413793103
103267 133805 85980 1660 232 2857409 3326065 3270598.352 38392 39143 33316.860 0 55 1000 21.280172413793103
103578 138001 86470 1661 232 1373282 3376171 2233459.485 38787 39626 35230.898 3 57 1000 21.280172413793103
103746 138459 86983 1663 232 1191243 3400211 1988740.067 39084 39847 37556.276 1 56 1000 21.280172413793103
103980 139172 87482 1667 232 2176267 3416857 3019057.233 39259 40132 39541.051 2 58 1000 21.280172413793103
103609 136036 87144 1671 232 663431 3429232 1142108.194 39406 40227 41447.657 0 56 1000 21.280172413793103
103711 139641 87644 1673 232 901862 3461721 1546268.915 39784 40631 35337.408 2 55 1000 21.280172413793103
103745 140063 88019 1676 232 581722 3003775 1000948.797 40080 40846 37525.229 0 55 1000 21.280172413793103
103885 137580 88402 1682 232 909211 3490069 1553783.544 40181 40933 39366.199 0 55 1000 21.280172413793103
103763 141485 88876 1685 232 1236376 3529185 2054067.006 40589 41361 38238.208 2 57 1000 21.280172413793103
