5 0 0 2 0 7032 56235 13323.124 510 510 24772.500 4 4 1 0.0
6 0 0 2 0 7199 49896 14185.072 510 512 511.000 0 5 1 0.0
7 0 0 4 0 7199 49896 14156.457 510 514 25204.000 0 6 1 0.0
9 0 0 5 0 7205 50125 14166.529 510 516 10390.000 0 7 1 0.0
10 18 20 9 1 7202 50025 14104.290 504 518 19831.111 0 8 1 2.0
11 20 22 9 1 7202 50025 14104.290 504 520 285.111 0 9 1 2.0
10 20 20 10 1 7195 49767 14055.312 504 521 4644.700 0 10 1 2.0
10 20 20 11 1 7192 49637 14024.782 504 522 4201.818 0 10 1 2.0
10 20 20 11 1 7188 49508 14006.388 498 523 231.364 0 10 1 2.0
11 22 22 12 1 7188 49508 13994.555 498 525 3832.917 0 10 1 2.0
11 40 22 16 2 7181 49250 13905.656 498 525 11777.938 0 11 1 1.5
12 40 25 16 2 7179 49164 13893.356 498 524 158.125 0 9 1 1.5
13 42 28 16 2 7371 49207 14885.713 493 524 189.312 0 9 1 1.5
14 46 31 16 2 7359 48820 14807.379 493 524 220.250 0 9 1 1.5
17 46 35 16 2 7359 48820 14804.480 493 518 219.625 0 9 1 1.5
18 53 38 16 3 7350 48547 14759.796 493 520 250.250 0 9 1 2.0
21 61 44 19 3 7346 48404 14700.058 488 522 7251.895 0 11 2 2.0
23 66 48 19 3 7174 48966 13814.436 488 522 236.632 0 11 2 2.0
26 74 55 19 3 7174 49000 13819.186 488 524 236.579 0 11 2 2.0
28 76 61 19 3 7176 49052 13826.467 488 524 236.474 0 12 2 2.0
32 82 69 20 3 7175 49018 13811.926 483 524 2119.000 0 12 2 2.0
34 88 72 21 3 7174 49000 13799.795 483 523 2016.762 0 12 2 2.0
37 90 78 23 4 7558 48260 15722.142 483 516 3956.043 0 11 2 2.5
40 94 86 23 4 7558 48260 15722.142 483 520 215.870 0 11 2 2.5
44 98 94 23 4 7558 48260 15722.142 478 523 215.304 0 12 2 2.5
46 104 99 23 4 7542 47830 15641.081 478 523 214.783 0 13 2 2.5
47 110 102 25 5 7542 47830 15615.070 478 522 4023.720 0 13 2 2.8
45 107 98 27 5 7542 47830 15591.373 478 520 3509.741 0 12 2 2.8
47 112 100 27 5 7542 47830 15591.373 473 522 182.519 0 10 2 2.8
48 116 102 27 5 7526 47400 15510.813 473 522 182.444 0 11 2 2.8
49 120 105 27 5 7526 47400 15510.813 473 522 182.185 0 11 2 2.8
52 126 111 27 5 7526 47400 15510.813 473 522 182.111 0 11 2 2.8
56 173 119 27 6 7522 47270 15486.647 468 516 199.519 0 11 3 3.0
59 180 127 28 6 7514 47055 15435.918 468 520 1675.143 0 13 3 3.0
65 191 138 28 6 7514 47055 15435.918 468 520 192.250 0 13 3 3.0
70 199 146 28 6 7506 46840 15395.592 468 522 192.321 0 14 3 3.0
73 205 149 29 6 7306 47141 14370.449 470 523 1817.724 0 14 3 3.0
77 231 153 30 7 7502 46740 15342.079 470 522 1427.433 0 14 3 3.142857142857143
80 232 156 30 7 7502 46740 15342.079 470 522 211.467 0 13 3 3.142857142857143
85 241 171 32 7 7497 46596 15292.299 468 522 2941.844 0 13 3 3.142857142857143
87 247 172 34 7 7492 46453 15240.416 468 514 2927.176 0 13 3 3.142857142857143
91 263 180 36 7 7486 46309 15190.908 466 524 2599.917 0 15 4 3.142857142857143
93 287 184 36 7 7486 46309 15190.908 466 523 175.917 0 15 4 3.142857142857143
97 385 196 36 8 7481 46166 15164.399 463 524 175.722 0 15 4 3.125
99 386 196 36 8 7476 46022 15138.091 463 524 175.528 0 14 4 3.125
106 410 211 37 8 7470 45879 15098.964 461 523 1414.676 0 14 4 3.125
104 414 210 37 8 7470 45879 15098.964 461 524 170.946 0 12 4 3.125
112 426 228 37 8 7465 45736 15072.633 458 524 170.919 0 13 4 3.125
114 496 231 37 9 7460 45592 15046.199 458 526 170.784 0 13 4 3.0
121 510 246 37 9 7455 45449 15019.763 456 526 170.811 0 14 4 3.0
128 540 259 37 9 7457 45506 15030.300 458 526 171.027 0 14 5 3.0
133 563 270 37 9 7474 45979 15111.611 458 528 184.027 0 13 5 3.0
145 604 297 38 9 7479 46108 15122.121 456 527 1255.237 0 13 5 3.0
146 646 302 39 10 7481 46160 15118.427 459 526 1226.000 0 13 5 3.1
143 661 300 40 10 7692 47203 16098.298 459 527 1219.500 0 13 5 3.1
147 688 306 40 10 7692 47203 16095.372 455 529 205.400 0 13 5 3.1
152 723 318 41 10 7692 47203 16085.649 459 530 1176.268 0 13 5 3.1
159 778 334 42 11 7674 46833 15982.974 454 530 1279.262 0 13 5 3.272727272727273
163 845 344 42 11 7674 46833 15982.974 454 531 196.024 0 13 6 3.272727272727273
171 844 354 42 11 7320 47589 14280.449 454 532 207.690 0 13 6 3.272727272727273
174 858 364 43 11 7471 45887 15010.601 454 530 970.116 0 13 6 3.272727272727273
178 868 370 45 11 7471 45887 14987.710 449 534 2120.422 0 13 6 3.272727272727273
185 923 388 47 11 7468 45813 14949.198 449 534 2148.426 0 13 6 3.272727272727273
191 1038 403 47 12 7467 45777 14942.461 449 534 195.851 0 13 6 3.25
195 1078 417 47 12 7472 45936 14971.354 449 534 196.064 0 13 7 3.25
197 1057 423 48 12 7203 50039 13642.820 444 532 1053.354 0 12 6 3.25
200 1086 429 48 12 7204 50068 13640.801 444 536 212.271 0 13 7 3.25
194 1101 417 49 12 7202 50025 13628.243 444 537 824.082 0 13 6 3.25
198 1184 425 50 13 7332 47988 14256.316 444 537 816.600 0 13 7 3.230769230769231
200 1226 433 50 13 7333 48016 14260.787 439 536 213.520 0 13 7 3.230769230769231
195 1248 441 50 13 7202 50019 13620.722 439 536 223.660 0 12 6 3.230769230769231
204 1265 464 50 13 7204 50068 13627.296 439 530 223.540 0 12 7 3.230769230769231
210 1366 479 50 13 7200 49945 13610.814 439 536 223.220 0 14 7 3.230769230769231
206 1371 472 50 14 7941 52190 17083.788 434 535 232.040 0 13 7 3.357142857142857
208 1381 477 51 14 7941 52190 17069.453 434 535 1109.725 0 13 7 3.357142857142857
217 1411 495 52 14 7941 52190 17058.048 434 535 1088.077 0 13 7 3.357142857142857
223 1383 509 53 14 7467 45786 14863.727 434 529 973.396 0 13 7 3.357142857142857
229 1437 523 54 14 7465 45721 14845.479 429 531 803.593 0 14 7 3.357142857142857
234 1470 538 54 14 7464 45710 14843.497 429 533 222.593 0 15 8 3.357142857142857
243 1615 551 54 15 7328 47854 14182.810 429 532 231.722 0 14 8 3.3333333333333335
247 1598 557 56 15 7328 47854 14162.422 429 531 1491.054 0 14 8 3.3333333333333335
242 1585 547 56 15 7330 47904 14170.050 431 533 223.464 0 14 8 3.3333333333333335
244 1618 562 56 16 7636 44186 15612.627 431 533 231.589 0 13 8 3.4375
255 1681 594 56 16 7636 44186 15612.627 431 533 231.679 0 13 8 3.4375
271 1693 628 56 16 7630 44043 15582.994 431 534 231.786 0 13 9 3.4375
272 1699 621 57 16 7629 44014 15567.434 433 533 907.526 0 13 9 3.4375
284 1777 646 57 17 7866 45462 16627.788 433 534 235.439 0 13 9 3.588235294117647
285 1851 647 59 17 7866 45462 16610.062 433 536 1524.678 0 12 9 3.588235294117647
285 1875 657 59 17 7855 45277 16558.807 433 534 227.542 0 13 9 3.588235294117647
289 1821 671 59 17 7844 45092 16507.723 428 535 227.356 0 14 9 3.588235294117647
303 1967 699 59 17 7844 45092 16507.723 428 537 227.610 0 15 10 3.588235294117647
310 1989 713 59 17 7844 45092 16507.723 428 537 227.763 0 14 10 3.588235294117647
319 1983 729 60 18 8155 50468 17814.284 428 537 948.617 0 13 10 3.7777777777777777
323 2013 741 60 18 8155 50468 17814.284 423 537 231.150 0 13 10 3.7777777777777777
328 2017 747 60 18 8155 50468 17814.284 423 530 231.017 0 14 10 3.7777777777777777
333 2096 766 61 19 8130 50038 17689.286 423 536 851.344 0 13 10 3.9473684210526314
351 2250 804 61 19 8130 50038 17689.286 423 538 227.508 0 15 11 3.9473684210526314
356 2304 807 61 19 8130 50038 17689.286 418 539 227.656 0 16 11 3.9473684210526314
371 2319 842 61 19 8130 50038 17689.286 418 539 227.738 0 15 11 3.9473684210526314
370 2351 845 61 19 7812 44536 16333.608 418 535 234.951 0 15 12 3.9473684210526314
382 2395 862 61 20 7805 44413 16299.718 418 540 235.115 0 14 12 4.05
395 2450 891 61 20 7811 44511 16326.907 420 542 235.475 0 14 12 4.05
405 2526 920 61 20 7641 44301 15587.101 420 542 251.098 0 14 12 4.05
409 2531 932 61 20 7646 44430 15613.638 418 542 251.246 0 14 13 4.05
422 2669 956 62 20 7648 44473 15612.879 418 542 878.000 0 14 13 4.05
429 2731 976 62 21 7644 44387 15595.217 418 543 247.758 0 14 13 4.095238095238095
437 2902 1006 63 21 8093 49392 17493.883 418 544 870.714 0 15 13 4.095238095238095
444 2907 1032 63 21 8081 49177 17435.591 413 544 251.175 0 15 13 4.095238095238095
453 2958 1048 64 21 7359 48809 14234.790 413 546 911.250 0 15 14 4.095238095238095
455 3084 1055 64 22 7849 45166 16468.582 413 546 262.609 0 15 14 4.181818181818182
461 3055 1063 64 22 7851 45203 16475.942 413 545 262.797 0 15 14 4.181818181818182
469 3113 1088 65 22 7850 45184 16459.796 408 548 923.308 0 17 15 4.181818181818182
481 3235 1112 65 22 7846 45129 16444.532 408 548 259.308 0 17 15 4.181818181818182
489 3424 1138 65 23 7851 45203 16464.975 408 549 259.754 0 18 15 4.260869565217392
489 3425 1134 66 23 7853 45240 16464.152 408 551 910.318 0 18 15 4.260869565217392
511 3586 1199 66 23 7855 45277 16474.129 403 551 256.470 0 18 16 4.260869565217392
527 3744 1247 66 24 7854 45258 16469.092 407 551 256.909 0 18 16 4.333333333333333
552 3831 1307 67 24 7696 45592 15770.748 407 553 836.328 0 18 16 4.333333333333333
578 4035 1383 68 24 7701 45713 15789.049 408 554 724.515 0 19 17 4.333333333333333
593 4073 1410 68 24 7704 45781 15803.037 408 555 265.382 0 19 18 4.333333333333333
608 4281 1460 68 24 7704 45764 15799.586 409 557 265.794 0 19 18 4.333333333333333
630 4325 1499 69 24 7544 47873 15054.254 410 557 852.594 0 20 19 4.333333333333333
657 4607 1569 69 25 8071 49005 17313.099 412 559 276.696 0 20 19 4.44
674 4712 1606 71 25 8074 49062 17308.311 413 557 1446.831 0 20 20 4.44
702 4839 1681 73 25 8077 49120 17303.294 414 561 1409.205 0 20 21 4.44
712 4949 1708 74 25 7731 46395 15862.397 415 561 832.162 0 21 21 4.44
723 5162 1746 76 26 7732 46424 15844.630 416 562 1331.908 0 21 21 4.461538461538462
744 5264 1804 76 26 7736 46525 15864.879 417 562 259.566 0 21 22 4.461538461538462
752 5358 1821 78 26 7731 46395 15819.689 417 564 1257.897 0 20 22 4.461538461538462
781 5435 1892 79 26 7733 46453 15818.522 419 566 837.684 0 20 22 4.461538461538462
803 5534 1939 79 27 8423 49263 18608.147 419 566 262.266 0 20 24 4.555555555555555
820 5714 1976 79 27 8423 49263 18608.147 419 569 262.911 0 21 24 4.555555555555555
832 5725 2010 82 27 7755 46958 15897.937 419 569 1737.293 0 20 25 4.555555555555555
851 5825 2059 83 27 7755 46958 15892.732 414 568 599.988 0 20 25 4.555555555555555
868 5926 2111 83 28 7758 47045 15909.850 414 570 257.361 0 19 26 4.571428571428571
885 6177 2157 83 28 7760 47088 15918.384 414 572 258.012 0 20 26 4.571428571428571
910 6207 2219 83 28 7759 47066 15914.134 414 573 258.349 0 20 27 4.571428571428571
933 6459 2284 83 28 7766 47227 15946.460 409 575 259.108 0 21 27 4.571428571428571
957 6693 2353 84 28 7596 49277 15158.067 409 575 608.679 0 21 29 4.571428571428571
980 6774 2401 85 28 7600 49403 15167.812 409 577 773.965 0 21 29 4.571428571428571
1001 6822 2442 85 28 7777 47486 15967.944 409 579 271.365 0 22 29 4.571428571428571
1026 7085 2506 88 28 7780 47543 15954.169 404 580 1498.034 0 23 30 4.571428571428571
1054 7234 2575 92 28 7784 47639 15939.824 408 579 1818.185 0 23 31 4.571428571428571
1082 7416 2662 92 29 7615 49802 15181.282 410 580 257.913 0 24 32 4.551724137931035
1107 7581 2730 93 29 7461 52039 14457.468 412 582 735.903 0 22 32 4.551724137931035
1119 7918 2760 93 30 8180 50899 17561.261 412 583 271.183 0 23 32 4.566666666666666
1148 8251 2844 93 30 8186 51006 17589.402 414 585 271.957 0 22 34 4.566666666666666
1176 8277 2892 95 30 8186 51006 17577.371 414 586 941.505 0 22 34 4.566666666666666
1204 8647 2948 95 30 8019 48107 16916.770 416 589 272.726 0 23 35 4.566666666666666
1244 8795 3056 96 31 8204 51312 17637.562 417 587 759.927 0 23 35 4.645161290322581
1274 9169 3120 96 31 7826 48630 16072.309 417 591 285.698 0 23 37 4.645161290322581
1290 9412 3158 99 31 7833 48794 16080.227 412 593 1352.626 0 24 37 4.645161290322581
1308 9389 3186 100 31 7835 48837 16084.346 412 593 537.530 0 24 38 4.645161290322581
1340 9684 3269 101 32 7839 48932 16100.066 412 596 505.238 0 25 39 4.65625
1381 9933 3364 102 32 7845 49061 16111.590 412 597 751.216 0 26 40 4.65625
1409 9939 3432 105 32 7846 49095 16099.738 407 597 1148.933 0 24 41 4.65625
1452 10279 3536 105 32 7852 49233 16126.635 407 600 265.000 0 26 41 4.65625
1504 10512 3676 108 32 7857 49345 16116.449 407 604 1418.296 0 27 42 4.65625
1544 11057 3772 108 33 7863 49491 16144.845 407 604 259.028 0 28 45 4.636363636363637
1598 11375 3918 108 33 9177 48230 20838.605 407 607 263.602 0 28 46 4.636363636363637
1661 11798 4077 108 33 8303 53022 17961.105 407 609 269.000 0 28 48 4.636363636363637
1677 11991 4118 109 33 7886 50029 16223.541 402 609 692.404 0 28 48 4.636363636363637
1742 12281 4282 109 33 7891 50146 16246.449 402 610 272.780 0 29 50 4.636363636363637
1788 12593 4393 113 33 7897 50271 16236.478 402 613 1564.310 0 29 51 4.636363636363637
1830 12720 4478 113 33 7902 50404 16262.179 402 612 264.442 0 30 54 4.636363636363637
1874 13031 4590 113 33 7906 50490 16278.950 397 615 265.212 0 30 54 4.636363636363637
1915 13645 4680 113 33 7917 50748 16328.837 397 617 266.442 0 31 54 4.636363636363637
1950 13987 4775 114 34 7920 50807 16332.396 397 619 572.175 0 30 56 4.647058823529412
2011 14236 4926 116 35 7925 50935 16341.828 397 621 871.448 0 31 59 4.6571428571428575
2047 14559 5011 116 35 8364 54071 18153.483 393 624 274.784 0 32 60 4.6571428571428575
2087 14536 5102 117 35 8161 50561 17337.768 393 623 682.632 0 32 60 4.6571428571428575
2139 14918 5214 117 35 7946 51426 16415.697 398 626 295.846 0 31 61 4.6571428571428575
2202 15277 5371 119 35 8180 49799 17390.743 400 625 962.630 0 32 63 4.6571428571428575
2217 15577 5444 123 35 8183 49853 17353.004 401 628 1814.585 0 31 63 4.6571428571428575
2280 16017 5584 123 35 8190 49992 17383.828 405 631 288.447 0 32 64 4.6571428571428575
2323 16455 5684 123 35 8194 50068 17400.536 407 634 289.650 0 33 66 4.6571428571428575
2364 16515 5805 124 35 8199 50186 17417.668 407 633 599.613 0 33 66 4.6571428571428575
2408 16832 5897 126 35 8200 50208 17401.699 409 635 953.857 0 33 69 4.6571428571428575
2445 17237 6018 127 35 8213 50455 17442.228 412 641 678.693 0 35 71 4.6571428571428575
2488 17604 6112 127 35 8000 52673 16542.911 414 640 288.638 0 34 72 4.6571428571428575
2561 18140 6290 129 35 8008 52860 16560.260 417 643 885.186 0 35 73 4.6571428571428575
2641 18690 6479 129 36 8235 50900 17510.540 418 645 302.039 0 35 74 4.694444444444445
2686 18871 6568 131 37 9125 53222 20788.288 420 647 897.992 0 35 77 4.8108108108108105
2729 19753 6671 132 38 8264 51488 17607.047 422 650 653.811 0 36 78 4.842105263157895
2817 20245 6895 132 38 8274 51686 17650.325 425 652 306.318 0 36 80 4.842105263157895
2860 20534 6976 132 38 8283 51858 17688.025 427 655 307.470 0 36 82 4.842105263157895
2938 20686 7156 133 38 8286 51927 17695.711 430 656 570.970 0 36 84 4.842105263157895
3013 21535 7350 134 38 8299 52176 17742.943 432 658 568.754 0 38 86 4.842105263157895
3062 22208 7473 137 39 8319 52579 17796.742 435 661 1277.547 0 38 90 4.871794871794871
3194 22970 7797 137 39 8337 52951 17871.563 438 663 309.708 0 40 90 4.871794871794871
3274 23454 7975 141 39 8095 54908 16803.633 442 668 1598.667 0 39 93 4.871794871794871
3317 23607 8083 141 39 8610 51133 18908.855 441 668 314.617 0 41 96 4.871794871794871
3387 24369 8241 143 39 8623 51348 18937.802 446 672 983.014 0 41 98 4.871794871794871
3448 24546 8393 146 39 8629 51456 18923.240 447 675 1361.363 0 40 98 4.871794871794871
3546 24994 8667 149 40 8634 51552 18917.704 450 677 1147.678 0 42 101 4.925
3614 25822 8841 150 40 9609 52993 22162.377 453 681 651.987 0 42 104 4.925
3732 25992 9133 151 40 9625 53165 22217.536 455 681 573.854 0 42 104 4.925
3828 27286 9361 152 40 8680 52344 19082.140 459 685 613.441 0 44 109 4.925
3905 27280 9547 155 40 8428 54782 18022.117 461 690 1221.600 0 44 109 4.925
4010 28617 9814 156 41 9341 55994 21363.776 463 692 627.353 0 46 114 4.975609756097561
4112 29176 10073 160 41 8197 57280 17016.029 467 694 1536.819 0 46 117 4.975609756097561
4203 29258 10310 164 41 7772 61820 15198.638 470 696 1210.793 0 46 119 4.975609756097561
4282 30423 10506 164 42 10309 54083 24204.592 470 701 319.213 0 48 122 5.071428571428571
4392 31244 10763 166 42 8493 56080 18174.425 475 706 885.572 0 48 125 5.071428571428571
4511 31976 11020 170 42 8513 56494 18241.519 475 709 1019.676 0 50 128 5.071428571428571
4606 32706 11273 170 42 9113 53080 20528.951 470 712 327.041 0 51 132 5.071428571428571
4730 33532 11532 173 42 9134 53340 20578.910 470 716 1133.908 0 49 134 5.071428571428571
4820 33788 11766 175 42 9144 53475 20597.912 472 718 885.457 0 50 140 5.071428571428571
4961 34476 12093 177 42 7843 64069 15418.907 476 724 731.847 0 50 138 5.071428571428571
5072 35259 12416 178 43 9950 56751 23203.591 480 725 473.927 0 51 142 5.162790697674419
5169 35836 12623 181 43 9593 59223 22113.416 484 730 1150.619 0 53 145 5.162790697674419
5294 36994 13024 182 44 9631 59710 22256.766 490 734 583.819 0 55 151 5.25
5454 37632 13437 182 44 9653 59990 22344.818 494 738 335.258 0 55 152 5.25
5575 38344 13713 182 44 8662 59480 18738.438 496 742 340.868 0 56 158 5.25
5655 38513 13895 184 44 8674 59723 18775.842 500 747 707.435 0 56 160 5.25
5801 39974 14236 186 44 8700 60244 18869.503 505 752 719.731 1 58 164 5.25
5912 40381 14569 187 45 10699 57784 25442.189 505 758 672.176 0 61 169 5.377777777777778
6059 41807 14884 188 45 10721 57999 25519.173 505 761 559.011 0 62 172 5.377777777777778
6195 42018 15198 190 45 10730 58085 25534.437 505 764 851.368 0 63 176 5.377777777777778
6311 42749 15470 193 45 8213 66022 16829.854 499 769 1141.026 0 64 179 5.377777777777778
6466 44451 15825 193 46 8810 62448 19232.407 501 778 357.187 0 66 187 5.391304347826087
6607 45308 16151 194 46 8523 64880 18067.350 501 781 557.716 0 65 184 5.391304347826087
6769 46215 16494 195 46 8542 65322 18128.883 501 788 625.928 0 66 192 5.391304347826087
6986 46842 16993 197 46 8033 70056 16049.012 501 791 654.832 0 67 194 5.391304347826087
7107 47392 17259 200 46 8044 70414 16089.157 495 796 689.990 0 69 199 5.391304347826087
7247 48210 17592 202 47 9620 59868 22240.036 499 802 689.733 1 68 202 5.446808510638298
7361 49538 17811 203 47 9661 60482 22389.660 507 809 586.478 0 69 213 5.446808510638298
7551 50747 18248 203 47 9341 63759 21214.307 513 815 401.182 0 71 218 5.446808510638298
7682 50776 18528 205 47 9356 64023 21246.630 517 815 942.995 0 71 223 5.446808510638298
7853 51718 18839 208 47 9008 66434 19871.517 523 824 1251.428 0 74 224 5.446808510638298
8033 52625 19254 209 47 9033 66925 19960.711 528 829 614.641 0 75 229 5.446808510638298
8275 54327 19771 210 48 9434 65378 21495.423 534 835 572.167 0 76 234 5.479166666666667
8406 54910 19980 212 48 9874 63650 23117.468 540 840 739.807 0 76 238 5.479166666666667
8618 56628 20454 215 48 9120 68671 20256.156 548 852 1271.777 0 80 245 5.479166666666667
8883 57030 21066 216 48 11512 65502 28151.539 552 855 570.269 0 76 247 5.479166666666667
9111 59270 21565 217 48 9175 69789 20465.769 561 863 703.000 0 77 258 5.479166666666667
9284 60671 21929 219 49 11682 67114 28732.131 567 871 1005.128 0 77 263 5.571428571428571
9502 62226 22455 223 50 13151 63465 32064.275 575 876 1482.906 0 80 274 5.72
9743 63031 22997 226 50 12492 66219 30775.814 579 884 1188.712 0 79 276 5.72
9971 64925 23541 231 50 12545 66649 30904.682 591 891 1682.723 0 82 284 5.72
10200 65323 24026 234 50 11284 71455 27626.320 594 898 1171.056 0 83 290 5.72
10398 67681 24454 243 50 8646 77754 18155.052 605 907 2451.432 0 83 294 5.72
10615 68793 24966 244 51 9807 71830 22560.927 609 910 629.615 0 82 300 5.745098039215686
10889 70090 25605 245 51 9846 72496 22698.149 617 920 669.833 0 83 302 5.745098039215686
11169 71426 26189 247 51 9456 75421 21245.917 627 930 756.445 0 85 317 5.745098039215686
11414 73063 26754 248 51 10422 71811 24786.373 635 937 601.500 0 85 330 5.745098039215686
11700 75636 27362 248 51 9545 77207 21575.805 648 948 479.649 0 84 337 5.745098039215686
11988 77023 28052 249 52 11739 76462 29116.295 657 960 695.530 0 88 340 5.826923076923077
12236 78435 28556 249 52 12564 75486 31529.568 667 969 500.912 0 87 346 5.826923076923077
12464 78717 29071 252 52 15532 70867 38173.037 670 972 1253.508 0 89 356 5.826923076923077
12805 81134 29828 254 52 12700 76769 31942.590 670 985 1012.205 0 87 362 5.826923076923077
13087 81485 30467 256 52 12760 77344 32139.293 673 996 949.039 0 88 378 5.826923076923077
13398 84134 31195 256 52 12874 78422 32553.266 685 1006 531.605 0 87 381 5.826923076923077
13640 84499 31735 259 52 11487 83483 28436.238 685 1008 1124.471 0 88 394 5.826923076923077
13989 85955 32491 262 52 11561 84423 28655.537 685 1026 1385.321 0 86 388 5.826923076923077
14283 88344 33108 263 52 10433 82642 24755.683 685 1040 781.894 0 88 413 5.826923076923077
14633 90067 33852 267 52 9506 87821 21267.022 697 1046 1310.670 2 91 422 5.826923076923077
14934 91840 34486 270 53 16620 77451 41438.878 706 1062 1082.226 0 88 422 5.981132075471698
15334 92413 35379 273 53 11169 82915 27282.563 718 1072 1347.022 0 91 434 5.981132075471698
15655 94554 36097 275 54 14510 82702 37154.911 727 1081 1114.102 0 89 442 6.092592592592593
16077 96946 36989 277 54 11303 84912 27704.479 738 1094 1103.570 0 91 454 6.092592592592593
16482 99936 37867 281 54 11385 86141 27967.174 755 1108 1392.940 1 92 458 6.092592592592593
16816 100510 38573 286 54 10823 89379 25933.298 764 1112 1572.420 0 92 486 6.092592592592593
17227 102431 39433 287 54 14986 86583 38609.872 775 1126 884.143 0 93 478 6.092592592592593
17619 104337 40309 290 55 11580 89031 28541.537 787 1137 1379.538 0 93 491 6.127272727272727
18096 108170 41336 297 55 15287 89042 39481.782 802 1155 2160.660 0 94 511 6.127272727272727
18484 110054 42170 297 55 14344 92370 37158.781 817 1172 640.421 3 96 534 6.127272727272727
18903 110630 43102 299 55 10521 96820 24718.490 817 1178 1091.207 0 97 525 6.127272727272727
19306 112932 43926 304 55 11199 95889 27086.440 817 1190 1385.569 0 98 538 6.127272727272727
19719 115096 44758 308 56 17101 91229 44059.125 829 1204 1323.893 0 99 557 6.25
20162 118247 45645 309 56 12066 96262 30050.484 845 1219 954.537 3 101 560 6.25
20713 120403 46874 312 56 12983 95438 33119.149 865 1237 1138.304 2 105 586 6.25
21150 122756 47795 318 56 14034 94560 36372.721 877 1253 2013.877 0 105 611 6.25
21643 124757 48894 319 56 12320 100041 30834.487 892 1263 1021.163 0 104 626 6.25
22124 127466 49856 323 57 19762 96459 50499.827 907 1281 1674.923 0 104 640 6.350877192982456
22654 129693 51012 327 57 11722 104921 28699.048 923 1303 1733.823 0 105 643 6.350877192982456
23293 132681 52418 331 57 11108 108602 26501.296 937 1315 1508.541 1 103 646 6.350877192982456
23790 134741 53457 337 57 13602 103371 34891.049 956 1331 1820.807 4 107 687 6.350877192982456
24321 135211 54653 340 57 12751 106466 32072.562 967 1343 1284.479 0 105 675 6.350877192982456
24865 137497 55746 345 57 16069 108738 42280.387 981 1361 1923.562 0 104 706 6.350877192982456
25418 141014 56888 350 57 16272 110660 42895.661 1000 1379 1910.480 0 109 722 6.350877192982456
25994 143416 58064 356 57 13093 111546 32997.806 1026 1401 2339.278 0 113 749 6.350877192982456
26495 145603 59061 358 57 15317 108712 40139.239 1041 1421 1113.897 0 111 766 6.350877192982456
27065 146187 60267 361 58 19878 110746 52065.940 1041 1434 1607.773 0 113 781 6.431034482758621
27624 150270 61421 363 58 15640 112268 41130.249 1056 1460 1422.190 2 117 786 6.431034482758621
28346 153122 62885 365 58 13534 118117 34410.271 1076 1479 1245.104 0 118 787 6.431034482758621
28929 155053 64098 368 58 14736 117888 38314.314 1099 1499 1433.601 0 121 823 6.431034482758621
29600 156050 65582 371 58 16081 117135 42518.136 1114 1514 1557.776 0 119 854 6.431034482758621
30307 159426 67023 375 58 12920 125643 32253.554 1134 1540 2056.376 0 114 855 6.431034482758621
31050 162153 68429 377 58 17904 126144 47826.747 1157 1555 1331.106 2 118 880 6.431034482758621
31841 164793 69841 382 58 18099 127995 48346.942 1180 1586 2315.202 0 118 882 6.431034482758621
32505 167016 71111 387 59 26871 121878 68039.260 1209 1603 2161.207 0 121 939 6.576271186440678
33282 170443 72723 389 59 17022 127497 45282.683 1235 1639 1541.496 0 116 944 6.576271186440678
34067 172967 74208 391 59 17227 129757 45924.647 1257 1663 1505.581 1 119 945 6.576271186440678
34837 175715 75717 395 59 19065 137163 51290.343 1285 1683 1929.005 0 121 969 6.576271186440678
35627 178930 77259 399 59 14918 138700 38619.334 1292 1721 2082.957 0 123 990 6.576271186440678
36283 183927 78326 401 59 26351 136318 69077.085 1322 1751 1483.676 2 120 1000 6.576271186440678
37185 184215 80126 403 59 19837 144486 53632.756 1352 1777 1751.166 0 124 1000 6.576271186440678
37997 186529 81610 404 59 22109 144751 59817.427 1376 1805 1394.621 4 123 1000 6.576271186440678
38618 191380 82654 408 59 18634 145276 50236.675 1413 1841 2520.135 1 124 1000 6.576271186440678
39202 193386 83617 409 59 28058 146644 73982.844 1444 1873 1437.240 1 127 1000 6.576271186440678
40006 193689 85169 415 59 17388 151849 46339.871 1463 1898 3190.576 0 123 1000 6.576271186440678
40732 198160 86391 421 59 17649 155196 47084.013 1505 1930 2584.919 2 124 1000 6.576271186440678
41363 199937 87530 426 59 23822 158740 64610.419 1538 1963 2776.739 1 129 1000 6.576271186440678
41865 201180 88332 430 59 24133 161278 65515.784 1573 1989 2307.751 2 129 1000 6.576271186440678
42488 200201 89537 438 59 18225 162573 48468.791 1590 2022 4061.619 0 129 1000 6.576271186440678
43383 203887 91780 444 60 38065 156909 93902.866 1620 2056 2864.068 4 128 1000 6.733333333333333
43984 205740 92698 447 60 17033 170178 44721.076 1656 2086 2179.570 1 125 1000 6.733333333333333
44563 207779 94240 451 61 28218 169368 75745.841 1686 2114 2165.984 1 125 1000 6.836065573770492
45349 212696 95519 455 61 23316 170295 63362.493 1730 2159 2586.824 3 127 1000 6.836065573770492
45862 211241 96457 462 61 17597 178574 46208.963 1752 2181 3816.413 0 127 1000 6.836065573770492
46523 213348 97792 463 61 19526 179239 52087.583 1782 2209 1616.238 0 127 1000 6.836065573770492
47330 218473 99180 465 61 24231 178977 65824.179 1831 2260 2070.955 1 127 1000 6.836065573770492
47800 217005 100127 469 61 22039 182808 59468.159 1829 2281 2640.348 0 127 1000 6.836065573770492
48530 218450 101378 474 61 30698 186796 82410.539 1865 2316 2988.709 3 132 1000 6.836065573770492
49057 220371 102315 477 61 27814 191341 75416.354 1892 2347 2468.459 2 130 1000 6.836065573770492
49690 224319 103148 479 61 25434 190392 69115.398 1937 2388 2368.056 2 130 1000 6.836065573770492
50099 221463 103670 484 61 20874 196504 55820.217 1962 2416 2861.132 0 132 1000 6.836065573770492
50681 222710 104589 484 61 21106 199471 56575.186 1998 2452 1654.021 1 127 1000 6.836065573770492
51126 226538 105112 490 61 23743 201593 64345.071 2045 2500 2829.482 4 129 1000 6.836065573770492
51696 227432 105930 495 61 21681 206831 58128.008 2082 2533 3282.976 1 126 1000 6.836065573770492
52244 225306 106865 497 61 21819 208604 58502.762 2102 2560 2255.187 0 127 1000 6.836065573770492
52851 230810 108118 503 62 70801 198381 148212.543 2149 2605 2881.954 3 128 1000 7.032258064516129
53214 231015 108562 506 62 22441 216565 60371.815 2194 2644 2891.666 0 125 1000 7.032258064516129
53667 232415 109537 509 63 39599 216464 104687.258 2237 2684 2782.295 3 129 1000 7.142857142857143
54071 229435 110187 517 63 35462 220282 95227.935 2259 2689 4700.868 0 130 1000 7.142857142857143
54639 230539 111050 520 63 25663 222749 69399.352 2292 2749 2939.754 0 127 1000 7.142857142857143
55143 235547 111797 524 64 87255 213056 169495.946 2322 2806 2604.697 2 129 1000 7.34375
55825 236921 112960 530 64 29507 229033 80158.560 2366 2840 4210.677 2 129 1000 7.34375
56389 234368 113984 537 64 37400 233905 100291.348 2399 2873 3465.026 1 131 1000 7.34375
56732 238942 114428 541 64 15059 251614 37253.884 2446 2920 3520.314 3 128 1000 7.34375
57559 240390 115765 550 64 43654 240995 114732.898 2491 2964 3032.964 1 129 1000 7.34375
58122 237144 116695 554 64 18299 253039 47299.307 2524 2992 3553.054 0 131 1000 7.34375
58395 237442 116950 555 64 39497 248646 105583.640 2557 3043 2262.542 1 128 1000 7.34375
58924 237941 117752 557 64 74750 241459 166591.992 2605 3083 2670.980 1 125 1000 7.34375
59373 242444 118378 564 64 40806 257844 108900.263 2644 3138 5062.177 3 124 1000 7.34375
59764 242685 118758 570 64 36715 264027 98722.803 2696 3190 4592.498 2 127 1000 7.34375
60189 239613 119612 574 64 41645 263738 110759.793 2706 3212 3527.807 0 121 1000 7.34375
60347 239978 119636 579 64 29659 266798 79604.516 2758 3256 4200.435 0 123 1000 7.34375
60619 244549 119783 585 64 43018 273392 114145.164 2824 3332 3801.217 0 123 1000 7.34375
60938 240922 120184 591 64 34094 272555 91349.860 2852 3356 4656.015 1 123 1000 7.34375
61657 245754 121075 600 64 34715 278448 92752.080 2936 3422 5085.092 2 126 1000 7.34375
62148 242291 121967 606 64 31111 282813 82773.303 2947 3444 4299.751 0 125 1000 7.34375
62431 243466 122570 613 65 74786 278539 174507.286 2975 3479 4426.140 0 121 1000 7.476923076923077
62942 243571 123105 616 65 99139 279359 206055.622 3044 3535 3501.864 3 125 1000 7.476923076923077
63533 248329 123790 621 65 101004 284688 209845.619 3070 3612 4653.351 0 120 1000 7.476923076923077
63789 243777 124085 628 65 53060 297901 136594.965 3100 3628 5364.817 0 120 1000 7.476923076923077
64337 248127 124515 632 65 37286 302837 98657.262 3175 3700 4038.264 0 119 1000 7.476923076923077
64482 243210 124491 641 66 104783 295487 217225.982 3205 3728 5430.939 1 120 1000 7.651515151515151
64728 242814 124466 644 66 42865 307051 112409.134 3253 3766 3904.939 2 120 1000 7.651515151515151
65152 246440 124528 646 66 56236 317115 144142.001 3333 3851 3414.873 4 125 1000 7.651515151515151
65442 241969 124799 650 66 95580 310617 210782.644 3365 3869 3913.035 0 119 1000 7.651515151515151
65782 247144 124875 655 66 74865 321835 181375.684 3430 3956 4853.362 1 116 1000 7.651515151515151
65918 246341 124776 662 66 45353 327363 118481.437 3477 4009 5798.245 1 116 1000 7.651515151515151
66225 246151 124806 667 66 59199 335035 150853.901 3537 4064 4832.105 0 116 1000 7.651515151515151
66803 246172 125364 670 66 59981 339769 152903.554 3597 4114 3627.558 1 115 1000 7.651515151515151
67091 246361 125432 674 66 36806 345589 96286.733 3646 4174 4442.601 2 114 1000 7.651515151515151
67769 246711 126234 680 66 42063 348158 109822.525 3700 4235 4339.621 2 114 1000 7.651515151515151
68106 246491 126497 683 66 80977 349225 195120.686 3750 4289 3743.840 1 113 1000 7.651515151515151
68585 242124 127082 690 66 42737 354556 111177.370 3782 4295 6203.693 0 115 1000 7.651515151515151
68980 243046 127433 697 66 33939 363829 88179.110 3825 4354 4981.595 1 111 1000 7.651515151515151
69164 242450 127283 708 66 64086 357401 161237.580 3882 4402 5610.394 1 109 1000 7.651515151515151
69514 242643 127304 715 66 30840 375615 79619.903 3939 4469 5873.249 2 109 1000 7.651515151515151
69810 246988 126996 723 67 98810 371211 226221.322 4026 4554 4512.815 4 112 1000 7.791044776119403
70287 243243 127677 727 67 51384 376618 131466.597 4046 4576 4819.329 0 108 1000 7.791044776119403
70635 243986 127946 736 67 45823 383831 117465.331 4106 4651 6026.379 2 107 1000 7.791044776119403
71300 248545 128179 739 67 53032 390072 135133.804 4206 4751 4349.295 0 111 1000 7.791044776119403
71654 244118 128575 747 67 90339 391184 213515.750 4228 4749 6333.961 1 109 1000 7.791044776119403
71633 243547 128033 750 67 53932 397428 136730.630 4286 4827 4681.969 1 107 1000 7.791044776119403
71935 243453 128079 754 67 54554 402501 137967.013 4370 4888 5056.447 1 107 1000 7.791044776119403
72076 242824 127776 763 67 48594 410122 122956.475 4419 4949 6591.273 1 108 1000 7.791044776119403
72224 242559 127590 768 67 83009 414189 200469.196 4480 5010 4716.513 1 107 1000 7.791044776119403
72540 246808 127429 773 67 74008 417425 181954.565 4585 5112 5685.008 3 108 1000 7.791044776119403
73045 246873 127932 778 67 98049 425737 229566.864 4653 5175 5801.947 2 108 1000 7.791044776119403
73309 242709 128163 781 67 44827 433998 113029.802 4671 5188 5023.557 0 106 1000 7.791044776119403
73494 241679 127834 788 68 264874 419195 386739.662 4717 5254 5172.484 2 107 1000 8.014705882352942
73354 244470 126988 796 68 67912 441165 167316.988 4809 5360 7781.972 1 105 1000 8.014705882352942
73551 239000 126992 800 68 46244 449619 115879.896 4857 5400 4796.788 2 107 1000 8.014705882352942
73810 243821 126717 803 68 69585 452920 171201.582 4953 5510 4549.959 3 107 1000 8.014705882352942
74109 239378 127037 808 68 47338 461684 118493.540 4977 5534 5391.260 0 102 1000 8.014705882352942
74265 242515 126666 812 68 71108 463625 174397.603 5064 5631 5138.001 3 103 1000 8.014705882352942
74660 242385 126854 817 68 48609 475697 121486.235 5133 5691 5205.783 1 103 1000 8.014705882352942
74752 237085 126660 821 68 143126 468475 306108.104 5152 5717 4700.771 0 101 1000 8.014705882352942
74977 241084 126460 825 68 96498 484424 229185.155 5280 5818 6241.035 1 106 1000 8.014705882352942
75066 240362 126196 826 68 50221 493465 125517.791 5358 5891 4283.722 2 104 1000 8.014705882352942
75609 240461 126752 827 68 86119 490695 208334.345 5410 5960 4531.438 1 102 1000 8.014705882352942
75878 236298 126977 836 68 75630 495411 184282.183 5431 5980 8177.664 0 100 1000 8.014705882352942
76330 236399 127345 838 68 152310 498969 324812.183 5527 6061 4605.922 2 102 1000 8.014705882352942
76645 240330 127074 843 68 102351 514897 242015.433 5636 6170 6945.369 3 103 1000 8.014705882352942
76992 235476 127316 845 68 135549 512927 301523.981 5664 6229 5230.921 0 102 1000 8.014705882352942
77731 240058 127890 846 68 79779 524571 194307.770 5776 6318 4867.216 4 105 1000 8.014705882352942
78110 240180 128226 854 68 61799 535413 152405.133 5855 6398 7873.131 2 100 1000 8.014705882352942
78327 239765 128144 857 68 107229 540297 252387.959 5936 6463 5600.112 2 101 1000 8.014705882352942
78793 240167 128582 863 68 189704 538163 381569.034 6011 6563 7791.678 2 100 1000 8.014705882352942
79094 238434 128412 871 68 126120 551542 287838.269 6097 6639 9226.798 1 103 1000 8.014705882352942
79487 234592 128861 878 68 64128 557509 156851.690 6120 6658 8271.592 0 98 1000 8.014705882352942
79470 238088 128353 883 69 148175 561631 326099.278 6238 6769 6084.426 3 100 1000 8.144927536231885
79760 238133 128373 895 69 65906 574379 160488.462 6317 6865 10948.135 2 101 1000 8.144927536231885
79868 237279 127976 899 69 99936 574282 235844.781 6396 6923 5990.474 2 101 1000 8.144927536231885
80221 233044 128358 900 69 202269 574068 404102.775 6389 6973 5201.386 0 100 1000 8.144927536231885
80574 237181 128187 904 69 206055 584890 411585.325 6516 7085 7014.583 4 102 1000 8.144927536231885
80903 236524 128038 908 69 103550 596147 243775.774 6612 7181 7532.907 3 102 1000 8.144927536231885
80929 231825 127838 911 69 157840 598911 345215.089 6643 7203 6242.207 0 95 1000 8.144927536231885
81393 236271 127743 915 69 438184 596587 571230.275 6777 7367 6964.001 1 100 1000 8.144927536231885
81545 235792 127441 918 69 62225 625786 152294.812 6877 7452 7130.863 2 98 1000 8.144927536231885
81729 231542 127693 921 69 163482 620675 357172.492 6878 7453 5779.324 0 94 1000 8.144927536231885
81725 230066 127065 924 69 94673 629257 225148.980 6948 7555 6993.404 2 94 1000 8.144927536231885
82047 228614 126876 926 69 83430 638313 200295.418 7051 7605 6318.632 3 97 1000 8.144927536231885
82111 232818 126366 927 69 97366 648186 231570.915 7191 7760 5610.644 3 97 1000 8.144927536231885
82390 232965 126599 929 69 304739 645631 530806.526 7262 7857 6642.693 0 96 1000 8.144927536231885
82801 228498 126975 936 69 172987 657341 376662.595 7328 7907 9976.581 1 94 1000 8.144927536231885
82897 228165 126641 937 69 232734 661127 462961.580 7392 7992 6388.427 0 93 1000 8.144927536231885
82933 231724 125992 940 69 273453 671030 511565.287 7539 8127 7890.451 3 91 1000 8.144927536231885
83138 226978 125811 943 69 102131 681674 241380.057 7576 8148 7701.735 0 92 1000 8.144927536231885
83289 226864 125435 945 69 118622 687325 276948.883 7651 8242 6440.543 2 92 1000 8.144927536231885
83411 228131 125172 947 70 375248 686015 600354.062 7730 8338 6861.561 2 94 1000 8.32857142857143
83633 231699 124936 951 70 247757 704059 492222.396 7884 8476 8881.530 3 93 1000 8.32857142857143
84018 231160 124886 958 70 123313 715703 287038.257 7962 8584 11074.139 3 96 1000 8.32857142857143
84411 231261 125288 964 70 124573 723328 289356.969 8041 8660 9119.433 2 94 1000 8.32857142857143
84844 231661 125592 966 70 144934 736629 330711.578 8161 8780 7356.006 1 94 1000 8.32857142857143
84944 226569 125386 969 70 95737 738810 227621.589 8201 8797 7649.857 0 92 1000 8.32857142857143
85206 226183 125341 972 70 225253 741148 468389.146 8283 8879 7163.539 0 93 1000 8.32857142857143
85238 229486 124822 977 70 306068 751249 570148.949 8438 9054 9895.838 4 95 1000 8.32857142857143
85596 225776 125246 982 70 113516 761702 265904.891 8480 9104 10397.673 1 91 1000 8.32857142857143
85757 229498 124962 991 70 203498 775034 438281.113 8637 9235 9812.312 3 94 1000 8.32857142857143
86054 229315 124965 995 70 134265 781963 309719.376 8726 9347 9202.527 1 94 1000 8.32857142857143
86431 228481 124971 998 70 135755 790976 312704.741 8856 9441 8597.944 2 96 1000 8.32857142857143
86607 224019 125110 1002 70 320908 787751 595110.617 8856 9463 9718.329 0 90 1000 8.32857142857143
86827 227342 124730 1008 70 120276 809215 279454.518 9023 9659 11430.815 3 93 1000 8.32857142857143
87375 223262 125286 1012 70 213009 811724 456137.999 9068 9674 8605.061 0 91 1000 8.32857142857143
87276 222829 124731 1019 70 248346 817818 510873.847 9158 9799 11664.639 2 90 1000 8.32857142857143
87564 226391 124453 1021 70 337071 827504 623564.109 9321 9964 8300.919 0 92 1000 8.32857142857143
87586 225390 124104 1024 70 255337 841028 525268.835 9458 10052 9408.095 2 94 1000 8.32857142857143
87641 220281 123932 1028 70 144721 845214 329494.298 9450 10108 10602.210 0 87 1000 8.32857142857143
87706 223402 123380 1037 70 147078 859478 334427.705 9638 10243 11044.008 3 90 1000 8.32857142857143
87920 223083 123235 1039 70 148670 869105 337896.462 9762 10356 8484.132 1 87 1000 8.32857142857143
88344 222909 123448 1041 70 411015 870618 708053.893 9849 10488 9087.992 1 89 1000 8.32857142857143
88820 222827 123751 1045 70 359408 882445 662558.960 9986 10561 11031.718 1 91 1000 8.32857142857143
89270 223014 124089 1047 70 133087 899255 305327.189 10085 10674 9016.017 1 86 1000 8.32857142857143
89541 222604 124011 1052 70 116921 911805 270359.508 10189 10811 11157.139 3 89 1000 8.32857142857143
89852 218408 124199 1058 70 206875 913462 449523.822 10253 10842 10418.727 0 85 1000 8.32857142857143
89899 217323 124041 1062 70 278595 918248 567554.018 10344 10954 11420.717 2 86 1000 8.32857142857143
89648 216404 123387 1065 70 211032 932093 456489.338 10465 11057 10672.403 0 84 1000 8.32857142857143
89907 220413 123025 1069 70 214597 948069 464079.605 10610 11241 10207.036 3 84 1000 8.32857142857143
90162 215875 123085 1074 70 161772 948368 361637.992 10674 11290 11019.874 1 83 1000 8.32857142857143
90407 220342 122883 1078 70 189742 962742 416979.114 10884 11467 11016.308 3 85 1000 8.32857142857143
90646 215308 122909 1082 70 392403 963598 719046.618 10916 11524 11090.713 0 86 1000 8.32857142857143
90976 219384 122728 1083 70 193687 983285 424831.061 11088 11730 9509.206 4 86 1000 8.32857142857143
91320 219004 122704 1088 70 540612 987327 855852.798 11217 11846 12786.121 2 86 1000 8.32857142857143
91594 219089 122637 1096 70 352414 1003132 681047.855 11329 11962 15591.350 1 87 1000 8.32857142857143
91877 218473 122462 1100 70 230900 1021135 495077.206 11474 12095 11409.723 2 89 1000 8.32857142857143
91933 214224 122375 1105 70 357479 1017606 690221.520 11531 12114 12305.056 0 85 1000 8.32857142857143
91759 217931 121874 1108 70 271869 1038773 567254.542 11703 12342 11672.084 3 86 1000 8.32857142857143
91986 213122 121974 1113 70 204453 1039340 443993.392 11737 12366 13130.040 0 84 1000 8.32857142857143
91756 216327 121204 1118 70 495666 1049824 846007.093 11950 12556 12363.447 3 84 1000 8.32857142857143
91719 215127 120958 1122 70 580056 1059199 915930.547 12065 12677 12443.868 2 86 1000 8.32857142857143
91809 210839 120951 1124 70 434218 1066448 791251.469 12086 12745 11264.323 0 82 1000 8.32857142857143
91920 210668 120896 1131 70 138393 1087145 311961.186 12252 12861 15396.724 2 84 1000 8.32857142857143
92189 210369 120868 1133 70 139721 1097989 314687.605 12383 12962 10497.586 1 84 1000 8.32857142857143
92531 211219 121159 1135 71 599826 1095221 946084.998 12495 13095 10080.569 2 84 1000 8.52112676056338
92750 215170 120961 1141 71 293865 1123619 608220.823 12682 13331 15573.429 3 85 1000 8.52112676056338
92886 214209 120641 1141 71 531440 1125557 904995.640 12795 13432 9989.655 2 87 1000 8.52112676056338
92835 213276 120390 1146 71 400533 1140638 768155.210 12920 13579 14613.053 2 85 1000 8.52112676056338
92967 213015 120234 1150 71 195949 1155126 428124.404 13080 13698 13779.996 2 84 1000 8.52112676056338
92915 212531 120115 1159 71 633727 1156994 997491.133 13225 13798 14089.163 2 83 1000 8.52112676056338
93343 212286 120169 1163 71 98310 1188231 231540.435 13301 13958 14063.901 2 83 1000 8.52112676056338
93116 207296 119734 1170 71 113358 1189434 262162.918 13363 13999 12123.758 0 80 1000 8.52112676056338
92951 206401 119246 1175 71 151726 1196030 339080.714 13496 14124 11984.523 2 82 1000 8.52112676056338
93187 206600 119124 1177 71 315074 1205430 645914.616 13627 14263 11382.323 1 81 1000 8.52112676056338
93023 206042 118422 1182 71 425739 1212668 810703.701 13775 14399 14170.250 0 79 1000 8.52112676056338
93447 206109 118738 1187 71 180172 1230201 395457.056 13899 14555 15639.727 1 82 1000 8.52112676056338
93641 205963 118679 1193 71 502607 1234658 905799.728 14076 14683 13392.130 1 77 1000 8.52112676056338
93795 209361 118381 1199 71 380867 1257803 751678.718 14298 14888 17221.098 2 79 1000 8.52112676056338
93709 203973 117916 1204 71 246954 1260643 523136.008 14306 14962 14684.483 1 80 1000 8.52112676056338
93798 207805 117599 1208 71 250862 1280996 530768.573 14562 15168 13816.153 3 81 1000 8.52112676056338
94069 203711 117929 1210 71 251536 1284504 531631.612 14562 15227 12861.543 0 78 1000 8.52112676056338
94229 203245 117714 1218 71 293542 1301873 608300.119 14750 15376 15843.529 2 78 1000 8.52112676056338
94061 206150 116997 1222 71 344300 1318169 697270.941 14956 15586 14148.427 2 79 1000 8.52112676056338
94259 201754 117136 1226 71 258269 1319562 543901.587 14993 15631 14818.743 1 79 1000 8.52112676056338
94589 205725 117059 1229 71 469874 1338792 885125.434 15239 15868 13947.290 0 78 1000 8.52112676056338
94979 205084 117144 1237 71 354348 1356929 713222.465 15353 16053 20100.387 2 81 1000 8.52112676056338
95197 204755 117262 1243 71 744708 1359214 1162546.530 15547 16158 16775.122 1 78 1000 8.52112676056338
95584 205157 117450 1249 71 311902 1384159 640235.990 15664 16349 17934.855 1 78 1000 8.52112676056338
95753 204628 117269 1256 71 314714 1396760 644823.819 15842 16460 17003.805 1 76 1000 8.52112676056338
95493 203356 116596 1263 71 570717 1402179 1015394.852 15981 16631 16950.351 2 79 1000 8.52112676056338
95324 198931 116234 1267 71 493734 1406975 921604.414 16033 16692 16374.632 0 75 1000 8.52112676056338
95634 202675 115873 1273 71 323514 1436201 659360.653 16312 16942 18184.917 3 76 1000 8.52112676056338
95728 201472 115610 1280 71 586341 1440608 1039782.494 16420 17094 17849.901 2 78 1000 8.52112676056338
95863 197372 115590 1283 71 507548 1446450 944042.196 16468 17117 15579.826 1 77 1000 8.52112676056338
96167 197356 115578 1286 71 160244 1469434 356011.921 16622 17288 15609.141 2 77 1000 8.52112676056338
96378 196654 115516 1289 71 446514 1475761 861371.244 16814 17443 13981.375 2 78 1000 8.52112676056338
96118 199964 114747 1297 71 391185 1491823 772812.412 17047 17667 21499.330 2 76 1000 8.52112676056338
96335 198927 114287 1300 71 710189 1503969 1182139.142 17181 17843 16098.910 2 77 1000 8.52112676056338
96444 198741 114246 1305 71 1295097 1510917 1487307.477 17371 18016 18947.377 2 76 1000 8.52112676056338
96596 198063 114149 1307 71 126510 1549391 291607.873 17498 18158 15818.888 1 73 1000 8.52112676056338
96767 194082 114026 1311 72 724830 1534963 1203958.929 17518 18201 14676.976 1 73 1000 8.694444444444445
96723 193951 113702 1314 72 630748 1549833 1109563.345 17742 18353 16778.449 1 72 1000 8.694444444444445
97209 197685 113608 1319 72 477406 1571123 911425.718 17990 18635 18415.257 3 76 1000 8.694444444444445
97323 193342 113555 1325 72 862428 1573715 1334066.057 18043 18669 19370.075 0 71 1000 8.694444444444445
97219 192785 113023 1329 72 311134 1594830 635408.310 18174 18856 18289.989 2 71 1000 8.694444444444445
97392 192491 112944 1332 72 564168 1601052 1036166.578 18336 18983 16302.325 1 73 1000 8.694444444444445
97645 192415 112962 1340 72 1190623 1612274 1535414.256 18519 19173 22300.182 1 71 1000 8.694444444444445
97404 192175 112287 1345 72 1036174 1628834 1474172.709 18673 19332 20226.810 2 72 1000 8.694444444444445
97678 195940 112386 1349 72 502858 1655629 954579.282 18979 19604 19456.006 2 73 1000 8.694444444444445
97583 191135 111859 1353 72 504502 1661087 957131.255 19036 19665 18003.760 1 73 1000 8.694444444444445
97758 194615 111652 1354 72 511707 1685009 971016.061 19301 19938 15539.728 2 75 1000 8.694444444444445
97899 189912 111372 1357 72 442968 1691572 863692.115 19338 20008 17453.166 1 75 1000 8.694444444444445
98012 194078 111185 1361 72 939377 1713924 1449494.304 19605 20314 17754.436 0 77 1000 8.694444444444445
97724 189073 110650 1364 72 522103 1719524 990297.196 19648 20373 18409.685 0 76 1000 8.694444444444445
97487 188564 110109 1370 72 392308 1737312 780641.854 19844 20514 21028.956 1 72 1000 8.694444444444445
97261 187438 109659 1377 72 191029 1761510 418339.898 20021 20675 21632.541 1 74 1000 8.694444444444445
97033 190226 108943 1382 72 722690 1775974 1258138.514 20288 20976 17791.755 0 75 1000 8.694444444444445
97291 189887 109100 1389 72 468554 1790270 904912.378 20479 21163 23338.261 2 74 1000 8.694444444444445
97492 186311 109251 1394 72 405658 1797143 799636.354 20547 21190 20804.444 0 70 1000 8.694444444444445
97443 185602 108879 1397 72 990126 1806395 1521437.206 20701 21381 18111.271 1 71 1000 8.694444444444445
97370 185553 108625 1399 72 860598 1822384 1413434.925 20915 21572 18681.158 2 71 1000 8.694444444444445
97718 189079 108738 1401 72 1578287 1839937 1810654.243 21187 21838 18630.309 3 74 1000 8.694444444444445
97939 185050 108760 1406 72 755376 1856369 1308240.148 21164 21908 22936.060 0 71 1000 8.694444444444445
98025 188581 108494 1408 72 1193714 1875907 1690008.935 21528 22199 19281.960 3 70 1000 8.694444444444445
98365 187684 108608 1414 72 1397487 1891512 1797858.844 21699 22400 24028.697 1 72 1000 8.694444444444445
98456 183725 108662 1417 72 1206271 1895600 1707204.421 21782 22483 20839.999 0 70 1000 8.694444444444445
98669 187379 108588 1422 72 583906 1924716 1087900.431 22067 22769 23326.013 2 69 1000 8.694444444444445
98706 186741 108383 1427 72 378716 1946728 756808.112 22266 22955 22605.343 2 69 1000 8.694444444444445
98970 186502 108531 1428 72 797338 1959577 1375138.488 22458 23161 17741.786 2 70 1000 8.694444444444445
99068 186135 108326 1432 72 516366 1974702 987251.169 22619 23294 21086.689 2 68 1000 8.694444444444445
99452 181985 108491 1439 72 695132 1975299 1248876.223 22676 23391 23374.619 0 69 1000 8.694444444444445
99106 181206 107908 1446 72 942178 1995089 1538761.522 22841 23577 24973.954 2 69 1000 8.694444444444445
99197 180508 107835 1453 72 453880 2013260 885306.407 23068 23764 25784.875 1 67 1000 8.694444444444445
99379 180134 107823 1459 72 1286490 2021408 1816895.738 23228 23953 22704.785 1 67 1000 8.694444444444445
99358 183250 107344 1462 72 721619 2050991 1289748.073 23571 24236 22323.811 0 68 1000 8.694444444444445
99461 179161 107263 1464 72 1127891 2057419 1722150.719 23617 24315 20488.784 1 69 1000 8.694444444444445
99702 178869 107209 1467 72 349377 2083311 708161.227 23805 24509 22245.602 1 68 1000 8.694444444444445
99569 178327 106731 1472 72 546997 2092858 1036410.835 23979 24672 21623.365 0 66 1000 8.694444444444445
99622 182032 106493 1475 72 642523 2119333 1183726.959 24330 25045 21217.609 0 67 1000 8.694444444444445
99918 181855 106267 1478 72 1359923 2136575 1917861.434 24546 25269 22414.254 2 69 1000 8.694444444444445
99922 181645 106176 1478 72 877305 2156265 1500165.686 24750 25430 19220.115 1 67 1000 8.694444444444445
100132 181043 105991 1484 72 1380323 2168568 1945921.003 24911 25667 26373.567 1 68 1000 8.694444444444445
99991 176790 105646 1488 72 491263 2180799 950820.976 24983 25667 24707.454 0 66 1000 8.694444444444445
100305 180163 105275 1492 72 775375 2204607 1377781.446 25332 26042 22505.021 3 67 1000 8.694444444444445
100195 175560 105063 1495 72 578749 2215336 1091576.060 25380 26101 23413.742 0 68 1000 8.694444444444445
99683 175257 103998 1497 72 502952 2233188 970963.738 25621 26283 22319.595 1 65 1000 8.694444444444445
99452 178553 103334 1502 72 684526 2258785 1251846.913 25939 26619 24453.738 3 66 1000 8.694444444444445
99623 178090 103190 1503 72 926982 2278452 1577103.755 26146 26858 21921.812 1 65 1000 8.694444444444445
99762 174135 103332 1510 72 1679268 2271876 2152719.248 26195 26876 29331.993 0 64 1000 8.694444444444445
100076 177916 102971 1512 72 335708 2323416 689630.158 26573 27287 23726.998 3 65 1000 8.694444444444445
100431 174153 102997 1518 72 702579 2318726 1279363.381 26638 27339 23742.265 1 63 1000 8.694444444444445
100656 177237 102657 1520 72 711879 2349603 1296332.906 26997 27693 22786.680 3 65 1000 8.694444444444445
100578 172865 102444 1522 72 1498019 2353152 2106239.119 27059 27803 22353.399 1 64 1000 8.694444444444445
100610 175661 102125 1526 72 1126214 2384693 1817262.867 27384 28097 27610.967 2 66 1000 8.694444444444445
100381 170884 101436 1534 72 723530 2388284 1318350.611 27431 28164 30598.083 1 67 1000 8.694444444444445
100499 170479 101336 1539 72 1530068 2403415 2150254.063 27668 28358 25688.573 1 66 1000 8.694444444444445
100623 170265 101241 1542 72 851511 2422178 1501925.629 27867 28557 26484.294 1 63 1000 8.694444444444445
100536 173191 100663 1545 72 1812420 2451612 2321492.365 28229 28925 24517.598 0 64 1000 8.694444444444445
100783 169110 100734 1552 72 745778 2462152 1358080.294 28289 28966 32945.654 0 63 1000 8.694444444444445
100637 168805 100464 1555 73 2124270 2474279 2432977.768 28460 29241 25216.276 1 64 1000 8.917808219178083
101179 172401 100668 1560 73 566453 2517779 1089455.798 28855 29615 30542.655 0 64 1000 8.917808219178083
101355 168660 100767 1562 73 1380891 2518415 2092008.285 28873 29726 23858.298 0 64 1000 8.917808219178083
101583 171942 100664 1568 73 275849 2566258 600150.292 29259 30057 31765.510 3 65 1000 8.917808219178083
101253 168030 100423 1575 73 319913 2569469 677142.876 29404 30117 25508.934 0 63 1000 8.917808219178083
101347 171477 100178 1579 73 324125 2603865 687337.433 29814 30545 24259.392 3 66 1000 8.917808219178083
101811 171333 100579 1583 73 1233681 2612201 1986616.417 29999 30752 24826.044 1 67 1000 8.917808219178083
101937 171148 100506 1588 73 796566 2630773 1449035.634 30199 30971 29772.754 1 68 1000 8.917808219178083
102209 170877 100409 1594 73 802208 2649505 1459766.936 30468 31195 28969.499 1 67 1000 8.917808219178083
102292 167249 100361 1596 73 693387 2657545 1299995.496 30527 31243 25687.996 0 66 1000 8.917808219178083
102308 169969 100062 1597 73 2671440 2678640 2672189.502 30933 31641 24986.502 2 64 1000 8.917808219178083
101981 165179 99362 1598 73 1096594 2695629 1856037.697 30966 31703 25981.238 1 65 1000 8.917808219178083
102184 164711 99297 1601 73 2324007 2706340 2661880.486 31189 31945 28121.104 1 63 1000 8.917808219178083
102231 167926 99055 1605 73 533863 2754572 1054405.744 31604 32347 31577.019 0 65 1000 8.917808219178083
102269 167970 99048 1607 73 2373173 2763463 2717942.295 31788 32628 26523.798 2 66 1000 8.917808219178083
102576 168138 99176 1610 73 1529206 2788662 2314168.091 32068 32798 30182.010 0 66 1000 8.917808219178083
102992 164730 99509 1617 73 468497 2803948 948916.465 32128 32930 35211.398 1 67 1000 8.917808219178083
102754 166950 98870 1618 73 1337009 2830947 2151679.875 32546 33280 26703.169 2 65 1000 8.917808219178083
102398 163150 98532 1620 73 197594 2856874 478360.419 32605 33341 28103.192 0 61 1000 8.917808219178083
102403 162755 98423 1626 73 1349004 2856339 2168095.729 32800 33578 27967.016 1 63 1000 8.917808219178083
102578 162672 98309 1630 73 1170772 2878076 1976568.359 33095 33810 31404.068 1 61 1000 8.917808219178083
102654 162363 98155 1633 73 1367747 2896020 2198183.904 33323 34038 29679.277 1 62 1000 8.917808219178083
102553 162323 97597 1635 73 1599345 2916464 2415303.696 33558 34307 29773.848 1 62 1000 8.917808219178083
102467 162009 97387 1639 73 1609442 2934862 2431693.819 33790 34522 31980.220 1 62 1000 8.917808219178083
102623 165356 97001 1644 73 669235 2978414 1288906.987 34229 35015 34369.384 3 64 1000 8.917808219178083
102674 161523 96841 1648 73 578498 2986989 1141212.087 34280 35075 31138.499 0 64 1000 8.917808219178083
102769 161295 96759 1650 73 783445 3004937 1464615.560 34539 35312 29651.962 0 62 1000 8.917808219178083
102869 161565 96652 1655 73 1061761 3022997 1860505.670 34817 35545 33967.323 1 61 1000 8.917808219178083
102759 164681 96278 1660 73 1246908 3065341 2097704.587 35240 36022 34874.450 0 63 1000 8.917808219178083
102888 160856 96053 1662 73 1450093 3070345 2320514.591 35256 36097 31392.319 0 63 1000 8.917808219178083
102943 160533 95910 1667 73 805833 3091296 1499556.483 35557 36307 34915.499 1 62 1000 8.917808219178083
102950 164133 95532 1672 73 946897 3129889 1711347.232 35982 36790 32791.365 3 65 1000 8.917808219178083
102704 159917 95234 1680 73 3118463 3125663 3119103.976 36035 36854 38928.368 0 63 1000 8.917808219178083
102566 162941 95000 1682 73 1498011 3171788 2394480.767 36491 37291 32507.580 2 62 1000 8.917808219178083
102571 158581 94470 1685 73 2722301 3169092 3116150.618 36572 37334 33848.347 0 60 1000 8.917808219178083
102322 158209 93983 1689 73 2363924 3196065 3019487.843 36793 37610 36560.324 2 61 1000 8.917808219178083
102095 161345 93460 1693 73 727779 3240791 1383633.072 37276 38072 36965.174 2 59 1000 8.917808219178083
102256 161149 93396 1698 73 733038 3264361 1394996.506 37511 38268 33086.355 1 60 1000 8.917808219178083
102124 157254 92955 1701 73 987970 3266256 1772691.780 37579 38385 33929.733 1 61 1000 8.917808219178083
102054 156789 92668 1704 73 1802156 3286010 2705466.195 37852 38630 34373.076 1 57 1000 8.917808219178083
102130 159682 92549 1706 73 1006214 3326829 1799930.127 38300 39077 34214.860 0 60 1000 8.917808219178083
102426 159517 92819 1711 73 1013095 3349674 1805038.668 38507 39377 39128.752 1 60 1000 8.917808219178083
102685 159163 92875 1722 73 2488932 3364808 3174981.316 38831 39600 43431.863 1 61 1000 8.917808219178083
103084 159145 92993 1727 73 1027015 3395891 1826751.364 38889 39888 39814.844 1 63 1000 8.917808219178083
102729 155026 92534 1731 73 659132 3406846 1267204.477 39155 39947 36807.756 0 59 1000 8.917808219178083
102930 154803 92415 1735 73 2526937 3416109 3222699.058 39448 40188 35468.492 1 58 1000 8.917808219178083
