5 0 0 1 0 7032 56235 13335.312 510 510 510.000 4 4 1 0.0
6 0 0 3 0 7036 45846 13332.416 512 512 29358.000 5 5 1 0.0
7 0 0 4 0 7204 50068 14181.369 512 514 11366.750 0 6 1 0.0
9 0 0 7 0 7204 50096 14140.938 512 515 19119.857 0 6 1 0.0
10 0 0 9 1 7398 50068 15117.239 512 517 10735.111 0 7 1 3.0
10 0 0 9 1 7398 50068 15117.239 506 518 283.889 0 8 1 3.0
12 0 0 9 1 7398 50068 15117.239 506 520 283.444 0 8 1 3.0
9 0 0 12 1 7382 49551 14989.388 506 520 12729.083 0 7 1 3.0
9 0 0 12 1 7382 49551 14989.388 506 521 212.167 0 8 1 3.0
10 0 0 14 2 7382 49551 14964.023 500 523 6826.571 0 8 1 3.0
11 5 2 14 2 7382 49551 14964.023 500 522 180.786 0 8 1 3.0
12 5 2 14 2 7182 49272 13930.504 500 524 216.786 0 8 1 3.0
13 10 4 15 2 7183 49315 13924.861 500 524 3085.400 0 9 1 3.0
12 15 8 17 2 7181 49250 13887.237 495 522 5980.118 0 7 1 3.0
13 50 18 17 3 7175 49035 13856.690 495 521 177.706 0 6 1 2.6666666666666665
15 52 22 17 3 7177 49078 13862.712 495 515 177.176 0 6 1 2.6666666666666665
17 55 24 18 3 7360 48863 14789.388 495 517 2588.444 0 6 1 2.6666666666666665
20 60 28 18 3 7360 48863 14786.487 490 519 195.222 0 7 2 2.6666666666666665
15 49 22 18 3 7360 48863 14786.487 490 519 194.500 0 7 1 2.6666666666666665
14 46 20 18 3 7345 48389 14708.799 490 519 193.944 0 7 1 2.6666666666666665
15 49 21 18 4 7561 48346 15803.968 490 521 221.389 0 7 1 2.75
16 49 22 19 4 7561 48346 15793.229 490 520 2443.632 0 7 1 2.75
18 49 24 19 4 7347 48461 14699.965 490 519 235.368 0 6 1 2.75
18 46 24 21 4 7338 48174 14632.662 485 519 4021.714 0 6 1 2.75
21 56 29 21 4 7338 48174 14632.662 485 513 211.952 0 6 2 2.75
23 69 33 25 4 7334 48031 14559.939 485 513 7415.920 0 6 2 2.75
26 75 36 25 4 7334 48031 14559.939 485 517 177.960 0 7 2 2.75
22 72 32 25 4 7325 47744 14513.320 480 516 177.400 0 8 2 2.75
24 78 34 25 4 7325 47744 14513.320 480 518 177.560 0 7 2 2.75
26 87 38 25 4 7322 47658 14499.512 482 518 177.120 0 8 2 2.75
29 113 42 25 5 7331 47937 14544.801 482 518 197.120 0 8 2 2.6
33 124 47 26 5 7327 47830 14513.901 477 520 2032.846 0 8 2 2.6
37 165 55 26 6 7327 47830 14513.901 477 519 189.231 0 8 2 2.6666666666666665
41 181 63 26 6 7317 47507 14461.542 477 519 188.615 0 8 2 2.6666666666666665
42 175 66 26 6 7317 47507 14461.542 477 517 188.692 0 7 2 2.6666666666666665
41 167 66 27 6 7315 47443 14442.291 472 517 1542.444 0 6 2 2.6666666666666665
43 182 70 28 6 7315 47443 14431.276 472 517 1663.250 0 6 2 2.6666666666666665
47 196 77 28 6 7308 47227 14396.521 472 519 174.821 0 6 2 2.6666666666666665
53 205 87 29 6 7310 47270 14392.580 472 519 1599.448 0 6 2 2.6666666666666665
58 235 93 29 7 7498 46625 15327.541 467 521 185.069 0 7 3 2.857142857142857
58 239 95 29 7 7498 46625 15327.541 467 521 185.034 0 8 3 2.857142857142857
62 261 104 29 7 7312 47331 14396.489 467 521 201.759 0 8 3 2.857142857142857
66 286 113 29 7 7313 47365 14401.838 467 521 201.759 0 7 3 2.857142857142857
69 349 120 31 8 7315 47434 14392.974 462 515 2712.581 0 8 3 2.875
73 364 125 32 8 7312 47348 14370.119 462 517 1329.312 0 8 3 2.875
73 369 129 32 8 7310 47279 14359.122 462 519 182.531 0 9 3 2.875
75 378 134 32 8 7311 47313 14364.568 462 519 182.500 0 9 3 2.875
80 398 144 33 8 7169 42848 13637.468 457 519 1625.303 0 9 3 2.875
80 408 142 33 9 7685 47055 16156.689 457 519 205.364 0 9 3 3.0
87 417 158 34 9 7685 47055 16141.239 457 513 1371.206 0 9 3 3.0
90 437 166 35 9 7685 47055 16131.619 457 517 1331.886 0 11 3 3.0
96 488 181 35 10 7667 46684 16039.630 452 520 192.743 0 12 4 3.2
99 513 195 35 10 7667 46684 16039.630 452 519 192.857 0 12 4 3.2
102 511 205 35 10 7667 46684 16039.630 452 519 192.543 0 11 4 3.2
103 509 208 35 10 7469 45850 15103.740 452 518 219.400 0 10 4 3.2
104 547 215 35 11 7469 45850 15100.819 447 519 219.543 0 11 4 3.272727272727273
107 573 225 36 11 7469 45850 15088.339 447 518 1486.944 0 10 4 3.272727272727273
114 621 241 36 11 7459 45563 15035.298 447 520 213.056 0 10 4 3.272727272727273
120 632 257 36 11 7456 45477 15019.399 447 520 213.139 0 10 4 3.272727272727273
128 664 276 37 11 7460 45592 15030.461 442 520 1287.703 0 11 5 3.272727272727273
130 684 279 37 11 7469 45850 15078.104 442 520 219.757 0 11 5 3.272727272727273
139 737 305 37 12 7465 45743 15058.173 442 514 219.541 0 11 5 3.3333333333333335
138 740 303 38 12 7465 45743 15047.959 442 518 1271.763 0 12 5 3.3333333333333335
143 753 311 40 12 7457 45528 14989.887 437 519 2093.675 0 12 5 3.3333333333333335
150 784 325 40 12 7459 45571 14997.843 437 519 202.550 0 12 5 3.3333333333333335
150 828 326 40 12 7457 45506 14985.991 437 519 202.675 0 12 5 3.3333333333333335
148 805 323 40 12 7458 45549 14993.887 437 519 202.500 0 13 5 3.3333333333333335
152 840 335 42 13 7454 45441 14953.514 432 520 2117.786 0 12 5 3.3076923076923075
159 851 350 42 13 7454 45441 14953.514 432 519 192.881 0 12 5 3.3076923076923075
162 883 357 42 13 7446 45226 14914.091 432 520 192.786 0 11 6 3.3076923076923075
165 891 363 42 13 7447 45248 14918.109 432 522 192.857 0 12 6 3.3076923076923075
174 909 381 42 13 7446 45226 14914.091 427 522 192.714 0 12 6 3.3076923076923075
175 910 384 42 13 7446 45226 14914.091 427 524 192.786 0 13 6 3.3076923076923075
179 991 391 43 14 7452 45368 14930.056 429 524 1123.977 0 13 6 3.357142857142857
186 1041 412 43 14 7455 45454 14945.781 431 524 199.535 0 13 6 3.357142857142857
194 1110 433 43 15 7611 45573 15674.532 431 524 209.977 0 13 7 3.466666666666667
194 1093 434 43 15 7613 45598 15680.753 432 525 210.023 0 12 6 3.466666666666667
201 1189 453 43 15 7316 47471 14265.700 432 527 221.605 0 13 7 3.466666666666667
214 1264 489 43 15 7318 47529 14274.605 434 527 221.814 0 13 7 3.466666666666667
231 1342 529 43 16 7868 50726 16834.846 434 529 232.349 0 14 7 3.625
237 1398 544 45 16 7868 50726 16817.360 434 529 1924.289 0 14 8 3.625
236 1465 543 45 16 7868 50726 16817.360 436 528 222.511 0 14 8 3.625
242 1507 557 45 16 7618 45703 15691.530 431 529 243.889 0 14 8 3.625
247 1546 570 45 16 7621 45777 15709.689 431 532 244.156 0 14 8 3.625
255 1654 598 45 17 7628 45914 15743.189 431 533 254.511 0 14 8 3.7058823529411766
265 1705 625 46 17 7628 43991 15727.291 431 533 1090.609 0 14 8 3.7058823529411766
275 1765 649 46 17 7629 44026 15734.514 426 533 249.261 0 14 9 3.7058823529411766
285 1860 678 47 17 7838 44981 16644.119 426 535 1190.170 0 15 9 3.7058823529411766
289 1919 694 47 17 7838 44981 16644.119 426 535 253.617 0 15 9 3.7058823529411766
289 1932 688 47 18 7838 44981 16644.119 426 535 253.745 0 17 9 3.8333333333333335
304 2073 722 47 18 7816 44610 16540.127 421 535 254.128 0 18 10 3.8333333333333335
312 2075 744 48 18 7643 44344 15775.412 421 536 1143.958 0 17 10 3.8333333333333335
318 2102 761 48 18 7345 48371 14360.785 421 538 269.104 0 18 10 3.8333333333333335
321 2181 770 49 18 7345 48371 14349.317 421 537 1130.592 0 16 10 3.8333333333333335
325 2242 780 49 18 7345 48396 14353.220 416 536 263.959 0 17 10 3.8333333333333335
339 2312 814 49 18 7344 48359 14347.534 420 538 264.041 0 17 10 3.8333333333333335
349 2410 833 50 19 7504 46797 15112.156 420 539 928.760 0 17 11 3.8421052631578947
351 2473 842 52 19 7668 44928 15837.271 420 538 1755.115 0 16 11 3.8421052631578947
363 2503 871 52 19 7663 44830 15816.730 417 540 267.423 0 16 11 3.8421052631578947
366 2536 878 55 20 7658 44707 15757.744 415 539 2599.545 0 16 11 3.9
371 2619 883 56 20 7661 44768 15760.936 419 541 950.357 0 16 12 3.9
366 2628 879 56 20 7658 44710 15745.849 419 540 256.429 0 16 11 3.9
376 2652 894 57 20 7839 45005 16522.792 419 542 1044.316 0 15 12 3.9
370 2645 889 58 20 7845 45104 16539.221 421 541 996.121 0 15 12 3.9
377 2850 923 58 21 7848 45153 16552.778 421 540 255.897 0 15 12 4.0
385 2886 936 59 21 7844 45079 16523.732 423 542 895.000 0 15 12 4.0
394 2898 961 59 21 7844 45079 16523.732 423 544 251.881 0 15 12 4.0
411 2977 1007 60 21 7844 45079 16514.980 423 543 879.250 0 15 12 4.0
419 3108 1035 60 21 7658 44712 15700.299 423 544 255.617 0 15 13 4.0
432 3244 1069 60 22 7663 44808 15720.163 425 544 255.917 0 15 13 3.9545454545454546
433 3181 1067 61 22 7665 44875 15721.941 425 546 986.426 0 16 14 3.9545454545454546
440 3243 1100 62 22 8115 49780 17621.738 425 545 891.419 0 15 14 3.9545454545454546
447 3332 1121 63 22 8115 49780 17611.497 425 547 927.079 0 15 14 3.9545454545454546
462 3388 1158 63 22 7864 45425 16550.610 425 548 258.651 0 15 14 3.9545454545454546
459 3440 1151 64 23 7864 45425 16540.599 420 550 781.969 0 15 14 4.043478260869565
466 3435 1169 66 23 7865 45444 16527.560 420 550 1416.697 0 16 14 4.043478260869565
482 3540 1214 67 23 7862 45407 16506.345 420 551 892.582 0 17 15 4.043478260869565
485 3587 1222 67 23 7858 45332 16486.080 420 550 244.149 0 15 15 4.043478260869565
480 3557 1210 67 24 7857 45314 16481.067 415 548 244.254 0 15 15 4.125
505 3622 1266 68 24 7861 45388 16490.239 415 554 877.912 0 16 15 4.125
524 3857 1330 68 24 7388 49734 14350.414 415 553 249.162 0 15 16 4.125
531 3890 1348 68 24 7389 49756 14353.648 415 554 249.456 0 16 16 4.125
541 3965 1377 69 24 7397 50010 14387.264 410 554 640.261 0 15 16 4.125
558 4250 1421 70 25 7396 50001 14375.815 410 556 802.114 0 16 17 4.08
568 4393 1452 72 25 7400 50116 14374.559 410 558 1272.139 0 17 17 4.08
569 4432 1453 72 25 7399 50087 14370.197 412 558 244.389 0 17 17 4.08
565 4475 1446 72 25 7561 48346 15138.159 412 558 251.958 0 16 17 4.08
570 4582 1457 72 26 8110 49694 17481.244 412 560 258.236 0 17 17 4.1923076923076925
568 4643 1458 72 26 8115 49780 17504.483 414 559 258.653 0 17 18 4.1923076923076925
575 4652 1469 73 26 7902 46092 16631.330 414 561 844.849 0 16 17 4.1923076923076925
576 4830 1475 73 27 7906 46151 16647.554 414 562 262.000 0 16 17 4.2592592592592595
587 4882 1506 73 27 7908 46196 16659.533 416 562 262.301 0 17 18 4.2592592592592595
603 5071 1545 74 27 7906 46166 16642.351 416 564 786.257 0 17 18 4.2592592592592595
624 5169 1596 75 27 7908 46196 16641.111 418 564 775.653 0 17 19 4.2592592592592595
643 5286 1646 75 27 7928 46536 16733.412 418 565 262.693 0 17 19 4.2592592592592595
649 5425 1670 77 28 7929 46561 16721.177 420 563 1287.675 0 17 20 4.321428571428571
661 5541 1704 77 28 7930 46573 16724.369 422 566 256.519 0 17 20 4.321428571428571
671 5621 1729 77 28 7927 46524 16711.203 422 567 256.831 0 17 20 4.321428571428571
682 5724 1761 77 28 7932 46610 16734.445 421 567 257.182 0 16 20 4.321428571428571
700 5838 1802 78 28 8155 50468 17627.743 423 568 834.744 0 17 21 4.321428571428571
727 6050 1869 79 29 8162 50583 17647.716 425 568 805.152 0 18 21 4.413793103448276
735 6122 1888 79 29 8162 50583 17647.716 425 572 257.658 0 18 22 4.413793103448276
755 6217 1938 79 29 7590 49110 15204.106 426 572 264.418 0 18 23 4.413793103448276
778 6381 2004 79 29 7593 49217 15207.606 427 574 277.506 0 19 23 4.413793103448276
807 6565 2078 81 29 7596 49274 15197.621 427 576 1245.654 0 19 24 4.413793103448276
829 6691 2137 81 29 7599 49360 15212.593 429 576 271.494 0 19 24 4.413793103448276
844 6876 2180 81 30 7599 49360 15212.593 429 578 271.815 0 19 25 4.4
865 7120 2241 81 30 7775 47431 16008.034 431 577 278.543 0 20 25 4.4
892 7378 2323 81 30 8493 50296 18888.972 431 581 284.531 0 20 26 4.4
911 7562 2382 81 30 8493 50296 18883.019 431 581 285.074 0 20 27 4.4
939 7714 2453 81 31 8493 50296 18883.019 431 583 285.494 0 21 27 4.516129032258065
975 7842 2543 82 31 8201 45962 17758.218 426 583 750.683 0 22 28 4.516129032258065
1010 8042 2643 83 31 8493 50296 18850.227 426 583 821.289 0 20 29 4.516129032258065
1012 8206 2638 84 31 8493 50296 18831.251 426 587 800.702 0 22 30 4.516129032258065
1051 8383 2750 87 32 8493 50296 18801.083 426 587 1764.230 0 22 31 4.625
1080 8672 2829 88 32 7813 48318 16083.773 421 586 712.557 0 22 32 4.625
1111 8804 2922 90 32 7818 48440 16090.038 421 587 1113.589 0 21 32 4.625
1141 8957 3022 93 32 7822 48540 16082.879 421 588 1482.763 0 22 33 4.625
1179 9188 3117 95 32 7824 48576 16077.468 421 590 919.916 0 21 35 4.625
1217 9529 3227 96 33 7829 48691 16089.104 416 592 704.385 0 22 35 4.636363636363637
1239 9659 3282 96 33 7833 48791 16109.090 421 594 260.729 0 23 36 4.636363636363637
1276 10037 3382 96 33 8031 46809 16953.789 423 595 266.646 0 23 36 4.636363636363637
1306 10284 3474 96 33 8036 46895 16967.512 425 595 267.271 0 24 38 4.636363636363637
1331 10614 3546 96 34 8042 47031 16998.284 421 598 268.021 0 24 39 4.676470588235294
1351 10936 3608 96 34 8252 46714 17831.814 426 600 273.281 0 24 39 4.676470588235294
1376 10999 3673 97 34 7508 53511 14629.406 428 599 640.763 0 24 40 4.676470588235294
1415 11225 3767 97 34 8059 47357 17066.236 429 604 287.299 0 25 40 4.676470588235294
1434 11362 3816 99 34 7514 53722 14639.000 431 601 1186.273 0 25 43 4.676470588235294
1456 11897 3877 99 35 7869 49631 16237.136 433 604 298.808 0 24 42 4.685714285714286
1469 12089 3912 100 35 8085 47882 17151.375 433 607 639.560 0 24 42 4.685714285714286
1509 12456 4029 102 35 8089 47976 17149.728 435 609 1177.990 0 25 44 4.685714285714286
1520 12501 4059 102 35 8089 47959 17145.682 436 607 296.725 0 25 44 4.685714285714286
1554 12896 4146 104 35 8092 48019 17138.257 438 609 1101.750 0 26 45 4.685714285714286
1613 13117 4292 105 35 8099 48166 17158.762 439 611 751.819 0 25 46 4.685714285714286
1666 13366 4433 105 36 7904 50437 16330.927 440 614 300.133 0 26 49 4.694444444444445
1706 13821 4544 105 36 7911 50596 16362.132 444 613 301.095 0 26 49 4.694444444444445
1727 14088 4588 105 36 7916 50719 16386.159 443 615 301.905 0 27 50 4.694444444444445
1781 14309 4741 105 36 7555 54988 14771.224 445 617 307.962 0 27 51 4.694444444444445
1839 15011 4922 106 37 8347 48134 18142.793 446 619 764.849 0 26 53 4.702702702702703
1861 15323 4982 107 37 7739 53166 15587.787 448 620 700.907 0 27 53 4.702702702702703
1932 15590 5177 107 37 8136 48920 17300.804 448 620 323.477 0 27 55 4.702702702702703
1981 15953 5291 107 37 7746 53338 15616.861 450 622 329.318 0 28 56 4.702702702702703
2049 16793 5473 107 38 8635 52419 19212.606 452 625 344.570 0 28 59 4.7894736842105265
2092 17419 5577 108 38 7578 55715 14847.255 454 628 766.741 0 29 60 4.7894736842105265
2161 18034 5785 108 38 7956 51660 16535.739 456 629 354.056 0 29 62 4.7894736842105265
2214 18559 5923 108 38 8172 49644 17450.251 457 629 364.602 0 29 63 4.7894736842105265
2235 18620 5975 108 38 7424 50883 14147.189 458 631 370.870 0 30 66 4.7894736842105265
2295 19430 6142 108 39 8695 53308 19451.693 458 634 376.833 0 31 66 4.871794871794871
2365 19842 6319 109 39 9084 52706 20803.207 459 633 750.229 0 31 66 4.871794871794871
2408 20426 6433 111 39 8199 50171 17511.572 459 636 1148.045 0 32 68 4.871794871794871
2459 20922 6579 112 40 8730 53825 19545.786 459 637 649.750 0 32 72 4.925
2518 21434 6732 114 40 8733 53877 19538.395 454 642 1192.272 0 33 74 4.925
2575 21525 6882 116 40 8740 53980 19545.554 454 645 1173.345 0 34 74 4.925
2655 22511 7107 117 40 8745 54049 19554.347 454 646 766.949 0 33 76 4.925
2738 22764 7333 119 41 8739 53963 19506.335 454 645 1149.151 0 33 77 5.0
2832 23843 7578 119 41 8776 54513 19666.974 449 650 367.773 0 34 81 5.0
2925 24269 7811 122 41 8259 51380 17674.888 453 647 1345.426 0 35 85 5.0
2994 24663 7971 122 41 8524 50767 18722.765 455 652 369.664 0 35 84 5.0
3050 25317 8112 124 41 8277 51749 17722.813 457 656 1072.161 0 35 89 5.0
3113 26233 8274 126 42 8293 52067 17763.858 461 658 1140.548 0 36 87 5.023809523809524
3190 26413 8477 127 42 8301 52224 17784.188 461 661 777.709 0 36 89 5.023809523809524
3252 27031 8631 128 42 8309 52387 17812.520 465 661 643.438 0 37 94 5.023809523809524
3298 27582 8739 128 42 8318 52569 17852.442 467 663 367.758 0 37 97 5.023809523809524
3372 28638 8942 129 42 8586 51685 18901.877 469 667 732.899 0 37 96 5.023809523809524
3474 29400 9205 131 42 8342 53053 17923.101 472 669 1149.954 0 38 99 5.023809523809524
3554 30181 9441 132 43 8607 51998 18953.281 476 671 730.417 0 39 100 5.046511627906977
3664 30949 9730 135 43 8358 53369 17943.630 476 674 1510.400 0 40 104 5.046511627906977
3728 31523 9896 135 43 9716 54169 22715.368 476 676 380.444 0 40 106 5.046511627906977
3851 31920 10216 136 43 8943 56997 20149.861 476 677 736.824 0 41 109 5.046511627906977
3925 33158 10400 138 43 8394 54084 18050.365 476 683 1031.739 0 42 114 5.046511627906977
4025 34514 10711 142 44 8407 54347 18061.493 471 685 1648.866 0 43 113 5.068181818181818
4072 34989 10846 144 44 8694 53289 19159.692 471 688 929.167 0 43 116 5.068181818181818
4191 35314 11174 145 44 8701 53403 19187.319 471 690 599.297 0 43 117 5.068181818181818
4246 36412 11317 147 44 8717 53631 19229.969 471 692 1007.299 0 43 121 5.068181818181818
4384 36924 11688 147 44 8726 53762 19267.854 466 695 379.959 0 45 124 5.068181818181818
4466 37718 11911 150 44 8215 57698 17220.760 472 699 1271.707 1 45 127 5.068181818181818
4563 38684 12191 150 45 9090 59187 20600.114 476 701 395.053 0 46 130 5.133333333333334
4652 39557 12430 156 45 9106 59420 20590.660 480 704 2299.321 0 46 132 5.133333333333334
4739 40319 12667 159 45 9119 59617 20605.673 482 710 1362.044 0 46 132 5.133333333333334
4861 40981 12971 162 45 9123 59678 20588.834 486 712 1238.407 0 46 136 5.133333333333334
4985 42090 13292 163 46 9136 59876 20633.284 490 714 653.540 0 47 141 5.195652173913044
5048 42791 13449 164 46 9151 60099 20682.136 494 717 692.268 0 47 143 5.195652173913044
5203 44198 13837 164 46 9595 59247 22265.551 498 722 384.152 0 49 145 5.195652173913044
5308 44596 14122 167 46 9211 60990 20891.052 502 723 1317.162 0 50 153 5.195652173913044
5408 45692 14371 167 46 9231 61277 20967.766 506 731 385.150 0 50 155 5.195652173913044
5507 45925 14610 168 46 9249 61550 21029.387 508 732 706.399 0 50 160 5.195652173913044
5655 47357 15008 169 47 8942 56982 19916.468 512 737 670.101 0 52 160 5.191489361702128
5818 49037 15450 173 47 9701 60603 22559.927 518 741 1439.272 0 55 165 5.191489361702128
5927 49241 15694 175 47 9313 62498 21195.062 520 744 962.211 0 54 168 5.191489361702128
6095 50854 16118 176 47 9359 63184 21369.340 527 752 711.778 0 55 173 5.191489361702128
6262 51070 16536 177 47 9373 63402 21417.572 530 755 674.192 0 56 174 5.191489361702128
6428 52677 16960 181 47 9410 63949 21513.802 535 761 1560.105 0 58 183 5.191489361702128
6561 53648 17309 181 47 9429 64234 21592.250 540 763 408.718 0 57 183 5.191489361702128
6695 54580 17641 181 47 9455 64619 21697.746 545 772 411.580 0 58 190 5.191489361702128
6858 54867 18070 182 48 10944 60108 26401.962 545 774 690.538 0 59 194 5.3125
7010 56429 18456 182 48 10944 60108 26401.962 545 782 418.538 0 62 200 5.3125
7097 57123 18671 183 48 7791 62422 15156.591 545 785 676.842 0 59 201 5.3125
7267 58230 19154 183 49 10025 64756 23738.452 539 788 436.803 0 60 207 5.36734693877551
7414 58239 19534 186 49 10044 65002 23777.536 545 795 1283.167 0 62 212 5.36734693877551
7603 59671 20037 187 49 9635 67290 22362.534 551 800 749.123 0 59 215 5.36734693877551
7760 61259 20447 191 50 9668 67783 22457.668 557 805 1374.712 0 61 220 5.42
7941 62995 20893 192 50 9714 68471 22628.292 562 815 685.484 0 62 221 5.42
8115 63550 21351 192 50 9734 68765 22705.238 568 818 446.229 0 64 231 5.42
8312 64775 21847 193 50 9769 69286 22833.505 572 823 726.544 0 65 232 5.42
8515 67396 22344 195 50 9408 64917 21523.801 584 834 1052.046 0 66 238 5.42
8661 68427 22751 198 50 8433 71987 17712.224 588 841 1147.010 0 67 245 5.42
8840 68718 23256 199 50 9085 67978 20289.362 592 843 628.462 0 67 250 5.42
9045 69981 23771 199 50 9912 71416 23311.119 599 849 470.683 0 67 256 5.42
9254 72252 24339 199 50 9957 72088 23492.954 606 857 475.859 0 68 258 5.42
9435 72828 24776 206 51 10471 70471 25163.496 612 863 2526.500 0 68 267 5.490196078431373
9615 74034 25201 207 51 10026 73109 23635.406 621 870 780.976 0 69 278 5.490196078431373
9861 76158 25862 209 51 10072 73793 23789.199 627 876 995.354 0 68 279 5.490196078431373
10133 77971 26557 212 52 11215 70695 27572.669 634 882 1342.844 0 71 287 5.576923076923077
10353 80523 27101 213 52 10684 73191 25880.508 643 895 718.606 0 72 293 5.576923076923077
10651 81129 27859 215 52 10730 73779 26028.246 651 898 1070.879 0 74 301 5.576923076923077
10931 83218 28541 218 52 10791 74568 26222.162 659 910 1336.606 0 74 310 5.576923076923077
11195 86354 29243 223 52 10312 77374 24544.357 668 917 1824.291 0 73 316 5.576923076923077
11402 87645 29741 224 52 9450 75308 21442.080 677 927 748.875 0 74 322 5.576923076923077
11667 89588 30388 225 53 11592 74843 28787.325 685 935 742.813 0 77 324 5.660377358490566
11960 90060 31144 228 53 9956 74401 23265.224 693 941 1335.053 0 77 332 5.660377358490566
12232 92585 31747 229 53 10512 80348 25229.692 702 952 748.428 0 80 346 5.660377358490566
12484 92664 32366 233 54 11732 76390 29191.008 711 961 1647.858 0 80 348 5.7407407407407405
12778 94470 33091 239 54 11182 79576 27380.088 718 967 2199.155 0 78 361 5.7407407407407405
13065 95884 33753 242 54 11242 80340 27563.580 730 978 1291.455 0 77 363 5.7407407407407405
13363 97434 34424 245 54 10189 78420 23930.632 738 989 1402.241 1 79 378 5.7407407407407405
13681 101090 35148 246 55 11406 82446 28089.010 750 999 806.447 0 81 380 5.8
13958 102691 35763 249 55 11473 83300 28292.339 760 1009 1295.365 0 83 394 5.8
14279 104487 36507 252 55 11539 84148 28495.765 773 1023 1323.413 0 84 398 5.8
14573 104999 37198 253 55 12321 82885 31009.985 780 1031 844.696 0 84 406 5.8
14908 107450 37889 256 55 11683 85988 28944.122 793 1044 1437.023 0 88 414 5.8
15235 109487 38595 261 55 11761 86982 29141.436 804 1053 1943.287 2 87 425 5.8
15543 111508 39288 264 55 13495 84315 34492.156 818 1069 1403.182 0 86 439 5.8
15862 111979 40038 267 55 13543 84767 34607.247 827 1071 1425.760 0 89 452 5.8
16245 114487 40893 272 55 12741 87507 32141.126 835 1088 2025.379 0 91 459 5.8
16546 116473 41512 274 55 11362 92996 27656.199 847 1101 1090.985 0 91 467 5.8
16864 118992 42212 276 56 12943 89742 32797.481 859 1112 1009.649 0 92 476 5.875
17261 121944 43048 279 56 11525 95414 28172.645 877 1126 1481.738 0 93 479 5.875
17658 122373 43935 282 56 15243 88684 39419.018 877 1135 1354.376 0 94 492 5.875
18042 124679 44717 286 56 13238 92994 33641.659 877 1147 1783.322 0 92 521 5.875
18433 126204 45531 290 56 12494 96378 31276.190 893 1159 1623.321 0 97 524 5.875
18827 130728 46362 295 57 15615 91725 40421.429 907 1177 1733.841 0 96 542 5.964912280701754
19148 131220 47113 296 57 15705 92453 40690.689 915 1191 951.500 0 95 541 5.964912280701754
19612 134938 48045 299 57 15840 93555 41088.303 930 1207 1525.669 0 96 554 5.964912280701754
20012 137272 48891 300 57 10718 100770 25221.527 945 1219 975.370 0 97 565 5.964912280701754
20490 137265 49893 302 57 12955 95080 32691.634 958 1231 1112.248 1 100 581 5.964912280701754
21063 140216 51107 306 57 14012 94325 36005.396 974 1249 1480.310 0 98 606 5.964912280701754
21534 144210 52029 313 58 17927 97032 46474.676 974 1271 2486.923 0 98 599 6.086206896551724
21957 146090 52746 317 58 15420 95379 40140.621 990 1285 1818.161 0 101 625 6.086206896551724
22482 147423 53945 318 58 15490 96038 40353.099 994 1297 1033.497 0 100 635 6.086206896551724
22980 149159 54847 322 58 14477 99452 37307.712 1012 1313 1895.037 1 100 649 6.086206896551724
23458 151494 55766 330 58 13590 103216 34448.282 1027 1327 2766.606 0 102 662 6.086206896551724
23935 154482 56572 336 58 16002 100904 41689.215 1057 1353 2261.738 1 108 681 6.086206896551724
24545 155443 57882 339 58 10672 115043 24589.624 1067 1363 1550.917 0 106 707 6.086206896551724
25213 160989 59320 344 59 15084 106143 38883.050 1090 1385 1599.122 1 109 699 6.1525423728813555
25680 162695 60185 347 59 15218 107611 39268.157 1105 1405 1561.124 0 108 725 6.1525423728813555
26227 164675 61125 350 59 14248 111641 36279.787 1128 1425 1658.237 1 111 746 6.1525423728813555
26766 165142 62193 355 59 18293 106390 47998.828 1138 1442 1867.651 0 108 755 6.1525423728813555
27416 168141 63444 357 59 13448 116824 33696.447 1158 1459 1398.619 2 109 762 6.1525423728813555
27963 172814 64310 359 59 15866 114758 41201.920 1188 1488 1268.320 1 112 807 6.1525423728813555
28608 173511 65652 368 59 17374 113920 45446.904 1203 1501 3273.764 0 111 807 6.1525423728813555
29312 176254 66997 370 59 17565 115734 46021.704 1221 1523 1459.027 0 113 827 6.1525423728813555
30098 180663 68281 374 59 17876 118677 46950.535 1257 1548 1995.150 2 119 851 6.1525423728813555
30874 183890 69678 375 59 16600 122851 43260.137 1279 1577 1140.419 0 118 889 6.1525423728813555
31504 185435 70680 383 59 16802 125078 43746.887 1307 1613 2913.922 5 120 896 6.1525423728813555
32050 186479 71879 386 60 18477 124381 48609.538 1319 1619 1888.319 0 117 904 6.233333333333333
32614 191009 72618 393 60 22595 129843 59435.680 1352 1653 2989.893 3 117 920 6.233333333333333
33280 191763 73938 397 60 18955 128916 49840.722 1373 1677 2220.841 0 118 939 6.233333333333333
34052 194272 75239 400 60 13758 140125 34152.149 1406 1705 1847.998 0 123 966 6.233333333333333
34999 200575 76839 405 60 21502 132594 56932.348 1439 1737 1956.662 4 124 969 6.233333333333333
35839 203716 78351 407 60 18104 139428 47390.213 1451 1773 1664.339 1 125 995 6.233333333333333
36675 206503 79840 411 60 24406 142576 64523.634 1479 1801 2004.910 1 128 1000 6.233333333333333
37400 206344 81206 416 60 22362 139621 59355.269 1507 1826 2519.281 0 130 1000 6.233333333333333
38042 208923 82317 421 60 18745 146493 49131.658 1528 1852 2726.074 1 130 1000 6.233333333333333
38955 212598 84182 424 61 25417 149679 67232.139 1563 1883 2055.998 1 132 1000 6.344262295081967
39758 217902 85345 426 61 23457 148561 62447.859 1605 1925 1847.690 2 131 1000 6.344262295081967
40351 219948 86245 429 61 23784 151234 63372.742 1637 1959 2154.483 0 132 1000 6.344262295081967
41078 221751 87333 432 61 24178 154449 64491.569 1677 1997 2233.319 2 136 1000 6.344262295081967
41756 220386 88460 434 61 33720 157540 86271.510 1677 2017 1878.767 0 136 1000 6.344262295081967
42472 224811 89657 440 61 20346 164146 53736.671 1709 2065 3329.505 1 128 1000 6.344262295081967
43123 224170 90896 444 61 22637 163847 60160.121 1733 2087 2550.273 0 128 1000 6.344262295081967
43555 228327 91285 446 61 23044 167712 61373.537 1773 2128 1943.231 4 129 1000 6.344262295081967
44315 226744 92450 452 61 21064 172062 55586.744 1803 2140 3212.117 1 132 1000 6.344262295081967
44936 231380 93373 456 61 29199 176261 77534.586 1848 2192 2491.048 2 132 1000 6.344262295081967
45492 229737 94245 459 61 21549 177409 56869.395 1866 2218 2464.486 0 131 1000 6.344262295081967
46214 233977 95125 465 61 21932 181622 57939.529 1909 2264 2778.520 3 133 1000 6.344262295081967
46787 234769 95889 469 62 34165 183591 89490.903 1927 2302 2447.222 1 136 1000 6.467741935483871
47344 235810 96641 472 62 20328 189505 53256.455 1963 2334 2617.852 2 130 1000 6.467741935483871
47856 233757 97432 476 62 27904 184874 74297.918 1972 2347 2296.626 0 125 1000 6.467741935483871
48432 234903 98213 479 62 39720 188784 101590.357 2008 2387 2603.079 0 124 1000 6.467741935483871
49191 239080 98870 484 62 23335 197091 61766.089 2048 2433 3403.820 4 130 1000 6.467741935483871
49690 236689 99679 487 62 29099 194637 77446.302 2068 2460 2572.049 1 130 1000 6.467741935483871
50171 237631 100290 492 62 19453 206189 50455.599 2098 2499 3199.252 2 131 1000 6.467741935483871
50689 241643 100631 495 62 26919 204477 71573.351 2158 2544 2333.105 1 134 1000 6.467741935483871
51330 240137 101569 497 62 27105 206245 72062.162 2168 2580 2267.483 0 130 1000 6.467741935483871
52005 241327 102424 502 62 30680 207544 81576.900 2216 2611 3264.343 2 132 1000 6.467741935483871
52392 244926 102740 505 62 18574 223377 47813.771 2268 2674 2719.606 3 134 1000 6.467741935483871
52839 246823 103156 512 63 40014 218978 104491.249 2312 2719 3144.602 0 128 1000 6.571428571428571
53238 243401 103601 515 63 23065 224561 60451.349 2334 2733 3056.810 0 126 1000 6.571428571428571
53722 247748 103891 523 63 23473 229784 61418.302 2402 2797 3826.585 3 130 1000 6.571428571428571
54240 247965 104500 528 63 33101 227314 87513.401 2442 2843 3031.311 1 130 1000 6.571428571428571
54730 248598 105140 533 63 29891 232677 78876.900 2477 2876 3695.518 1 126 1000 6.571428571428571
55186 249327 105588 538 63 33996 234623 89652.967 2526 2931 3480.719 1 130 1000 6.571428571428571
55609 245649 106016 539 63 34250 236702 90369.364 2550 2953 2265.523 0 128 1000 6.571428571428571
56117 249470 106370 541 63 27796 246264 73148.903 2619 3008 2852.861 3 130 1000 6.571428571428571
56515 245720 106871 545 63 27992 248429 73530.094 2642 3029 3285.415 0 130 1000 6.571428571428571
56871 247004 107418 553 64 51213 248625 129838.659 2675 3081 4361.870 1 125 1000 6.703125
57463 250571 107934 556 64 40994 251968 107340.527 2750 3144 3320.149 3 131 1000 6.703125
58149 252065 108876 565 64 32749 259787 85805.141 2792 3203 5568.991 0 126 1000 6.703125
58514 248623 109271 568 64 41768 257404 108826.435 2812 3218 3270.512 0 126 1000 6.703125
58985 249150 109707 570 64 37548 263629 98284.260 2862 3273 2943.837 2 123 1000 6.703125
59612 254814 110254 576 64 43224 267639 112378.074 2914 3337 4647.648 0 122 1000 6.703125
60103 251099 110847 580 64 34291 274421 89592.155 2942 3369 3472.959 2 125 1000 6.703125
60575 251206 111373 585 64 30866 280111 80423.211 2984 3405 3769.263 1 124 1000 6.703125
60986 255097 111760 590 64 39761 281703 103522.577 3053 3482 3922.046 0 122 1000 6.703125
61526 251048 112412 593 64 58227 285149 146464.361 3083 3512 3365.580 0 124 1000 6.703125
61931 255462 112767 599 64 59267 290563 148865.765 3143 3577 5007.953 2 122 1000 6.703125
62317 251005 113033 602 64 46432 290185 119882.611 3184 3587 3868.224 0 124 1000 6.703125
62926 255476 113540 607 64 47329 296495 122135.676 3242 3681 4246.433 3 124 1000 6.703125
63235 255765 113953 608 64 26552 311818 68698.971 3306 3723 2984.623 1 125 1000 6.703125
63568 251408 114283 611 64 37786 307580 98072.370 3330 3743 3470.324 0 123 1000 6.703125
64264 256575 114965 615 64 49340 310628 127130.793 3406 3841 3837.779 0 120 1000 6.703125
64493 252130 115069 617 64 64040 315413 160236.961 3440 3867 3496.762 0 118 1000 6.703125
64859 252237 115230 625 64 50264 317123 128934.482 3487 3920 6519.168 1 118 1000 6.703125
65151 251536 115337 629 64 65977 325499 164414.609 3538 3950 4325.537 1 122 1000 6.703125
65777 256750 115744 633 64 59133 334640 150010.319 3606 4056 4507.712 3 121 1000 6.703125
65859 255526 115346 638 64 32305 342893 83533.825 3660 4121 4978.955 2 119 1000 6.703125
66219 251351 115563 641 64 28952 347528 74668.145 3678 4131 3605.418 1 119 1000 6.703125
66430 251779 115612 644 64 37039 348152 95578.050 3750 4206 3641.925 2 120 1000 6.703125
66805 256396 115530 652 65 62429 354575 157414.281 3842 4290 5060.500 3 122 1000 6.815384615384615
67410 256341 116039 659 65 63185 359152 158830.170 3895 4359 6334.231 2 121 1000 6.815384615384615
67464 250846 115742 661 65 72575 359856 179158.812 3933 4375 3928.127 0 120 1000 6.815384615384615
67654 251055 115912 666 65 56498 360940 143111.852 3971 4424 5610.746 1 119 1000 6.815384615384615
68156 251763 116322 669 65 50369 368327 128341.906 4029 4480 4431.928 1 115 1000 6.815384615384615
68532 251399 116482 671 65 75274 373911 185171.631 4089 4553 4039.519 0 116 1000 6.815384615384615
68962 251201 116749 676 65 87117 376741 208282.724 4139 4596 5695.590 1 114 1000 6.815384615384615
69150 250657 116437 679 65 77352 384729 189896.896 4209 4670 4799.536 2 117 1000 6.815384615384615
69130 250162 116047 684 65 68556 391642 170921.162 4256 4719 5904.270 2 113 1000 6.815384615384615
69312 249597 115931 690 65 90548 392121 215778.883 4319 4781 5655.580 1 110 1000 6.815384615384615
69720 249403 116106 693 65 47682 401473 121447.449 4393 4845 4897.986 2 113 1000 6.815384615384615
70086 249263 116338 700 65 106475 400776 243861.666 4447 4897 5536.629 2 109 1000 6.815384615384615
70146 248585 116041 700 65 43039 414289 109922.215 4497 4959 3570.280 2 109 1000 6.815384615384615
70429 252369 115722 702 65 73552 421870 182745.694 4585 5084 4290.731 0 111 1000 6.815384615384615
70970 248511 116327 713 65 56902 421678 143438.867 4625 5104 8836.397 1 109 1000 6.815384615384615
71228 247689 116135 718 65 57608 427444 145113.655 4694 5180 5225.717 2 112 1000 6.815384615384615
71562 247286 116265 726 65 75988 436607 187237.332 4763 5239 6340.147 0 112 1000 6.815384615384615
71781 251792 116208 730 65 59378 441894 149150.841 4852 5339 5490.268 3 109 1000 6.815384615384615
72024 250851 116068 735 65 102649 446351 241806.730 4948 5405 5451.893 2 111 1000 6.815384615384615
72372 250001 115983 737 65 79351 449751 195097.791 5019 5456 4972.332 2 112 1000 6.815384615384615
72622 248981 116069 743 65 53960 461038 135795.651 5064 5546 7215.357 1 106 1000 6.815384615384615
72756 244261 115935 749 65 61738 461169 153964.658 5089 5576 5977.805 0 105 1000 6.815384615384615
73106 247701 115838 755 65 93920 470999 225201.985 5189 5671 6631.828 4 106 1000 6.815384615384615
73566 247511 116061 762 65 95046 476863 227387.643 5266 5743 7535.928 2 106 1000 6.815384615384615
73803 241791 115965 767 65 109607 477535 255339.743 5301 5753 6968.091 1 108 1000 6.815384615384615
74249 241781 116233 769 65 64627 484760 159978.532 5353 5842 5145.326 1 105 1000 6.815384615384615
74592 245970 116284 772 65 113009 492781 263077.822 5459 5952 5285.996 1 105 1000 6.815384615384615
75214 245645 116815 775 65 66562 500566 164678.134 5539 6010 5911.803 1 105 1000 6.815384615384615
75752 245375 117223 780 65 31604 520273 80321.045 5614 6091 6231.462 1 104 1000 6.815384615384615
76064 244936 117379 790 66 178036 504819 361812.744 5677 6160 6011.830 2 103 1000 7.0
76548 240626 117921 793 66 102691 516668 243014.170 5709 6194 6361.541 1 104 1000 7.0
76690 244173 117498 797 66 91368 522448 219497.483 5847 6313 6806.459 3 107 1000 7.0
77225 244377 117994 798 66 121579 531193 280577.339 5905 6406 5312.226 1 105 1000 7.0
77359 239324 117950 801 66 161398 529142 345438.400 5934 6415 6486.996 0 102 1000 7.0
77838 244153 118138 805 66 63129 548025 155694.394 6071 6541 7371.702 4 105 1000 7.0
78370 243992 118424 809 66 55983 556977 138943.189 6154 6616 6331.381 2 104 1000 7.0
78699 239655 119143 816 67 167718 550123 357574.488 6185 6682 6743.773 1 105 1000 7.164179104477612
78948 242287 118757 820 67 112441 567438 263077.438 6309 6786 7609.566 4 106 1000 7.164179104477612
79215 242257 118909 823 67 150476 570508 333683.749 6406 6873 6435.908 2 105 1000 7.164179104477612
79656 238418 119529 827 67 173921 570717 369892.878 6411 6913 7619.762 0 101 1000 7.164179104477612
79795 242352 119042 828 67 59178 592199 145871.403 6569 7036 5863.605 4 102 1000 7.164179104477612
80026 241680 118859 836 67 89539 593174 214259.570 6638 7125 7124.361 2 104 1000 7.164179104477612
79863 240718 118337 840 67 157621 598068 347849.984 6709 7198 7085.554 1 101 1000 7.164179104477612
79898 239526 117844 844 67 120658 610225 280139.585 6813 7288 8072.223 2 104 1000 7.164179104477612
80115 234766 117939 848 67 184519 605905 390366.506 6840 7310 7133.746 1 100 1000 7.164179104477612
80676 238861 118097 851 67 188245 618277 397974.114 6974 7467 7629.528 3 101 1000 7.164179104477612
81054 238615 118208 856 67 190483 625705 402102.396 7065 7546 9156.350 2 100 1000 7.164179104477612
81189 238251 117847 861 67 126244 639312 291370.317 7142 7626 9049.521 1 101 1000 7.164179104477612
81097 232554 117282 865 67 168157 638711 368200.149 7181 7674 8059.413 0 100 1000 7.164179104477612
81211 237010 116839 867 67 97965 652394 231823.203 7331 7802 7080.935 4 102 1000 7.164179104477612
81268 231365 116637 873 67 98359 655168 232040.715 7363 7858 8784.607 0 101 1000 7.164179104477612
81905 235140 116845 877 67 132053 662359 302818.625 7514 7972 7673.702 3 98 1000 7.164179104477612
82037 229349 116498 880 67 100446 669833 236478.109 7543 8002 7704.398 1 99 1000 7.164179104477612
82280 233240 116154 886 67 179113 680973 389304.897 7672 8167 9246.976 3 98 1000 7.164179104477612
82496 228809 116345 888 67 179741 683394 390421.614 7691 8206 7451.914 0 96 1000 7.164179104477612
82542 228108 116061 891 67 209525 688927 438013.910 7797 8279 8073.159 1 95 1000 7.164179104477612
82936 232090 115863 896 67 246262 699786 489882.468 7952 8448 10106.441 4 96 1000 7.164179104477612
83239 227262 116056 898 67 140058 704037 318859.171 7986 8472 7893.057 0 94 1000 7.164179104477612
83556 230959 115770 901 67 218656 719245 455740.126 8135 8613 8332.329 4 98 1000 7.164179104477612
83606 230022 115505 905 67 221187 727649 460420.402 8243 8730 9699.387 2 99 1000 7.164179104477612
83816 229654 115333 910 67 193599 736849 417698.727 8312 8832 10190.763 2 95 1000 7.164179104477612
83752 228767 114783 919 67 128226 745429 293374.266 8421 8910 13711.353 2 97 1000 7.164179104477612
83854 227912 114574 928 67 112641 755547 259876.142 8520 9008 11317.537 2 92 1000 7.164179104477612
84108 227031 114437 932 67 113867 764163 262242.972 8620 9111 8818.254 2 94 1000 7.164179104477612
84050 226096 113929 936 67 152484 768742 341397.325 8713 9198 8674.275 0 94 1000 7.164179104477612
84261 221652 113963 940 67 132953 774024 301313.706 8747 9262 9867.372 1 89 1000 7.164179104477612
84810 226319 114194 946 67 179673 784349 392189.172 8930 9426 10622.292 1 91 1000 7.164179104477612
85002 225598 113644 949 67 241728 795846 496532.745 9018 9520 8549.434 1 91 1000 7.164179104477612
85485 225381 113779 954 67 211880 807369 449794.204 9148 9652 11026.346 2 94 1000 7.164179104477612
85704 224787 113874 962 67 185425 810130 403250.391 9198 9728 12755.670 2 91 1000 7.164179104477612
85753 219660 113638 965 67 247895 816322 506969.236 9243 9750 9157.008 1 88 1000 7.164179104477612
85927 218868 113365 966 67 93166 833012 217712.625 9361 9852 8263.014 2 88 1000 7.164179104477612
86073 218798 113119 970 67 190184 831458 412487.784 9444 9978 9117.938 2 90 1000 7.164179104477612
86367 221041 112931 978 67 297819 847118 581196.379 9624 10167 12726.338 4 92 1000 7.164179104477612
86335 220213 112593 983 67 225384 859461 474235.442 9728 10245 11857.927 1 89 1000 7.164179104477612
86724 219614 112598 984 67 227781 868705 479286.135 9824 10325 8371.470 2 90 1000 7.164179104477612
86764 214689 112367 990 67 149091 871654 332296.834 9873 10383 12072.401 0 88 1000 7.164179104477612
86849 214537 111985 994 67 130681 882349 294560.747 9971 10473 9850.526 1 85 1000 7.164179104477612
86974 214346 112226 998 68 269438 887847 545934.214 10060 10587 10042.858 1 85 1000 7.3088235294117645
86826 217505 111451 1001 68 317041 902047 615604.328 10256 10785 10353.224 3 88 1000 7.3088235294117645
87400 217397 111636 1007 68 370369 909403 680932.441 10386 10892 12573.102 2 89 1000 7.3088235294117645
87586 217455 111726 1010 68 210037 920433 450345.137 10490 11006 11033.045 2 90 1000 7.3088235294117645
87978 217493 112134 1016 68 159386 933931 352617.615 10594 11114 12536.676 2 89 1000 7.3088235294117645
88527 213653 112707 1023 68 184459 935236 400445.417 10628 11139 13116.362 0 87 1000 7.3088235294117645
88578 213055 112348 1027 68 186448 945589 404142.356 10766 11271 11062.361 2 90 1000 7.3088235294117645
88832 217139 112334 1031 68 218628 958933 464911.864 10931 11447 10841.695 3 87 1000 7.3088235294117645
88878 212384 112231 1033 68 219416 962468 466304.556 10963 11493 10059.674 1 84 1000 7.3088235294117645
89100 216369 111981 1044 68 534625 976418 846911.597 11182 11706 17184.978 1 87 1000 7.3088235294117645
89016 211488 111537 1051 68 194112 985499 416581.696 11182 11757 15325.497 0 82 1000 7.3088235294117645
88674 214878 110675 1057 68 171064 1004582 371424.354 11405 11955 12831.493 3 83 1000 7.3088235294117645
88742 209856 110409 1061 68 305509 1007607 608262.566 11455 11969 10926.824 0 85 1000 7.3088235294117645
88927 213325 110246 1068 68 201315 1023004 429441.773 11651 12186 15071.478 3 87 1000 7.3088235294117645
89015 207962 110088 1071 68 175074 1028843 378372.544 11679 12216 11108.837 0 84 1000 7.3088235294117645
88880 207430 109694 1079 68 486829 1031116 829474.671 11767 12317 14183.307 0 83 1000 7.3088235294117645
89215 210683 109517 1084 68 572745 1045877 904181.186 11971 12531 13889.558 1 83 1000 7.3088235294117645
89334 206343 109395 1092 68 240215 1055681 499768.340 12018 12577 16895.154 0 83 1000 7.3088235294117645
89288 208971 108848 1099 68 243863 1072032 505779.893 12242 12764 14814.879 3 84 1000 7.3088235294117645
89312 207770 108452 1103 68 246515 1083916 510830.582 12364 12897 12097.519 1 87 1000 7.3088235294117645
89380 206996 108143 1109 68 215189 1095246 452174.932 12478 13038 14515.839 1 84 1000 7.3088235294117645
89585 206429 108178 1116 68 335501 1107183 657567.822 12585 13159 14059.287 2 87 1000 7.3088235294117645
89843 201734 108261 1125 68 698710 1099585 1005425.831 12622 13186 17614.940 0 85 1000 7.3088235294117645
89937 205825 108062 1131 68 395762 1127004 744685.808 12875 13426 15738.870 4 85 1000 7.3088235294117645
89858 204995 107660 1137 68 345452 1140222 672735.235 12939 13532 15687.698 1 82 1000 7.3088235294117645
89997 204555 107490 1141 68 225885 1150940 470315.539 13088 13671 13501.222 1 84 1000 7.3088235294117645
89935 199806 107224 1143 68 261849 1152639 535554.539 13116 13717 11326.212 0 85 1000 7.3088235294117645
90186 199511 107292 1148 68 547408 1159361 923049.931 13258 13839 13205.756 1 83 1000 7.3088235294117645
90602 202814 107494 1152 68 174207 1188275 373182.838 13501 14041 14466.504 1 85 1000 7.3088235294117645
90956 199025 107670 1154 68 416662 1186728 779319.744 13514 14100 11952.644 0 82 1000 7.3088235294117645
91223 202164 107456 1157 68 273453 1204644 557113.707 13764 14309 13610.797 3 84 1000 7.3088235294117645
91752 202420 107868 1161 68 427326 1217204 797825.742 13860 14455 13700.830 1 83 1000 7.3088235294117645
91888 197759 107804 1165 68 179562 1225914 382428.766 13924 14503 15005.797 1 84 1000 7.3088235294117645
91762 200758 107114 1173 68 324934 1236266 642844.877 14109 14712 15317.702 3 82 1000 7.3088235294117645
92208 200704 107034 1177 68 284072 1252234 573731.152 14280 14887 13937.343 1 85 1000 7.3088235294117645
92298 200080 106796 1185 68 513457 1261343 911575.598 14397 14970 15308.906 1 83 1000 7.3088235294117645
92374 195577 106669 1189 68 799266 1257288 1145951.007 14446 15048 15160.405 0 78 1000 7.3088235294117645
92466 195611 106430 1191 68 335433 1276764 661596.572 14582 15166 13461.496 2 78 1000 7.3088235294117645
91941 197767 105333 1193 68 707310 1291071 1104465.268 14808 15403 13038.801 3 77 1000 7.3088235294117645
92229 197517 105205 1198 68 460590 1312261 852805.773 14942 15556 16757.209 0 78 1000 7.3088235294117645
92624 197268 105166 1201 68 623274 1319969 1042769.179 15089 15700 14622.685 2 77 1000 7.3088235294117645
92420 192485 104794 1203 68 168738 1334948 363193.243 15150 15736 14041.976 1 76 1000 7.3088235294117645
92835 192661 105086 1208 68 406393 1342552 776293.884 15269 15895 14223.255 2 76 1000 7.3088235294117645
93105 196204 104930 1212 68 412354 1362342 787429.112 15511 16128 15059.906 1 77 1000 7.3088235294117645
93178 195817 104733 1214 68 749567 1368069 1167826.303 15683 16292 14098.582 2 79 1000 7.3088235294117645
93564 191796 105126 1220 68 559463 1374501 985678.672 15740 16318 18877.095 0 77 1000 7.3088235294117645
93764 194954 104866 1224 68 423871 1400581 807003.328 15968 16555 16178.480 3 79 1000 7.3088235294117645
94098 194867 105041 1228 68 427545 1412781 813465.317 16093 16728 15814.116 2 81 1000 7.3088235294117645
94402 190465 105222 1234 68 896304 1409474 1281314.649 16171 16794 17463.902 1 82 1000 7.3088235294117645
94197 190243 104559 1238 68 673418 1426125 1121044.838 16331 16928 17317.810 2 78 1000 7.3088235294117645
94379 193939 104347 1244 68 589567 1448543 1034604.027 16576 17176 19411.497 2 77 1000 7.3088235294117645
94397 189877 104283 1247 68 685377 1451443 1139658.340 16627 17223 15988.311 0 75 1000 7.3088235294117645
94424 194242 104113 1254 68 601009 1476687 1053612.864 16908 17522 20515.985 0 75 1000 7.3088235294117645
94762 193949 104241 1262 68 523475 1491964 956984.769 17058 17638 21080.815 1 75 1000 7.3088235294117645
94813 189041 103970 1272 68 817578 1491991 1266908.956 17124 17712 22476.366 1 76 1000 7.3088235294117645
95106 193044 103976 1279 68 460594 1522508 867318.038 17365 18003 21599.551 0 76 1000 7.3088235294117645
95384 189011 104083 1283 68 717636 1519734 1187228.399 17415 18031 16745.743 1 74 1000 7.3088235294117645
95317 191718 103530 1285 68 843746 1539674 1305055.820 17676 18289 16063.057 2 74 1000 7.3088235294117645
95563 190994 103650 1286 68 986877 1551521 1405634.496 17818 18443 15060.649 2 74 1000 7.3088235294117645
95721 186846 103586 1291 68 228511 1569961 475406.408 17881 18497 19891.691 0 73 1000 7.3088235294117645
95501 186121 102985 1295 68 308235 1579735 616879.075 18046 18651 16291.744 2 74 1000 7.3088235294117645
95469 186030 102709 1302 68 359775 1591510 707155.046 18204 18819 17513.065 1 72 1000 7.3088235294117645
95554 185714 102660 1312 68 652252 1602723 1131677.089 18356 18996 20696.138 1 72 1000 7.3088235294117645
95255 185050 101960 1326 68 884271 1613514 1362067.317 18536 19130 28938.360 1 74 1000 7.3088235294117645
95238 188392 101517 1333 68 667857 1641107 1156014.331 18789 19393 21632.917 2 74 1000 7.3088235294117645
95569 188252 101416 1336 68 581546 1657910 1048484.039 18968 19586 17928.957 2 74 1000 7.3088235294117645
95661 183849 101425 1345 68 582882 1661727 1049889.977 18985 19630 22456.197 0 72 1000 7.3088235294117645
95966 184110 101498 1349 68 1230883 1666620 1586068.621 19187 19799 19277.809 2 72 1000 7.3088235294117645
95996 187094 100929 1352 68 515632 1705238 958612.517 19498 20137 18621.354 1 75 1000 7.3088235294117645
95998 185951 100646 1360 68 80305 1739999 198334.182 19608 20291 22359.335 2 75 1000 7.3088235294117645
96042 181986 100750 1364 69 1091025 1714858 1547389.288 19699 20350 15728.047 0 73 1000 7.536231884057971
96034 185645 100520 1366 69 710021 1744813 1222504.885 19954 20611 17812.058 3 72 1000 7.536231884057971
96340 185117 100593 1368 69 1114004 1750897 1579440.112 20124 20773 17687.170 1 71 1000 7.536231884057971
96643 184782 100700 1373 69 622970 1776287 1115708.215 20307 20939 21782.674 2 73 1000 7.536231884057971
97024 181506 101059 1386 69 465114 1776999 881422.335 20386 21023 27947.513 0 70 1000 7.536231884057971
97017 180855 100782 1394 69 468743 1790999 887340.445 20536 21169 21439.512 2 70 1000 7.536231884057971
96967 184051 100268 1396 69 354813 1822264 699907.495 20795 21506 17393.413 3 72 1000 7.536231884057971
97097 183500 100245 1399 69 555677 1838192 1024641.294 21019 21654 17516.886 1 69 1000 7.536231884057971
97226 179695 100170 1404 69 480930 1838007 909183.941 21059 21721 20642.755 0 69 1000 7.536231884057971
96959 178642 99648 1406 69 418704 1855615 808637.142 21287 21890 17920.169 2 71 1000 7.536231884057971
97157 182071 99711 1411 69 569819 1885146 1047727.661 21549 22189 20226.970 3 71 1000 7.536231884057971
97552 181942 99820 1416 69 894644 1894460 1455174.685 21728 22405 20299.662 0 70 1000 7.536231884057971
97537 181378 99556 1421 69 1627502 1897117 1866560.665 21888 22584 21762.665 1 71 1000 7.536231884057971
97939 180652 99575 1425 69 434977 1928542 838982.708 22106 22763 21995.667 2 73 1000 7.536231884057971
98095 180610 99334 1430 69 790669 1943175 1352326.679 22274 22944 19825.924 0 71 1000 7.536231884057971
98286 176515 99428 1438 69 793209 1949424 1355611.471 22319 23034 25295.576 1 72 1000 7.536231884057971
98536 179904 99400 1443 69 446078 1978293 860627.215 22666 23325 21054.700 1 71 1000 7.536231884057971
98832 180304 99371 1448 69 810963 1993091 1385472.237 22852 23536 21573.390 1 70 1000 7.536231884057971
98705 176049 99100 1449 69 389119 2000894 764786.021 22900 23548 18490.257 0 69 1000 7.536231884057971
98547 175340 98708 1451 69 819389 2013814 1398928.387 23070 23758 19225.917 1 69 1000 7.536231884057971
98991 178396 98462 1454 69 460797 2044258 886633.241 23382 24086 21077.539 3 70 1000 7.536231884057971
99253 178165 98549 1458 69 537797 2057369 1011234.237 23601 24284 21581.144 1 69 1000 7.536231884057971
99432 177859 98611 1461 69 468310 2077930 898744.492 23802 24489 21106.209 1 70 1000 7.536231884057971
99571 173613 98416 1465 69 982347 2080127 1592438.957 23868 24524 21398.817 1 71 1000 7.536231884057971
99657 173584 98196 1471 69 635459 2103078 1160143.918 24049 24752 26405.637 1 69 1000 7.536231884057971
99673 176090 97738 1475 69 1348503 2118663 1902152.048 24388 25066 23152.977 2 69 1000 7.536231884057971
99860 175379 97647 1478 69 751775 2137167 1327814.249 24570 25247 22658.842 1 68 1000 7.536231884057971
99513 170701 97085 1483 69 484138 2148867 923976.425 24636 25331 24847.301 0 69 1000 7.536231884057971
99526 174189 96841 1487 69 568154 2174468 1061385.159 24889 25617 21176.888 3 67 1000 7.536231884057971
99484 170166 96555 1491 69 887095 2180345 1502979.430 25013 25698 23013.482 0 66 1000 7.536231884057971
99494 169973 96362 1501 69 573949 2196821 1068250.274 25214 25904 30948.454 0 66 1000 7.536231884057971
99654 169878 96212 1505 69 372119 2220896 738924.230 25389 26089 23182.783 2 67 1000 7.536231884057971
99593 172753 95916 1507 69 243282 2257276 524187.095 25768 26443 21200.590 3 66 1000 7.536231884057971
99878 169017 96100 1511 69 587642 2249641 1090223.655 25829 26480 21326.267 1 66 1000 7.536231884057971
99931 168785 96027 1518 69 381040 2274861 754166.258 26027 26750 26574.628 1 67 1000 7.536231884057971
100015 168260 95893 1521 69 515156 2287880 973705.672 26256 26948 21869.004 1 65 1000 7.536231884057971
100158 168661 96263 1523 70 1462262 2297074 2057827.072 26455 27129 21997.426 1 64 1000 7.742857142857143
100237 172048 96098 1526 70 1277833 2330630 1934971.543 26788 27508 25131.388 2 65 1000 7.742857142857143
100337 168528 96166 1529 70 1104529 2338787 1772085.640 26852 27551 24662.617 1 64 1000 7.742857142857143
100061 171519 95453 1536 70 1746916 2363190 2240185.402 27195 27897 29105.091 0 66 1000 7.742857142857143
99893 166856 94835 1540 70 719253 2374085 1292351.550 27282 27973 27122.615 0 64 1000 7.742857142857143
99847 166479 94672 1541 70 974877 2396253 1637370.271 27466 28197 21771.535 0 65 1000 7.742857142857143
99694 166214 94042 1543 70 730468 2411320 1311667.363 27726 28420 24301.880 1 64 1000 7.742857142857143
99802 169169 93563 1551 70 2091536 2436247 2396662.044 28078 28803 29169.562 0 66 1000 7.742857142857143
99965 165596 93601 1557 70 2094396 2439570 2400091.731 28119 28859 30776.960 0 64 1000 7.742857142857143
99610 165022 93201 1563 70 2111331 2459245 2419291.011 28355 29086 31103.678 1 65 1000 7.742857142857143
99528 168137 92912 1570 70 878080 2498101 1521836.304 28723 29448 32745.220 2 66 1000 7.742857142857143
99650 164411 92959 1575 70 654670 2508196 1198273.451 28791 29527 26013.284 1 67 1000 7.742857142857143
99673 163913 92982 1583 70 1383731 2523591 2086847.026 29010 29737 29879.054 1 64 1000 7.742857142857143
99654 166679 92388 1590 70 667368 2557180 1217647.869 29386 30114 31758.846 2 66 1000 7.742857142857143
99972 166659 92550 1594 70 1048643 2577689 1750090.626 29562 30322 26221.300 1 66 1000 7.742857142857143
100098 162825 92529 1596 70 1905426 2577158 2440578.075 29676 30427 25733.278 1 66 1000 7.742857142857143
100007 162243 92085 1599 70 1227143 2598361 1955676.592 29840 30575 27747.140 1 63 1000 7.742857142857143
100047 161818 91741 1605 70 1236623 2618429 1971625.272 30094 30816 29944.051 0 63 1000 7.742857142857143
99566 164352 90994 1608 70 596814 2653848 1110665.640 30490 31205 28007.586 2 63 1000 7.742857142857143
99917 164174 91203 1615 70 1086663 2671203 1809557.043 30680 31453 28043.998 0 64 1000 7.742857142857143
100248 161056 91486 1617 70 1465801 2673131 2205082.055 30725 31498 26267.223 1 62 1000 7.742857142857143
99837 163577 90657 1624 70 706858 2709509 1283739.566 31156 31851 34420.493 2 63 1000 7.742857142857143
99950 163148 90542 1628 70 1110770 2730497 1846572.421 31376 32117 27141.001 1 64 1000 7.742857142857143
100328 159655 90707 1631 70 959663 2731236 1651827.435 31372 32174 28498.280 0 63 1000 7.742857142857143
100598 162743 90551 1633 70 971997 2766485 1671728.212 31843 32569 27167.547 2 61 1000 7.742857142857143
100362 158705 90287 1637 70 724190 2776367 1312888.236 31921 32666 28605.234 0 62 1000 7.742857142857143
100366 161575 89996 1640 70 1326664 2809047 2105902.571 32297 33038 27132.332 0 60 1000 7.742857142857143
100662 158098 90130 1643 70 1543691 2815056 2317387.683 32279 33088 28528.637 1 61 1000 7.742857142857143
100760 157746 89778 1645 70 550649 2841977 1048720.877 32592 33355 28274.043 1 61 1000 7.742857142857143
100751 160627 89626 1647 70 1573068 2868584 2360119.612 33021 33757 26794.314 2 60 1000 7.742857142857143
100949 160364 89514 1650 70 874542 2889664 1546221.920 33237 33984 30003.393 1 60 1000 7.742857142857143
100886 160392 89341 1656 70 655555 2917104 1213353.078 33524 34274 33207.044 1 61 1000 7.742857142857143
101381 157211 89676 1658 70 1600299 2918203 2396546.344 33609 34354 27988.790 0 59 1000 7.742857142857143
101381 160055 89713 1664 70 1619551 2953281 2423489.507 33972 34733 35792.447 2 61 1000 7.742857142857143
101348 156446 89478 1667 70 2942240 2949440 2943000.624 34039 34801 30952.401 0 60 1000 7.742857142857143
101421 156333 89128 1669 70 1409878 2985211 2227817.791 34294 35064 30002.598 1 61 1000 7.742857142857143
101139 159072 88704 1672 70 1920869 3016312 2679705.895 34752 35502 31231.385 2 61 1000 7.742857142857143
101189 158500 88649 1673 70 1435435 3039314 2266477.453 34967 35694 28876.726 1 60 1000 7.742857142857143
101623 157993 88799 1678 70 1246095 3063342 2052149.831 35205 35988 34768.254 1 60 1000 7.742857142857143
101578 154391 88780 1681 70 442945 3077155 888915.746 35271 36060 31475.897 0 59 1000 7.742857142857143
101711 154480 88805 1684 70 694717 3092616 1277451.521 35554 36310 28692.456 0 58 1000 7.742857142857143
101679 157141 88391 1684 70 606419 3132374 1146012.053 35982 36744 27948.351 2 59 1000 7.742857142857143
101909 156525 88315 1689 70 952355 3148012 1669616.309 36155 37034 30862.889 0 60 1000 7.742857142857143
101588 152655 87639 1691 70 1730954 3156272 2584244.728 36319 37121 30983.027 0 59 1000 7.742857142857143
101542 152346 87331 1697 70 1294141 3181516 2126703.521 36500 37370 39289.433 1 59 1000 7.742857142857143
101634 151885 87310 1702 70 2035819 3196591 2832248.362 36820 37589 35558.883 1 59 1000 7.742857142857143
101812 151456 87258 1707 70 538766 3229052 1049324.496 37007 37880 38128.141 0 60 1000 7.742857142857143
102168 151893 87477 1709 70 2063691 3240303 2868969.496 37336 38112 29868.805 1 59 1000 7.742857142857143
