2 31 24 21343
23 8 15 18944
23 17 29 29585
23 8 19 21038
23 30 25 25148
23 43 10 18345
23 44 14 16625
23 24 29 20185
26 28 15 32076
29 27 22 15703
32 21 15 15007
37 33 27 31886
51 9 19 33034
51 25 19 22498
51 29 24 22128
51 35 28 35389
71 41 13 24995
71 23 27 27323
71 32 26 29130
71 35 37 32767
71 20 17 32691
71 26 23 19596
75 34 24 23537
79 10 22 30064
81 17 40 11347
84 4 25 15930
86 14 40 11468
95 34 25 26392
95 33 24 23551
95 46 10 14395
106 26 12 29425
106 31 25 30234
106 33 43 19299
109 9 24 30092
110 16 41 11409
119 25 15 25421
119 25 20 21084
119 44 17 18383
120 0 26 11311
125 45 20 16667
125 27 23 20099
126 47 16 13989
134 33 38 33001
134 9 23 27848
135 2 27 14373
137 31 48 12856
139 21 33 18238
143 35 24 26580
145 16 40 12288
146 20 47 8206
148 27 25 18201
150 4 27 16555
151 17 41 10991
152 20 45 8750
163 25 17 27533
163 37 23 31130
163 36 22 31120
172 6 26 22468
172 23 32 20776
172 17 32 28229
175 21 34 18928
177 18 2 9067
178 2 29 16320
182 23 17 24508
185 21 14 18400
188 20 5 11200
192 22 33 22233
194 49 15 13667
198 24 15 29401
199 15 42 13153
203 28 24 21173
212 16 32 36787
212 23 16 35351
213 0 25 15692
218 23 30 31570
219 15 41 13740
222 4 28 24988
223 19 2 10451
228 7 22 31127
228 8 5 11517
237 27 24 34663
237 28 23 30646
239 33 47 20659
240 14 42 16137
242 20 0 9778
244 32 48 19387
247 20 1 11626
252 22 16 33677
255 2 28 22204
256 19 44 12504
257 18 4 13351
259 19 45 13293
263 44 16 39474
265 20 43 18811
272 45 24 39350
273 13 41 21304
283 5 29 52224
292 43 20 58681
294 18 0 13890
298 13 43 23604
302 18 44 21758
304 17 45 24655
307 15 43 33241
314 47 18 53109
317 19 3 24395
322 18 43 34143
324 16 49 17094
330 20 4 38904
337 18 41 56652
343 18 46 33142
349 20 2 34896
363 14 41 82617
365 20 48 37758
371 13 49 34825
377 18 1 54541
381 1 49 42582
388 20 46 46992
397 19 1 44618
407 18 3 55710
415 18 49 58943
421 6 0 68329
429 8 49 73173
441 19 48 68765
447 19 0 79484
457 15 49 88391
471 49 49 30000
485 18 48 120579
501 17 49 112183
515 14 49 131025
539 19 49 179577
585 11 47 300292
