0 14 49 7029
1 20 45 7927
4 10 23 25293
6 14 40 10298
9 24 19 20247
15 35 24 20992
15 39 17 26185
17 31 48 10665
19 17 40 10526
20 17 47 7582
27 26 18 25268
27 14 32 21232
31 32 26 29118
35 28 23 14309
36 13 38 12163
38 27 25 15691
41 22 32 16512
42 18 43 8927
45 33 25 24393
50 27 13 28210
51 31 24 22128
64 25 31 22205
64 29 24 22205
64 34 22 24975
64 34 21 28047
71 31 26 29039
71 39 11 31641
75 25 16 21923
76 15 41 10627
92 41 6 21272
92 30 27 33346
92 28 12 33829
92 41 18 23744
95 23 14 19167
105 32 10 34261
105 27 14 30246
109 31 25 28567
112 24 15 22838
115 9 25 28340
118 4 26 16544
119 18 2 8145
120 18 41 10572
125 33 23 25438
127 24 14 22970
130 8 25 26499
132 13 43 9899
133 19 48 7887
135 22 16 19555
139 32 23 27021
143 23 15 22512
145 13 42 10658
148 8 22 25135
155 31 23 26945
155 8 23 29802
157 28 24 16652
159 16 40 11989
163 26 14 31019
171 8 27 32620
171 24 16 28309
179 42 32 25724
179 17 31 35607
182 21 34 20182
190 6 19 26801
190 22 33 23035
194 45 17 19971
196 18 48 8722
201 24 17 31559
203 4 25 21173
208 24 18 34034
209 19 44 10829
210 19 45 10241
211 19 3 10301
213 1 29 17261
221 32 44 26848
221 21 32 26863
225 3 26 20461
229 25 20 32989
231 17 41 14914
232 20 2 10247
237 23 17 33664
248 44 31 35622
248 23 16 38266
252 23 13 38156
253 18 44 15874
258 7 23 45063
263 21 15 34811
265 16 41 23293
270 2 27 33763
274 20 5 17574
281 20 34 50244
285 0 25 30670
287 16 49 12216
289 8 0 12524
297 2 28 48157
301 20 43 26623
304 20 48 17895
313 4 29 78586
314 20 47 20398
318 18 3 33422
320 8 2 23199
323 20 46 19918
333 47 17 55394
347 46 25 95607
354 14 41 51811
359 19 2 34066
362 18 1 28890
367 6 49 25224
373 8 49 32204
380 18 46 57626
385 18 0 38535
389 17 49 42474
396 20 1 57243
405 19 1 52836
410 2 49 55767
414 49 49 30000
423 6 2 85692
438 10 49 127312
444 15 49 54637
455 19 0 94672
465 20 0 88744
481 5 0 133753
500 4 0 151034
522 19 49 159824
538 3 49 162912
572 18 49 268480
