5 11 24 28387
5 23 28 22585
5 11 34 16575
5 42 13 19088
6 27 25 15099
25 29 8 25294
25 15 29 29985
25 29 30 35746
25 39 17 28417
25 31 20 32045
25 7 28 26363
25 41 12 22606
25 30 41 20051
25 36 30 40560
25 7 20 19163
25 43 17 18302
27 9 24 23698
29 33 26 29269
53 37 28 35325
53 37 13 35994
53 37 18 36093
53 29 35 35325
53 33 27 31240
53 15 28 36992
53 37 33 35325
53 29 20 31816
53 31 36 35318
53 32 26 27946
53 14 19 32675
60 28 15 31667
60 35 26 27980
60 33 22 25014
60 35 44 14936
64 16 29 31466
64 24 27 22238
80 38 29 36255
80 19 29 36753
80 45 12 15068
80 33 25 28414
80 45 15 15068
80 32 39 28414
80 33 23 22523
80 38 18 32013
80 26 35 28414
80 12 35 17353
81 1 29 12212
88 30 23 30685
88 33 41 20932
88 32 22 27229
88 32 41 20932
91 26 15 26564
91 23 17 19112
94 31 24 23534
94 34 47 12135
95 14 41 11169
98 32 23 23801
98 44 31 17499
102 27 14 30350
102 41 13 23989
107 26 17 28453
107 25 20 23930
107 24 18 22633
109 23 34 20389
109 44 30 18385
110 20 45 8968
116 32 25 26542
116 26 22 20108
116 18 38 13742
116 22 31 17253
116 7 21 22392
118 31 26 30295
124 35 24 27611
124 18 29 36928
124 2 25 14022
127 34 25 27913
127 25 16 25717
130 34 24 25349
130 41 15 25625
132 46 17 15287
141 41 19 26774
141 26 16 30136
141 25 36 27676
141 29 22 31080
141 25 26 26713
143 31 25 29910
144 18 43 9975
146 28 24 17492
147 28 23 16883
149 15 32 25192
150 15 39 12730
151 20 2 8357
152 2 27 13859
155 9 22 29141
155 4 20 16621
156 20 1 8050
158 14 30 32309
170 15 31 30450
170 22 20 34375
170 26 11 35743
170 42 18 28034
170 22 30 38483
170 26 12 36221
171 2 29 15010
176 20 30 38042
176 23 16 25799
176 13 48 8147
179 7 26 27933
179 5 18 22248
180 13 39 14081
188 30 24 30146
188 42 15 27551
188 36 42 28218
188 42 17 27551
192 23 14 25717
192 26 26 28016
195 25 15 31602
195 47 9 16408
196 18 3 10270
201 6 22 28979
201 21 34 20593
201 47 13 18073
201 20 5 11957
203 27 24 23665
205 32 48 13917
217 20 31 45700
217 41 28 45237
217 15 33 35545
217 43 22 40829
217 25 17 43904
228 42 27 35123
228 22 16 28557
228 25 22 30729
228 39 22 46860
228 24 20 34668
228 8 42 12410
232 29 46 21722
232 23 15 33045
234 21 32 25961
235 19 1 10840
237 33 45 24282
245 16 33 37040
245 25 21 37085
245 24 19 42115
245 20 43 12926
246 14 42 15857
247 19 2 12537
249 34 48 17733
256 13 35 31091
256 43 18 38602
256 17 34 35152
256 48 17 21400
259 6 21 45727
263 22 14 39474
263 1 23 24870
267 21 14 36572
267 5 29 52326
271 32 45 37240
275 14 39 27764
275 21 33 35022
278 21 15 50817
283 19 34 63537
285 4 27 50952
288 16 40 28656
292 43 20 58681
303 35 47 36121
303 14 35 77633
303 16 39 52485
314 46 26 66786
314 5 28 93268
314 16 38 66914
319 31 43 74493
324 4 25 83979
327 48 16 47195
336 4 28 129582
342 31 46 77140
343 18 44 42638
350 46 25 99053
352 19 3 35466
358 14 40 64395
364 31 48 100569
370 13 40 78034
383 2 24 126544
383 16 41 82696
389 20 4 89517
399 33 47 119043
406 20 3 116955
423 5 2 85692
423 31 47 200117
433 0 29 174237
443 19 4 143346
457 19 5 211282
465 19 44 156228
480 14 43 198280
498 13 44 217301
515 5 4 277856
543 6 5 431309
568 4 4 357258
