3 43 16 17354
3 26 17 23807
3 36 24 21349
4 18 41 9704
22 30 12 41439
22 36 26 28359
22 13 31 23495
22 22 26 26327
22 32 9 28596
22 34 7 22739
22 33 28 36182
22 30 17 41439
22 25 16 22739
25 5 22 15751
25 30 24 22324
27 9 25 23698
28 20 0 7382
32 34 25 25304
32 22 33 16594
57 18 29 35871
57 27 33 27622
57 13 29 33070
57 39 32 27622
57 26 35 24610
57 17 28 37320
57 28 32 31121
57 37 34 35186
57 40 18 33519
57 34 37 31124
57 12 25 37310
57 42 31 26986
57 10 23 29203
64 35 27 31415
64 39 16 28047
64 18 28 35588
65 1 21 11697
66 18 43 9122
70 11 23 31686
70 32 27 33411
88 13 32 23001
88 29 24 23349
88 15 15 27825
88 31 10 34657
88 23 21 25752
88 17 17 25752
88 15 18 28940
88 32 39 26157
88 41 32 30549
88 34 23 24272
90 24 16 21694
95 34 26 29692
95 44 15 17333
95 33 24 23551
97 24 29 21505
99 32 23 22947
100 14 40 12468
106 43 20 19287
106 41 18 23936
106 18 32 27814
110 33 40 25226
110 32 6 23968
110 26 27 28338
118 32 25 26939
118 2 21 13811
118 27 35 30295
118 35 26 30635
118 43 30 19333
118 10 40 11786
121 9 22 27986
121 6 17 20018
124 34 24 27611
126 31 25 31047
133 42 36 23192
133 9 26 30296
133 33 22 29314
133 41 15 26067
133 14 42 10643
137 25 20 25404
137 9 24 29927
140 31 23 26731
140 44 18 19218
143 31 9 36968
145 23 15 22612
147 26 15 32063
149 23 17 23489
150 15 41 10986
151 2 27 13827
155 24 23 25353
155 16 31 28497
159 5 27 18681
159 24 15 24197
159 8 22 25888
162 27 22 19413
162 30 25 29889
167 26 21 22867
167 22 32 19524
167 14 35 20517
174 7 21 25583
174 22 16 24208
174 27 25 20507
174 40 24 28906
174 39 46 15313
176 26 16 32078
178 26 26 24805
180 22 31 22295
181 18 44 9821
182 2 29 15451
186 3 28 19323
186 24 34 26032
188 23 16 24550
193 7 24 36310
193 44 32 22409
193 45 35 20123
203 5 26 23629
203 42 30 30796
203 25 25 29797
203 25 34 34809
203 19 16 33648
206 31 24 33072
208 23 30 26059
210 29 25 35395
215 15 33 34515
215 6 22 32094
215 22 35 26082
216 19 44 11698
219 6 27 28120
223 23 10 29174
223 25 18 37282
227 7 23 32602
227 21 16 37011
232 23 14 33045
232 20 32 40691
234 13 43 14477
237 46 14 23639
237 28 24 30646
239 28 23 32313
245 21 33 33258
245 5 23 29021
245 48 31 23380
255 23 31 37720
255 20 17 52216
255 19 36 27874
255 1 30 19947
255 4 30 33246
259 5 16 38691
259 4 25 34137
263 49 14 21811
263 21 34 36302
264 18 3 15160
265 20 48 12051
268 22 15 47213
271 31 46 32888
276 23 13 55009
276 20 7 23410
279 21 35 40940
281 33 47 26637
283 15 42 22175
289 2 26 42414
289 4 29 45474
291 20 43 20267
298 45 24 51675
298 14 38 43270
301 19 6 29961
306 4 28 65153
306 48 20 41395
307 19 3 26181
312 32 44 71316
319 20 37 77872
319 33 44 64953
324 46 18 63733
327 21 13 64963
330 20 5 35864
333 47 16 52255
339 33 45 81088
345 2 28 77657
350 47 33 85055
357 14 41 66030
359 20 2 34066
378 35 47 131331
378 32 47 134125
380 31 48 79183
385 13 42 86024
390 48 16 120137
398 19 41 103004
408 47 8 122764
413 19 4 120635
421 31 47 129538
429 20 4 150905
442 19 43 182159
457 20 3 147756
468 12 42 234722
480 7 5 205447
483 49 49 30000
507 20 1 215828
528 5 4 340830
548 5 3 352098
568 4 4 357258
