2 0 0 4 0 7014 56235 18174.570 500 502 25968.167 0 1 1 0.0
4 0 0 7 0 7016 50389 18646.442 500 502 14602.556 0 1 1 0.0
6 0 0 11 0 7017 50438 19087.253 500 504 13547.769 0 1 1 0.0
7 0 0 13 0 7018 50487 19652.743 500 504 6054.800 0 2 1 0.0
8 0 0 18 4 7020 50537 19592.131 495 504 11622.800 0 2 1 7.5
9 0 0 20 5 7021 50586 19548.801 495 506 4391.773 0 2 1 8.2
11 0 0 23 5 7018 48673 19450.345 495 506 6125.600 0 3 1 8.2
12 0 0 23 5 7020 48673 19455.334 495 506 179.440 0 3 1 8.2
13 0 0 24 5 7021 48605 19443.447 490 506 1813.577 0 3 1 8.2
14 0 0 29 5 7018 48605 19361.530 490 506 7239.355 0 4 1 8.2
18 0 0 31 5 7016 48243 19279.734 490 504 2919.455 0 5 1 8.2
21 0 0 32 5 7018 48243 19277.916 490 504 1549.912 0 5 2 8.2
22 0 0 33 5 7020 48174 19266.237 485 505 1503.600 0 5 2 8.2
24 0 0 34 5 7023 48174 19244.647 485 506 1297.944 0 6 2 8.2
28 0 0 35 5 7026 47813 19195.264 485 508 1256.703 0 6 2 8.2
30 0 0 37 5 7028 47813 19181.233 485 509 2454.897 0 7 2 8.2
35 0 0 39 5 7030 47744 19160.405 480 510 2297.024 0 7 2 8.2
35 0 0 39 5 7029 47744 19141.809 481 509 107.902 0 7 2 8.2
40 0 0 40 5 7144 47902 19494.465 480 509 1115.452 0 7 2 8.2
39 0 0 41 5 7155 48282 19030.715 480 509 1238.279 0 8 2 8.2
45 0 0 41 5 7155 48303 19027.598 480 509 137.791 0 10 2 8.2
49 0 0 41 5 7151 48131 18981.271 476 509 137.512 0 10 2 8.2
53 0 0 42 5 7145 47937 18919.621 475 506 1094.341 0 8 2 8.2
57 0 0 42 5 7151 48155 20024.475 475 506 156.205 0 8 3 8.2
51 0 0 45 10 7150 46883 19975.344 475 506 3067.851 0 7 2 6.7
53 0 0 50 10 7149 46883 19919.033 475 505 4372.115 0 7 2 6.7
56 0 0 51 11 7145 46453 19835.723 470 505 906.170 0 10 3 6.7272727272727275
61 0 0 52 11 7145 46453 19824.933 470 507 906.037 0 11 3 6.7272727272727275
62 0 0 54 12 7146 46453 19817.320 470 507 1624.857 0 11 3 6.75
67 0 0 56 12 7144 46453 19776.180 470 507 1719.534 0 11 3 6.75
69 0 0 57 12 7139 46022 19688.179 465 507 807.119 0 11 3 6.75
73 0 0 57 12 7137 46022 19677.630 465 505 115.136 0 11 3 6.75
76 0 0 58 12 7137 46022 19666.833 465 504 880.267 0 12 3 6.75
78 0 0 58 12 7137 46022 19666.833 465 504 113.250 0 12 3 6.75
79 0 0 58 12 7133 45592 19592.926 460 505 112.883 0 12 3 6.75
82 0 0 58 12 7135 45592 19605.302 460 505 113.000 0 13 3 6.75
85 0 0 60 12 7136 45592 19592.350 460 507 1456.984 0 12 3 6.75
91 0 0 61 12 7136 45592 19582.160 460 508 743.905 0 12 4 6.75
94 0 0 62 12 7134 46281 19958.931 455 508 766.328 0 13 4 6.75
101 0 0 62 12 7138 46453 19988.144 455 509 121.266 0 13 4 6.75
98 0 0 62 12 7138 46854 20022.498 455 510 128.859 0 13 4 6.75
101 0 0 62 12 7141 46711 20020.285 455 510 129.016 0 14 4 6.75
99 0 0 64 12 7146 47012 19121.757 450 510 1397.803 0 14 4 6.75
103 0 0 65 12 7147 46926 19106.848 450 512 766.687 0 14 4 6.75
106 0 0 66 12 7148 46926 19104.396 450 512 755.691 0 15 4 6.75
114 0 0 66 12 7147 46711 19079.773 450 512 135.956 0 15 4 6.75
118 0 0 69 12 7148 46711 19063.263 445 512 1776.042 0 15 4 6.75
127 0 0 70 12 7150 46496 19046.878 445 514 705.139 0 15 5 6.75
129 0 0 70 12 7148 46582 19039.403 445 513 134.986 0 14 5 6.75
133 0 0 71 12 7145 46367 18991.264 445 513 710.548 0 15 5 6.75
135 0 0 73 12 7144 46367 18969.492 440 512 1215.733 0 15 5 6.75
140 0 0 76 12 7143 46259 18923.617 440 512 1677.500 0 15 5 6.75
145 15 8 76 17 7145 46152 18923.888 440 512 124.090 0 14 5 6.117647058823529
139 27 12 76 17 7140 46108 18887.444 440 510 123.731 0 14 5 6.117647058823529
147 30 14 76 17 7138 46152 18881.128 435 510 123.590 0 14 5 6.117647058823529
151 39 18 78 17 7140 41918 18474.327 441 510 1110.900 0 14 5 6.117647058823529
158 45 22 78 17 7139 41884 18463.860 441 509 126.562 0 13 5 6.117647058823529
163 42 21 79 17 7138 46091 18842.162 440 509 647.728 0 13 6 6.117647058823529
163 42 22 81 17 7137 46126 18820.972 440 508 1119.880 0 15 6 6.117647058823529
167 42 22 81 21 7136 46514 19288.362 435 509 139.012 0 16 6 6.333333333333333
172 39 21 82 21 7136 46305 19238.663 437 508 623.702 0 15 6 6.333333333333333
177 39 20 83 21 7136 46256 19222.444 437 508 614.165 0 15 6 6.333333333333333
183 42 21 84 21 7133 46108 19174.683 437 508 606.186 0 14 6 6.333333333333333
189 39 22 85 23 7278 46281 19709.871 437 508 603.149 0 14 6 6.304347826086956
191 39 24 85 23 7277 46238 19694.032 432 507 137.253 0 13 6 6.304347826086956
190 42 25 85 23 7275 46184 19677.768 434 507 137.046 0 12 6 6.304347826086956
198 51 28 85 23 7270 46012 19625.650 436 506 136.839 0 11 7 6.304347826086956
204 57 29 87 23 7274 46156 19649.128 436 507 1048.022 0 14 7 6.304347826086956
209 60 30 89 23 7274 46137 19623.655 436 507 1089.055 0 13 7 6.304347826086956
214 60 31 89 23 7274 46147 19626.691 436 507 136.187 0 13 7 6.304347826086956
220 66 34 89 23 7268 45946 19566.111 431 506 135.857 0 13 7 6.304347826086956
234 72 37 90 23 7268 45965 19153.978 433 505 578.467 0 12 7 6.304347826086956
247 81 40 91 23 7266 45889 19129.495 437 505 536.516 0 12 8 6.304347826086956
261 87 43 91 23 7268 45955 19143.926 437 505 143.237 0 14 8 6.304347826086956
271 90 44 91 23 7260 45707 19080.661 437 506 142.720 0 15 9 6.304347826086956
279 90 46 92 23 7261 45736 19079.498 436 505 529.234 0 14 9 6.304347826086956
289 90 48 93 23 7261 45745 20441.315 431 504 528.379 0 14 9 6.304347826086956
299 102 54 93 23 7263 45793 19540.565 436 505 154.421 0 13 9 6.304347826086956
304 108 53 94 23 7257 45602 19516.670 436 505 450.979 0 13 10 6.304347826086956
311 111 57 97 28 7259 45659 19504.817 431 504 1226.909 0 12 10 6.642857142857143
311 108 58 98 29 7258 45630 19463.047 431 506 590.740 0 13 10 6.931034482758621
319 111 60 99 29 7259 45688 19461.816 431 506 542.178 0 12 10 6.931034482758621
327 111 61 100 29 7250 45401 19398.478 431 506 423.980 0 13 10 6.931034482758621
336 117 64 101 29 7252 45468 19401.335 426 506 569.146 0 13 10 6.931034482758621
324 132 64 101 29 7255 45535 19395.844 426 505 141.796 0 13 11 6.931034482758621
348 134 67 102 29 7252 45439 19390.496 426 505 491.404 0 13 11 6.931034482758621
355 131 68 102 29 7249 45372 19956.518 426 505 144.692 0 13 11 6.931034482758621
363 137 70 103 33 7252 45468 19937.929 421 505 508.562 0 13 11 6.96969696969697
375 149 76 103 33 7426 46481 20063.774 421 505 156.857 0 14 12 6.96969696969697
381 152 82 104 33 7422 46388 20033.695 421 505 482.226 0 13 12 6.96969696969697
384 148 80 104 35 7422 46407 20403.109 421 506 160.019 0 13 12 7.057142857142857
391 150 83 107 35 7416 46259 20346.803 416 506 1201.009 0 13 12 7.057142857142857
400 163 89 108 35 7417 46277 20332.823 420 507 570.236 0 13 13 7.057142857142857
418 201 103 110 37 7419 46314 20339.961 422 507 901.446 0 13 13 7.27027027027027
427 212 109 111 38 7421 46370 20351.070 422 508 548.195 0 13 13 7.5
441 220 110 112 38 7413 46184 20294.476 424 508 496.921 0 13 13 7.5
460 227 110 112 38 7415 46221 20306.259 426 510 153.588 0 14 14 7.5
469 233 116 112 40 7415 46221 19940.065 426 511 157.860 0 14 15 7.575
483 257 126 112 40 7419 46314 20761.137 426 511 162.088 0 14 15 7.575
477 250 123 113 40 7144 44335 19750.458 426 512 505.209 0 14 15 7.575
489 252 132 114 40 7146 44645 20227.443 420 513 534.138 0 14 15 7.575
485 283 144 116 42 7147 44688 20219.303 426 513 882.339 0 14 15 7.5476190476190474
502 285 152 118 42 7148 44746 20210.802 426 514 881.042 0 14 15 7.5476190476190474
502 300 156 118 42 7150 44631 20192.514 427 514 166.225 0 14 15 7.5476190476190474
512 308 167 118 42 7278 46266 20288.455 427 515 174.225 0 14 15 7.5476190476190474
506 329 176 121 42 7283 46420 20270.788 429 516 1191.146 0 15 16 7.5476190476190474
531 335 184 123 45 7288 46600 20295.481 429 516 898.816 0 14 16 7.5777777777777775
546 346 193 125 45 7288 46594 20257.520 429 516 811.047 0 14 16 7.5777777777777775
558 362 210 127 47 7288 46588 20253.252 430 516 761.891 0 14 17 7.702127659574468
571 367 214 127 48 7290 46637 20252.001 431 518 174.016 0 15 17 7.958333333333333
589 382 225 127 48 7290 46662 20300.356 432 518 177.876 0 15 18 7.958333333333333
614 394 236 130 48 7293 46754 20264.929 433 520 1129.553 0 15 18 7.958333333333333
629 404 240 131 48 7295 46809 20260.784 433 520 471.895 0 15 19 7.958333333333333
644 418 250 132 48 7294 46791 20250.485 434 522 468.381 0 15 19 7.958333333333333
668 447 274 134 48 7297 46877 20261.082 434 522 764.059 0 16 20 7.958333333333333
691 465 289 134 53 7303 47072 20306.385 434 522 176.949 0 16 20 8.075471698113208
706 527 316 136 53 7308 47217 19873.169 438 524 819.123 0 16 21 8.075471698113208
717 534 327 136 54 7310 47281 19887.166 438 525 178.507 0 16 21 8.055555555555555
738 565 343 136 54 7312 47330 19897.008 439 526 178.855 0 16 22 8.055555555555555
753 559 346 137 54 7313 47367 19900.533 440 526 465.856 0 15 22 8.055555555555555
771 567 368 138 54 7312 47344 19890.015 440 527 505.764 0 16 23 8.055555555555555
799 594 379 139 54 7316 47460 19908.861 441 527 474.071 0 16 24 8.055555555555555
816 606 394 139 54 7316 47481 19920.616 442 528 182.617 0 16 24 8.055555555555555
837 618 397 140 57 7318 47541 19929.348 443 530 475.366 0 16 24 8.087719298245615
860 629 416 140 57 7324 47720 20430.877 443 531 188.923 0 17 25 8.087719298245615
891 627 428 144 57 7326 47782 20864.277 443 532 1319.212 0 17 26 8.087719298245615
914 652 444 146 59 7480 46135 21391.269 445 533 799.642 0 17 27 8.084745762711865
931 675 444 147 59 7486 46311 21437.549 446 534 453.215 0 17 28 8.084745762711865
970 673 452 147 59 7486 46305 21423.843 446 534 190.537 0 17 28 8.084745762711865
1004 729 488 149 61 7491 46436 21448.655 447 536 720.437 0 17 29 8.081967213114755
1014 754 497 151 61 7494 46516 21002.501 448 536 766.242 0 18 30 8.081967213114755
1030 762 505 154 62 7495 46533 20991.190 449 537 973.224 0 17 30 8.161290322580646
1057 813 536 154 62 7498 46636 21017.209 446 538 192.846 0 18 32 8.161290322580646
1081 819 546 157 62 7500 46682 21004.252 446 540 972.635 0 17 31 8.161290322580646
1123 849 576 159 62 7501 46717 22017.316 446 540 732.379 0 18 33 8.161290322580646
1159 886 593 159 62 7510 46942 22050.190 446 542 193.919 0 18 33 8.161290322580646
1171 873 579 162 62 7510 46964 22017.127 441 542 988.573 0 18 34 8.161290322580646
1204 916 615 163 62 7515 47077 21123.174 443 544 468.188 0 18 35 8.161290322580646
1248 939 626 165 62 7516 47104 20206.562 445 545 740.102 0 19 35 8.161290322580646
1281 952 642 167 62 7518 47157 20208.034 445 545 645.148 0 19 36 8.161290322580646
1323 982 656 167 67 7523 47313 20699.136 447 548 198.237 0 20 38 8.119402985074627
1364 1015 693 168 67 7527 47410 20719.298 447 548 441.900 0 20 38 8.119402985074627
1385 1033 715 170 68 7529 47465 20720.222 449 549 650.721 0 20 40 8.117647058823529
1411 1038 725 171 69 7531 47521 21614.594 449 549 471.642 0 20 41 8.26086956521739
1467 1060 766 171 69 7534 47612 22161.076 451 551 200.538 0 21 42 8.26086956521739
1475 1078 786 171 70 7380 49489 21627.465 452 553 203.867 0 21 44 8.314285714285715
1506 1098 809 171 71 7382 49563 21659.116 452 553 206.977 0 20 43 8.295774647887324
1547 1140 841 172 71 7385 49656 20774.875 454 554 474.448 0 20 44 8.295774647887324
1593 1163 868 172 72 7548 47988 22219.934 456 556 214.971 0 21 46 8.277777777777779
1639 1232 910 175 73 7555 48161 21774.359 458 558 953.401 0 22 47 8.356164383561644
1679 1281 950 177 74 7739 48283 22399.476 458 558 704.257 0 21 47 8.554054054054054
1721 1321 1002 178 75 7740 48342 22397.422 458 558 452.822 0 22 49 8.626666666666667
1726 1347 1006 179 75 7744 48401 22421.544 459 561 423.000 0 23 51 8.626666666666667
1777 1370 1040 180 75 7743 46711 23592.229 461 561 451.747 0 23 51 8.626666666666667
1800 1438 1085 184 77 7749 46826 23597.431 462 563 1126.597 0 24 53 8.64935064935065
1814 1461 1089 186 78 7749 46826 23579.840 463 564 679.590 0 23 53 8.846153846153847
1852 1500 1111 187 78 8022 48166 24388.945 465 566 461.376 0 23 53 8.846153846153847
1882 1557 1154 189 79 8022 48166 24376.476 466 567 672.571 0 24 55 8.79746835443038
1945 1610 1214 189 79 8022 48166 24381.579 468 567 212.822 0 25 57 8.79746835443038
1982 1624 1231 193 79 7592 49186 22073.640 468 569 1170.749 0 25 57 8.79746835443038
2028 1687 1268 195 79 7597 49319 22056.379 463 571 655.330 0 25 58 8.79746835443038
2074 1758 1293 198 79 7602 49448 22059.080 463 573 845.975 0 25 59 8.79746835443038
2108 1798 1323 198 79 7605 49534 22074.213 463 575 210.595 0 25 62 8.79746835443038
2130 1832 1335 199 79 7791 47799 22152.886 463 575 411.592 0 25 61 8.79746835443038
2170 1851 1366 203 79 7793 47848 22137.499 458 576 1012.361 0 25 62 8.79746835443038
2215 1880 1374 204 79 7799 47984 22172.996 464 578 417.286 0 25 62 8.79746835443038
2279 1989 1406 205 79 7808 48191 23210.083 466 580 419.053 0 26 65 8.79746835443038
2329 1999 1457 205 79 8011 48237 23805.835 461 580 218.140 0 27 68 8.79746835443038
2379 2046 1495 205 79 8038 48444 24474.553 461 583 221.130 0 27 69 8.79746835443038
2439 2147 1565 206 84 8039 48462 24484.533 461 584 446.562 0 27 70 8.678571428571429
2522 2219 1599 209 85 8035 48530 24440.544 461 586 859.123 0 28 71 8.741176470588234
2556 2286 1651 214 85 8036 48673 24413.958 463 588 1306.699 0 28 72 8.741176470588234
2607 2324 1657 215 85 8036 48841 23425.463 463 589 434.290 0 28 74 8.741176470588234
2689 2337 1698 215 85 7327 48847 21211.466 465 590 221.097 0 28 77 8.741176470588234
2725 2410 1741 215 85 7662 51065 22864.290 465 592 226.484 0 29 78 8.741176470588234
2779 2466 1782 219 88 7666 51175 22852.937 467 593 984.050 0 29 79 8.875
2839 2587 1848 220 88 7672 51355 22921.234 469 595 400.491 0 31 82 8.875
2901 2635 1893 221 88 7675 51414 22432.000 471 596 437.323 0 30 83 8.875
2978 2752 1970 221 90 7681 51578 21997.148 473 598 230.076 0 31 85 8.9
3058 2816 2049 223 91 7687 51765 23083.218 473 600 615.591 0 30 86 8.956043956043956
3157 2857 2122 225 91 7691 51872 23104.199 473 601 587.093 0 31 90 8.956043956043956
3255 2958 2214 226 91 7697 52011 23147.167 473 604 415.934 0 31 95 8.956043956043956
3334 3060 2263 228 91 7702 52153 24809.526 468 607 569.487 0 32 97 8.956043956043956
3401 3168 2351 230 91 7708 52322 24826.765 468 606 648.138 0 32 99 8.956043956043956
3474 3230 2425 234 91 8113 49731 24465.656 468 609 982.182 0 32 99 8.956043956043956
3616 3310 2535 237 91 8142 50233 26099.019 468 610 751.439 0 32 100 8.956043956043956
3700 3490 2652 239 91 8151 50396 26106.220 463 613 617.477 0 33 107 8.956043956043956
3697 3512 2627 242 95 8155 50463 26105.929 463 614 774.340 0 33 105 8.947368421052632
3759 3558 2669 243 95 8153 50426 26095.637 465 617 440.478 0 34 109 8.947368421052632
3859 3619 2724 247 95 8159 51363 25110.478 467 619 958.157 0 34 108 8.947368421052632
3923 3781 2829 247 95 8172 50759 25744.123 469 620 245.695 0 35 115 8.947368421052632
4005 3903 2908 250 97 7964 51832 25141.999 471 622 788.500 0 36 115 8.969072164948454
4109 4014 2961 252 97 7967 51914 25155.724 473 624 619.583 0 34 115 8.969072164948454
4183 4109 3045 256 97 7577 55693 23926.801 475 627 976.225 0 35 119 8.969072164948454
4272 4285 3170 262 99 7584 55903 22944.845 477 629 1218.739 0 35 121 9.01010101010101
4362 4427 3281 262 100 7591 56122 23019.661 481 632 244.663 0 37 127 9.14
4486 4551 3384 265 100 8485 56170 25657.060 483 634 677.831 0 38 127 9.14
4589 4662 3468 267 100 8479 56063 25617.622 483 635 585.394 0 38 130 9.14
4710 4822 3610 269 100 8485 56170 25650.209 486 637 583.011 0 38 134 9.14
4812 4930 3700 272 100 8892 56235 29497.632 490 640 741.080 0 39 138 9.14
4867 5018 3787 272 104 8892 56278 29510.460 492 642 247.536 0 38 138 9.326923076923077
4950 5241 3877 273 104 8892 56235 27226.601 494 646 430.244 0 38 140 9.326923076923077
5073 5313 4022 273 105 8860 56682 28237.238 490 647 254.462 0 40 145 9.342857142857143
5206 5551 4183 276 105 8860 55762 26638.125 490 650 769.414 0 39 148 9.342857142857143
5345 5694 4306 278 106 8860 57411 28352.957 490 653 501.879 0 40 152 9.39622641509434
5507 5789 4464 281 106 8860 57483 28379.620 490 653 767.102 0 42 156 9.39622641509434
5647 5950 4616 285 106 8831 57698 28321.009 485 659 892.000 0 42 161 9.39622641509434
5776 6150 4769 286 106 8837 57741 28365.534 485 661 414.976 0 42 162 9.39622641509434
5878 6420 4915 286 106 8848 57999 27337.174 487 664 260.208 0 43 165 9.39622641509434
6032 6484 5044 288 106 8110 55240 25052.004 491 667 565.424 0 44 168 9.39622641509434
6160 6747 5197 291 106 8121 56694 25604.184 495 670 741.147 0 45 178 9.39622641509434
6281 6961 5353 294 106 8388 55775 25311.203 497 674 746.574 0 45 175 9.39622641509434
6410 7324 5507 297 106 8403 59149 26531.348 502 676 760.652 0 46 182 9.39622641509434
6586 7650 5690 297 106 8420 59383 29681.207 503 680 278.532 0 47 183 9.39622641509434
6782 7848 5893 300 106 8427 59979 29761.899 507 684 769.715 0 46 188 9.39622641509434
6947 8232 6043 303 106 8450 57526 29286.082 511 689 791.302 0 48 197 9.39622641509434
7076 8447 6234 307 111 8461 57341 26923.732 509 691 892.968 0 48 206 9.333333333333334
7223 9025 6474 308 111 7991 59998 25611.678 513 695 413.865 0 49 209 9.333333333333334
7381 9376 6643 310 111 8004 60352 28070.626 519 699 519.099 0 50 214 9.333333333333334
7515 9511 6762 311 111 8013 60595 28130.809 521 703 463.684 0 48 213 9.333333333333334
7680 9807 6970 316 111 8527 56762 27315.699 525 707 1062.330 0 48 217 9.333333333333334
7869 10314 7150 317 111 8550 57221 27466.111 529 713 471.577 0 51 227 9.333333333333334
8057 10381 7309 320 111 8291 59477 26753.155 532 715 728.960 0 53 229 9.333333333333334
8210 10924 7508 321 111 8315 61020 26969.225 539 722 487.774 0 53 232 9.333333333333334
8332 11119 7609 324 111 8608 58398 25975.678 542 726 729.518 0 53 239 9.333333333333334
8497 11217 7736 329 111 8631 61786 29162.710 547 730 1030.296 0 55 243 9.333333333333334
8751 11523 7985 330 111 8647 62260 29316.924 551 734 469.340 0 54 248 9.333333333333334
8913 11824 8104 334 116 8667 62555 29429.105 556 739 933.220 0 55 252 9.301724137931034
9025 12223 8255 336 116 8690 62850 28950.364 562 745 640.204 0 56 255 9.301724137931034
9231 12336 8450 338 116 8995 63096 29775.575 565 748 658.982 0 56 257 9.301724137931034
9415 12860 8659 339 116 9830 62260 30420.582 570 754 490.029 0 56 266 9.301724137931034
9589 13041 8832 343 118 8746 63112 27964.465 570 757 870.322 0 56 271 9.338983050847459
9823 13364 9087 345 118 9070 63504 29590.177 570 763 634.380 0 58 279 9.338983050847459
10011 13902 9338 348 119 9101 65025 31107.346 564 768 752.309 0 57 283 9.319327731092438
10254 14408 9643 350 120 9133 64519 30631.693 574 775 620.812 0 59 285 9.441666666666666
10490 14725 9887 352 120 9171 64964 30891.500 577 779 638.218 0 59 303 9.441666666666666
10747 15058 10159 357 121 9200 65388 30302.553 583 783 1087.164 0 60 298 9.462809917355372
11014 15324 10501 360 121 9217 64002 31176.246 589 788 839.859 0 60 318 9.462809917355372
11279 16026 10831 364 121 9247 64555 31347.807 595 796 984.194 0 61 320 9.462809917355372
11559 16292 11090 367 121 9266 64823 31428.380 598 800 843.051 0 61 327 9.462809917355372
11880 17051 11471 370 121 8628 67349 29797.024 604 808 803.481 0 62 330 9.462809917355372
12139 17464 11794 372 121 8980 65856 27928.416 613 813 656.455 0 63 338 9.462809917355372
12435 18168 12130 377 121 9011 68372 32529.834 619 818 1049.172 0 64 351 9.462809917355372
12665 18238 12336 379 121 9023 68722 32614.656 622 824 629.877 0 65 358 9.462809917355372
12889 19105 12648 381 125 9056 69350 32860.305 628 831 642.582 0 66 373 9.512
13217 19392 13015 383 126 10349 69714 35906.076 634 836 639.138 0 63 373 9.571428571428571
13462 19925 13303 386 127 10380 70241 31505.695 642 842 864.286 0 65 380 9.67716535433071
13796 20992 13752 387 127 10422 70915 32441.548 648 850 553.833 0 64 399 9.67716535433071
14062 21488 14005 388 128 9541 72425 34759.587 653 856 499.518 0 62 393 9.71875
14375 21824 14362 391 128 9185 69989 32297.264 659 860 820.440 0 63 415 9.71875
14746 22855 14801 393 128 9609 72632 32695.636 668 870 708.927 0 65 417 9.71875
15132 23258 15188 393 128 11215 73051 35989.250 668 875 423.499 0 65 421 9.71875
15471 23871 15530 402 128 11215 73675 36882.267 668 883 1734.926 0 66 437 9.71875
15825 24896 15905 411 128 11239 74516 37034.015 671 892 1768.712 0 69 457 9.71875
16267 25370 16352 412 128 8956 75003 30598.640 674 898 579.300 0 69 451 9.71875
16614 26826 16776 415 132 10802 74711 35176.057 686 908 821.163 0 70 469 9.757575757575758
16985 27222 17200 418 132 8363 72199 29070.983 692 914 872.707 0 71 480 9.757575757575758
17434 28439 17667 421 132 8393 77457 27482.462 704 925 872.806 1 74 501 9.757575757575758
17888 29289 18116 424 133 9926 77138 36339.818 713 933 811.444 0 76 497 9.759398496240602
18261 29980 18515 428 133 8443 77925 34143.275 722 944 1007.240 0 78 520 9.759398496240602
18621 30259 18879 435 133 8463 78409 35220.676 728 951 1381.858 0 79 538 9.759398496240602
18941 31445 19141 438 133 8497 81724 32811.796 739 963 850.809 0 79 535 9.759398496240602
19364 31982 19528 444 135 8517 80096 34783.425 750 970 1366.000 0 81 550 9.807407407407407
19780 33207 20019 447 135 10173 80455 38782.719 760 984 811.272 0 81 563 9.807407407407407
20205 34031 20523 450 135 12043 81242 41645.284 769 994 984.668 0 81 570 9.807407407407407
20631 34376 20951 456 135 8952 86036 34675.661 776 1000 1348.535 0 81 582 9.807407407407407
21027 35068 21300 461 137 11486 83468 41043.100 782 1012 1220.071 0 82 594 9.832116788321168
21488 36268 21739 466 137 9874 83813 38706.092 797 1023 1292.870 0 82 596 9.832116788321168
21897 37003 22085 471 137 9918 84700 40094.030 807 1034 1158.945 0 83 618 9.832116788321168
22436 37944 22580 474 137 9090 89778 30732.077 819 1044 1005.166 0 84 633 9.832116788321168
22935 38362 22967 475 138 10511 83995 37352.062 827 1050 675.881 0 85 647 9.847826086956522
23347 40128 23424 477 138 12582 85757 41748.556 828 1066 851.288 0 86 659 9.847826086956522
23845 40524 23874 484 138 12693 88260 44572.510 828 1075 1580.039 0 88 689 9.847826086956522
24488 41756 24559 490 138 12754 91206 43808.431 836 1087 1326.037 0 88 679 9.847826086956522
25072 43071 25099 497 140 10194 92258 36309.303 844 1097 1491.563 0 88 708 9.892857142857142
25657 44937 25666 501 140 10254 91461 38935.907 859 1112 1003.336 0 90 710 9.892857142857142
26317 45482 26328 510 140 9778 94180 40055.174 871 1118 1955.398 0 91 730 9.892857142857142
26978 46744 27051 515 140 10346 93310 41805.021 879 1132 1359.549 0 90 761 9.892857142857142
27684 48137 27741 521 140 10397 94325 42127.719 891 1146 1376.728 0 91 767 9.892857142857142
28399 50678 28580 524 140 9465 99961 37361.227 915 1165 1060.625 1 95 804 9.892857142857142
29135 51257 29292 529 140 14459 94394 46199.517 921 1170 1286.200 0 94 808 9.892857142857142
29822 52859 30013 535 140 9537 101903 40303.677 933 1186 1473.387 0 94 841 9.892857142857142
30533 54408 30779 537 141 11245 100882 42629.763 948 1201 962.390 1 95 847 9.886524822695035
31176 55800 31502 539 141 9622 104215 43772.826 960 1213 950.887 0 95 886 9.886524822695035
31740 58342 32206 546 142 10760 101609 44465.204 979 1225 1704.330 1 98 918 9.901408450704226
32372 59985 32966 548 142 10816 102737 47407.379 995 1247 955.347 0 100 935 9.901408450704226
33157 61456 33910 551 142 10879 103999 51775.873 1007 1259 1142.242 0 101 919 9.901408450704226
33821 63089 34638 556 143 10943 105287 45758.153 1016 1273 1499.052 0 102 940 9.937062937062937
34623 64253 35574 561 143 12458 106241 44257.098 1016 1285 1354.037 0 105 998 9.937062937062937
35308 66019 36295 563 143 12548 107643 47206.834 1021 1299 1056.878 0 105 1000 9.937062937062937
35920 68771 37015 566 143 17003 103069 56928.179 1036 1321 1144.430 0 106 1000 9.937062937062937
36894 70893 38073 572 144 9518 108657 45687.899 1054 1337 1683.814 0 108 1000 9.9375
37741 72839 39000 576 144 10074 110140 44561.357 1074 1357 1264.277 0 109 1000 9.9375
38548 73643 39897 580 144 12081 112030 54816.427 1082 1363 1346.270 0 109 1000 9.9375
39203 75483 40657 586 144 12167 112627 50654.692 1102 1381 1666.289 0 103 1000 9.9375
39855 76879 41421 588 144 10804 118121 47346.137 1118 1399 1127.963 0 106 1000 9.9375
40636 78477 42265 592 144 15342 119686 54990.734 1131 1419 1348.296 0 102 1000 9.9375
41335 80075 43210 597 144 15511 118049 63608.680 1151 1437 1443.556 0 104 1000 9.9375
42063 82954 44031 601 144 12535 121962 56445.318 1169 1458 1547.740 0 106 1000 9.9375
42839 83627 44998 606 144 12593 119994 53229.920 1184 1470 1760.730 0 107 1000 9.9375
43580 86961 45933 611 144 12716 126218 50813.655 1208 1496 1683.591 1 109 1000 9.9375
44195 88328 46706 617 144 13750 127767 53532.382 1224 1508 1700.078 0 109 1000 9.9375
44902 88738 47505 623 147 12010 128747 47552.597 1240 1522 1766.642 0 109 1000 9.993197278911564
45394 91772 48242 627 147 15086 130831 56945.558 1258 1547 1513.755 2 110 1000 9.993197278911564
45966 93383 49080 635 147 17923 130357 61993.264 1280 1564 2042.752 0 109 1000 9.993197278911564
46493 93405 49792 640 147 18074 133370 60815.653 1288 1577 1810.897 0 107 1000 9.993197278911564
46959 95032 50504 649 147 14246 133003 57156.209 1314 1597 2354.575 0 110 1000 9.993197278911564
47461 98423 51187 653 147 12436 135288 57038.887 1342 1624 1645.347 1 110 1000 9.993197278911564
47995 99791 51917 659 147 12520 136967 57271.209 1358 1645 2022.095 0 111 1000 9.993197278911564
48649 99738 52677 668 147 20618 135835 75177.425 1366 1653 2352.945 0 110 1000 9.993197278911564
49146 102563 53382 672 147 11835 142166 50330.210 1394 1680 1668.862 2 111 1000 9.993197278911564
49740 102066 54114 673 147 16062 137916 74306.104 1405 1692 1193.807 0 110 1000 9.993197278911564
50281 103615 54776 679 147 16198 138516 69048.667 1424 1708 2075.722 0 105 1000 9.993197278911564
50927 105504 55606 685 150 15027 140330 61954.614 1448 1732 2061.102 0 106 1000 10.04
51452 108552 56282 688 150 16524 145755 73101.652 1472 1759 1461.351 0 107 1000 10.04
52143 108316 57038 692 150 18127 146885 71975.961 1484 1774 1829.187 0 103 1000 10.04
52683 111989 57799 695 150 22140 148711 79052.664 1517 1804 1653.598 2 106 1000 10.04
53082 110960 58288 698 150 15517 151862 65363.717 1528 1815 1550.263 0 103 1000 10.04
53806 115018 59266 706 151 14471 152447 70099.229 1559 1845 2448.675 1 106 1000 10.039735099337749
54241 113994 59784 712 151 20633 155567 80947.261 1578 1861 2200.933 0 108 1000 10.039735099337749
54749 115551 60531 716 151 11739 156179 72575.361 1594 1881 1882.567 0 103 1000 10.039735099337749
55242 116791 61176 725 151 17470 155686 82323.436 1612 1902 2564.550 0 104 1000 10.039735099337749
55652 119703 61728 729 151 19382 160715 86720.324 1650 1934 1955.781 1 104 1000 10.039735099337749
56291 120672 62387 731 152 12854 165959 81904.313 1668 1961 1510.779 0 108 1000 10.052631578947368
56835 122091 62991 736 152 26780 159592 99504.527 1692 1982 2149.039 0 106 1000 10.052631578947368
57303 121173 63612 740 152 18085 160776 85982.943 1702 1994 2045.877 0 107 1000 10.052631578947368
57927 124763 64241 746 153 16731 165682 78843.549 1726 2026 2337.499 0 105 1000 10.084967320261438
58461 125969 64895 753 153 15479 169875 71039.795 1750 2047 2488.853 0 104 1000 10.084967320261438
59040 125224 65601 757 153 15542 170962 81473.358 1766 2061 2059.839 0 103 1000 10.084967320261438
59481 126443 66250 764 153 13332 177105 60936.344 1790 2091 2541.530 0 104 1000 10.084967320261438
59812 130083 66920 770 153 15823 180127 68508.599 1824 2118 2032.947 0 102 1000 10.084967320261438
60128 128885 67549 777 153 13500 181022 80425.068 1833 2130 2386.890 0 97 1000 10.084967320261438
60684 130554 68207 784 153 14713 181023 73076.115 1860 2150 2751.314 0 97 1000 10.084967320261438
60723 134149 68459 787 153 17676 179740 83501.122 1892 2191 1867.183 0 99 1000 10.084967320261438
61095 135046 69130 793 153 17814 181795 84146.212 1915 2213 2488.138 0 99 1000 10.084967320261438
61579 133755 69665 799 154 17868 185599 90120.339 1922 2223 2524.918 0 95 1000 10.097402597402597
62148 137855 70558 805 154 18073 185652 93678.238 1958 2257 2576.898 2 98 1000 10.097402597402597
62504 139037 70920 810 154 18206 187635 91967.888 1985 2284 2388.043 1 96 1000 10.097402597402597
62984 137642 71593 813 154 18266 190744 89317.046 1999 2293 2062.090 0 98 1000 10.097402597402597
63289 139337 72248 815 154 18417 196921 71253.646 2023 2320 1868.720 0 97 1000 10.097402597402597
63644 140968 72798 820 154 20416 199135 92725.106 2033 2341 2490.858 0 97 1000 10.097402597402597
63946 145199 73233 824 155 12356 202178 71380.504 2053 2379 2231.586 2 99 1000 10.116129032258064
64169 146272 73570 829 156 14496 204283 82198.633 2073 2401 2340.046 0 100 1000 10.173076923076923
64481 144505 74012 838 156 18964 201048 83814.781 2093 2419 3025.525 1 102 1000 10.173076923076923
64892 146096 74601 841 156 17400 207395 75252.623 2113 2440 2004.265 0 98 1000 10.173076923076923
65326 147571 75364 846 156 21246 203259 102090.821 2143 2465 2308.762 0 101 1000 10.173076923076923
65477 148127 75455 851 156 19392 205273 101403.240 2160 2485 2710.155 0 99 1000 10.173076923076923
65775 152393 76100 854 156 19613 210724 99693.296 2200 2527 2309.770 1 98 1000 10.173076923076923
66096 150195 76498 857 156 14993 215875 79551.724 2210 2536 2277.180 0 97 1000 10.173076923076923
66629 151709 77129 859 157 21908 211736 109015.980 2237 2562 1971.856 0 95 1000 10.19108280254777
66985 156173 77699 865 157 27436 216581 120768.471 2278 2596 2824.020 0 99 1000 10.19108280254777
67393 157779 78231 871 158 22366 221767 91295.097 2308 2631 3064.792 0 98 1000 10.265822784810126
67958 155499 78849 879 158 34773 222904 112302.861 2313 2638 3226.716 0 94 1000 10.265822784810126
68082 159366 79179 882 158 35201 226255 113822.976 2357 2677 2314.725 2 93 1000 10.265822784810126
68227 160649 79534 887 158 35789 228587 112237.368 2390 2710 2759.831 0 96 1000 10.265822784810126
68422 158167 79719 894 158 22966 229600 90324.675 2398 2722 3126.331 0 93 1000 10.265822784810126
68599 159170 80056 900 158 23147 231990 91023.883 2418 2748 2725.142 0 93 1000 10.265822784810126
69286 164355 81053 907 159 36643 235883 117986.705 2475 2794 2955.469 0 97 1000 10.29559748427673
69678 162374 81604 910 159 15984 238999 72557.812 2478 2801 2398.936 0 93 1000 10.29559748427673
70273 167025 82378 912 159 23829 240768 93941.311 2526 2850 2172.579 2 95 1000 10.29559748427673
70588 164971 82865 916 159 14851 239656 91746.797 2538 2868 2593.052 0 95 1000 10.29559748427673
70843 168848 83438 918 159 17920 245429 95431.903 2574 2907 2134.684 1 91 1000 10.29559748427673
71136 169873 83812 924 159 19870 246652 119538.120 2604 2933 3266.822 1 90 1000 10.29559748427673
71590 167605 84385 928 160 19932 246867 100525.151 2627 2949 2859.109 0 90 1000 10.325
71972 172556 85130 932 160 20170 250982 117683.836 2673 2994 2641.461 3 95 1000 10.325
71955 169645 85141 937 160 34871 254264 124346.185 2693 3005 3319.832 0 91 1000 10.325
72391 174410 85924 938 160 18566 258407 84782.990 2723 3056 2226.451 1 88 1000 10.325
72655 175507 86549 941 160 40156 256764 144065.782 2756 3086 2501.913 0 87 1000 10.325
73088 177031 87136 946 160 40567 263791 137921.213 2792 3123 3302.295 2 88 1000 10.325
73698 178325 87965 949 161 25852 266382 119433.879 2833 3141 2886.093 1 90 1000 10.354037267080745
73750 175217 87924 953 161 32451 265256 108698.030 2832 3158 3013.906 0 88 1000 10.354037267080745
74186 176601 88633 958 161 21153 267971 105530.840 2868 3185 3078.171 0 89 1000 10.354037267080745
74319 177521 89026 960 161 41795 266979 162495.454 2893 3226 2662.201 1 88 1000 10.354037267080745
74566 182040 89450 966 161 42370 272538 147276.475 2943 3262 3758.043 2 90 1000 10.354037267080745
75030 179266 89769 969 161 29888 276531 144421.662 2954 3286 2964.138 0 86 1000 10.354037267080745
75339 180495 90214 972 161 21754 279334 136172.352 2987 3310 3002.513 2 88 1000 10.354037267080745
75766 185165 91072 975 161 27261 278303 148894.958 3031 3362 3102.163 2 87 1000 10.354037267080745
76150 182673 91619 983 161 56102 279347 170126.045 3031 3372 4201.604 0 84 1000 10.354037267080745
76205 183611 91777 985 161 30856 282941 153534.890 3046 3410 2901.769 1 85 1000 10.354037267080745
76340 188059 92007 994 161 20289 293003 80129.235 3106 3457 4354.130 3 84 1000 10.354037267080745
76594 185150 92448 1001 161 20340 294043 107000.436 3121 3470 3445.715 0 83 1000 10.354037267080745
76954 189667 93035 1004 161 31771 292101 144046.046 3181 3515 2788.065 2 87 1000 10.354037267080745
77375 190791 93569 1009 163 36014 294991 162513.967 3177 3553 3888.905 0 84 1000 10.411042944785276
78096 188467 94409 1017 163 36147 294183 167101.359 3192 3566 4631.366 0 85 1000 10.411042944785276
78348 189004 94739 1021 163 36437 305344 119028.414 3223 3598 3507.204 0 84 1000 10.411042944785276
78727 193521 95201 1026 163 21133 309962 87280.300 3271 3651 3352.397 2 86 1000 10.411042944785276
78699 189406 95235 1033 163 53754 311012 177398.933 3299 3662 3657.940 0 86 1000 10.411042944785276
78710 190020 95387 1036 163 54166 313952 164146.161 3331 3712 3252.708 0 84 1000 10.411042944785276
79110 194612 95801 1037 164 29913 316721 120943.060 3391 3762 2931.085 2 85 1000 10.475609756097562
79121 190856 95745 1037 164 37985 317784 150309.599 3391 3772 2713.962 0 83 1000 10.475609756097562
79332 195674 96107 1044 164 38477 322537 152153.845 3441 3828 4223.139 0 83 1000 10.475609756097562
79840 192591 96616 1052 164 43623 317339 176053.910 3458 3842 4269.680 0 82 1000 10.475609756097562
80291 197423 97102 1057 164 64627 328557 190963.994 3526 3889 4038.646 3 83 1000 10.475609756097562
80450 197926 97240 1060 164 44600 323256 196389.281 3560 3942 3399.118 1 84 1000 10.475609756097562
80897 198667 97929 1063 164 18362 336846 125369.056 3578 3976 3545.043 1 83 1000 10.475609756097562
80941 199238 98029 1064 164 28173 335930 144924.196 3630 4007 3064.327 0 84 1000 10.475609756097562
80885 195609 98023 1068 164 35627 332584 182244.697 3644 4023 3864.666 0 81 1000 10.475609756097562
81067 200237 98078 1073 164 36084 338760 189803.907 3690 4081 4216.378 1 83 1000 10.475609756097562
81122 196504 98225 1076 165 46261 341004 198137.408 3708 4088 3508.266 0 81 1000 10.496969696969696
81011 200532 98156 1090 165 32538 345875 162085.857 3762 4148 6718.838 0 82 1000 10.496969696969696
81486 201435 98658 1097 165 53549 348973 193158.259 3798 4186 4614.539 1 81 1000 10.496969696969696
81974 198036 99130 1100 165 37037 350133 170829.333 3812 4193 3880.025 0 81 1000 10.496969696969696
82175 199191 99466 1108 165 26338 357606 180182.103 3861 4232 5158.845 0 80 1000 10.496969696969696
82558 200206 99944 1114 165 54609 362833 201683.720 3886 4274 4467.272 0 81 1000 10.496969696969696
82533 200767 99987 1120 165 29906 361722 175482.540 3924 4311 4678.008 0 78 1000 10.496969696969696
82487 201162 99935 1126 166 48917 366914 180330.058 3974 4341 4422.160 1 79 1000 10.566265060240964
82640 206959 100251 1133 166 30489 370404 155480.695 4028 4394 4512.775 0 81 1000 10.566265060240964
82942 207398 100775 1136 166 73583 371428 218316.237 4058 4443 3771.646 0 79 1000 10.566265060240964
83237 203435 101081 1148 166 50102 372553 199506.060 4078 4462 6451.907 0 77 1000 10.566265060240964
83663 209152 101517 1150 166 85668 380389 243253.848 4133 4530 3782.688 0 78 1000 10.566265060240964
84034 210187 101947 1155 166 66219 379372 236726.016 4173 4559 4770.118 1 77 1000 10.566265060240964
84310 206753 102206 1157 166 40013 380934 188745.969 4194 4586 3947.041 0 78 1000 10.566265060240964
84357 207360 102424 1162 166 76481 383781 243611.839 4234 4612 4375.014 1 77 1000 10.566265060240964
84521 212861 102790 1167 166 59633 395977 200934.017 4297 4683 4852.232 2 76 1000 10.566265060240964
84455 208227 102881 1173 166 46324 392846 196721.624 4302 4696 4964.515 0 75 1000 10.566265060240964
84402 209211 102963 1179 166 46671 398439 200828.892 4351 4732 4816.967 1 76 1000 10.566265060240964
84933 214557 103799 1183 166 79600 397685 265675.130 4424 4804 4454.052 2 79 1000 10.566265060240964
84687 209782 103398 1187 166 104712 398869 279478.726 4424 4817 4745.198 0 76 1000 10.566265060240964
84807 210428 103559 1192 166 23530 415098 171945.212 4446 4841 4935.927 1 76 1000 10.566265060240964
85109 215233 103933 1197 166 54968 410074 190021.914 4512 4922 4652.040 0 77 1000 10.566265060240964
85385 216173 104371 1198 166 33690 418034 170096.699 4556 4960 3846.966 1 79 1000 10.566265060240964
85568 212007 104421 1202 166 33773 419267 176804.002 4578 4979 4644.167 0 74 1000 10.566265060240964
85928 216689 104752 1209 168 109487 420805 277924.855 4631 5046 5467.070 2 76 1000 10.660714285714286
86111 212962 105014 1213 168 95929 422344 275219.931 4654 5065 4846.152 0 75 1000 10.660714285714286
86165 217746 105326 1216 168 97034 427603 271769.712 4714 5122 4754.784 2 73 1000 10.660714285714286
86491 218258 105674 1223 168 27597 439800 201803.454 4746 5163 5908.510 0 74 1000 10.660714285714286
86629 218650 105871 1230 168 27763 443139 198752.847 4801 5208 5130.865 1 75 1000 10.660714285714286
86776 218560 105902 1236 168 27940 448933 152581.916 4849 5242 4983.109 0 77 1000 10.660714285714286
87095 219081 106199 1238 168 114865 444103 277275.094 4873 5296 4193.048 1 73 1000 10.660714285714286
87303 214934 106490 1246 168 45668 453603 197531.935 4906 5304 6130.692 0 74 1000 10.660714285714286
87180 219836 106239 1256 168 68116 451254 244987.703 4960 5376 6288.109 1 72 1000 10.660714285714286
87438 215860 106633 1261 168 68285 450988 290125.075 4973 5384 5075.858 0 71 1000 10.660714285714286
87386 220414 106667 1264 169 41332 458507 214897.194 5053 5458 5058.860 0 73 1000 10.692307692307692
87780 221007 107278 1271 169 53641 464130 212832.981 5086 5500 6154.963 1 73 1000 10.692307692307692
88340 222078 108037 1277 169 54014 465747 227306.116 5128 5529 5469.432 0 71 1000 10.692307692307692
88647 222593 108355 1287 169 61984 465786 277192.841 5178 5587 6310.151 0 71 1000 10.692307692307692
88590 217987 108352 1294 169 62131 467203 277509.295 5188 5608 6089.725 0 71 1000 10.692307692307692
88989 223165 108673 1300 169 37806 479273 188288.067 5257 5676 6272.687 3 71 1000 10.692307692307692
89140 223919 108921 1310 169 43092 481048 191715.278 5303 5712 6451.273 0 69 1000 10.692307692307692
89204 219366 108819 1316 169 82952 478170 294714.437 5323 5728 5197.687 0 69 1000 10.692307692307692
89488 220299 108910 1322 169 73111 482122 282053.684 5361 5778 6125.744 1 68 1000 10.692307692307692
89525 220668 108995 1327 169 43809 490229 239043.004 5417 5827 5882.179 1 69 1000 10.692307692307692
89709 220580 109131 1332 170 65037 492945 295655.615 5461 5873 5639.595 0 69 1000 10.75294117647059
89537 221340 108929 1338 170 65539 492387 311245.478 5500 5919 6264.946 1 68 1000 10.75294117647059
89874 226351 109285 1341 170 66266 500174 306054.208 5554 5982 5276.226 0 70 1000 10.75294117647059
89734 222098 109268 1347 170 58231 505728 241072.930 5581 6021 6130.098 0 69 1000 10.75294117647059
89719 226918 109328 1354 170 58911 508010 273397.221 5636 6082 6305.331 2 68 1000 10.75294117647059
90108 222584 109823 1359 170 51861 511543 228469.477 5664 6105 6126.101 0 68 1000 10.75294117647059
89986 222617 109468 1368 170 59498 514314 290911.033 5720 6158 7163.434 0 69 1000 10.75294117647059
90100 223136 109635 1373 170 89478 519697 321674.668 5776 6197 6357.225 1 68 1000 10.75294117647059
90477 228715 110360 1382 170 103836 525031 349558.685 5843 6268 7564.107 2 71 1000 10.75294117647059
90473 228541 110337 1384 170 69694 530252 294680.237 5891 6315 5498.099 0 69 1000 10.75294117647059
90487 228523 110492 1390 170 70137 532155 265748.721 5920 6363 6381.697 1 70 1000 10.75294117647059
90858 224232 111060 1399 170 70301 541824 244769.959 5948 6380 6946.627 0 68 1000 10.75294117647059
90833 224478 111240 1402 170 81029 540560 323054.463 6007 6430 5394.100 0 69 1000 10.75294117647059
90968 225228 111367 1408 170 81529 543453 298631.507 6037 6472 6721.413 1 65 1000 10.75294117647059
91395 225766 111847 1413 171 94068 547536 317507.532 6088 6515 6445.688 0 66 1000 10.807017543859649
91102 225397 111431 1416 171 82706 551301 327684.104 6127 6566 5915.301 0 66 1000 10.807017543859649
91517 230923 111879 1422 171 49312 560711 313671.109 6208 6642 6823.852 0 65 1000 10.807017543859649
91737 231082 112111 1426 171 49627 564737 297529.735 6265 6701 6146.293 1 65 1000 10.807017543859649
91844 226141 112165 1435 171 147018 559919 426581.265 6295 6703 7256.610 0 65 1000 10.807017543859649
92223 230770 112636 1442 171 50264 572905 332945.444 6351 6781 7741.184 1 66 1000 10.807017543859649
92578 225935 112980 1446 171 85663 578612 325587.102 6382 6814 6167.975 0 67 1000 10.807017543859649
92497 230176 112640 1454 171 66171 585536 253992.675 6445 6878 7230.273 1 65 1000 10.807017543859649
92334 225444 112409 1460 172 114292 588867 312645.998 6475 6912 6657.957 0 64 1000 10.854651162790697
92326 230256 112224 1463 172 209509 587559 436990.757 6539 6979 6013.668 0 63 1000 10.854651162790697
92348 230348 112242 1469 172 45665 596208 221028.929 6585 7023 7211.732 0 64 1000 10.854651162790697
92404 225571 112251 1475 172 67692 591326 294615.827 6585 7040 6480.649 0 62 1000 10.854651162790697
92636 226409 112517 1481 172 89286 595598 330239.959 6650 7100 6915.771 0 61 1000 10.854651162790697
92844 226477 112763 1489 172 89930 602332 350723.872 6683 7154 7446.003 1 63 1000 10.854651162790697
93081 227054 113271 1496 172 69058 606425 318517.871 6749 7205 7389.599 0 62 1000 10.854651162790697
92867 231290 112647 1505 172 120576 611555 442896.790 6815 7288 8316.171 2 65 1000 10.854651162790697
93086 231767 112934 1512 172 121442 618521 417403.163 6883 7344 7972.679 1 65 1000 10.854651162790697
92875 226514 112594 1517 172 92314 615113 348924.171 6883 7345 7236.097 0 62 1000 10.854651162790697
92842 227097 112388 1519 172 93003 619480 351188.725 6951 7417 6264.155 1 62 1000 10.854651162790697
93111 232472 112443 1522 172 142570 633207 416466.889 7012 7494 6693.490 2 63 1000 10.854651162790697
93077 227622 112661 1527 172 55089 634698 265699.343 7039 7515 7105.077 0 64 1000 10.854651162790697
93156 232679 112840 1533 172 191507 641882 430622.932 7136 7591 7065.195 0 62 1000 10.854651162790697
93058 227763 112751 1541 172 166662 637511 478289.730 7136 7612 8599.060 0 60 1000 10.854651162790697
93346 233307 113086 1544 173 146526 647374 455698.932 7242 7710 6949.973 0 61 1000 10.895953757225433
93410 233489 113039 1551 173 128424 652787 437348.075 7306 7745 8412.075 1 62 1000 10.895953757225433
93550 228579 113022 1553 173 74208 653700 349632.522 7290 7761 6505.639 0 60 1000 10.895953757225433
93677 228817 113240 1557 173 149006 659080 440318.996 7362 7837 7445.131 0 61 1000 10.895953757225433
93758 233735 113172 1560 173 113929 676244 311800.695 7434 7923 7258.305 0 63 1000 10.895953757225433
94162 234568 113637 1568 173 27622 671308 303663.003 7508 7982 8117.708 0 64 1000 10.895953757225433
94473 234862 114166 1574 173 234636 673128 507012.215 7558 8021 7318.279 0 63 1000 10.895953757225433
94972 230545 114684 1576 173 234636 672274 551087.235 7574 8068 7010.876 0 62 1000 10.895953757225433
94641 229984 114219 1581 173 182674 687507 473400.313 7635 8099 7893.641 0 61 1000 10.895953757225433
94695 230026 114331 1587 173 206049 684225 515205.301 7693 8140 8210.238 0 59 1000 10.895953757225433
94549 229538 114149 1588 173 135788 686548 476360.330 7731 8193 6681.943 1 61 1000 10.895953757225433
94209 229399 113797 1590 173 103350 690244 414472.611 7769 8260 6925.947 0 58 1000 10.895953757225433
94434 233752 113848 1593 173 243662 704112 515898.824 7885 8350 7401.310 2 60 1000 10.895953757225433
94845 234973 114501 1601 173 120799 705053 421579.159 7916 8383 9133.938 1 60 1000 10.895953757225433
94872 235065 114592 1606 173 80398 711872 428534.414 7994 8462 7838.625 1 60 1000 10.895953757225433
95054 235032 114675 1614 173 144522 727281 487583.321 8033 8518 9344.960 0 61 1000 10.895953757225433
95406 235556 115150 1619 173 71074 723325 428799.407 8073 8564 8244.223 1 61 1000 10.895953757225433
95557 235424 115278 1623 173 107825 732343 363719.585 8153 8617 7927.808 2 63 1000 10.895953757225433
95613 234732 115328 1627 174 165228 728336 481944.326 8193 8659 7559.128 1 59 1000 10.942528735632184
96007 230143 115700 1631 174 165600 727798 506940.424 8190 8685 8175.438 0 59 1000 10.942528735632184
96095 229852 115850 1636 174 109423 733293 463726.760 8274 8739 8758.746 0 60 1000 10.942528735632184
96266 235621 115935 1643 174 96266 743132 409163.073 8356 8849 9449.641 2 59 1000 10.942528735632184
96293 231131 116184 1647 174 84099 746991 387783.596 8356 8866 8061.694 0 58 1000 10.942528735632184
96274 231367 116165 1650 174 169951 747359 505778.960 8429 8928 7808.442 1 56 1000 10.942528735632184
96500 236112 116308 1656 174 198077 759796 516165.948 8539 9015 9429.026 0 57 1000 10.942528735632184
96537 235870 116288 1663 174 113322 760337 446296.705 8588 9076 9821.695 1 56 1000 10.942528735632184
96445 231011 115939 1665 174 199748 768560 497977.645 8588 9096 8040.889 0 56 1000 10.942528735632184
96676 237206 116266 1670 174 100003 777489 379137.961 8716 9200 9025.530 3 58 1000 10.942528735632184
96637 232666 116345 1675 174 100175 775051 426723.899 8716 9201 8468.794 0 55 1000 10.942528735632184
96162 237232 115637 1680 174 101171 783185 451604.903 8802 9308 8963.830 2 56 1000 10.942528735632184
96207 236803 115683 1685 174 116944 785795 496750.228 8880 9369 9103.831 1 56 1000 10.942528735632184
96326 236801 115781 1690 174 155843 788465 574766.106 8915 9411 8950.254 1 55 1000 10.942528735632184
96687 232466 116274 1695 174 207546 796490 548437.861 8959 9442 9619.727 0 54 1000 10.942528735632184
96818 233088 116437 1696 174 208794 801640 551548.766 8993 9502 7949.750 0 54 1000 10.942528735632184
97243 239028 116869 1700 174 333098 810532 682867.152 9063 9596 8792.127 0 55 1000 10.942528735632184
97436 239311 116936 1704 175 159839 808929 534963.654 9134 9665 8746.038 0 55 1000 11.0
97435 233958 116996 1707 175 160112 811208 581883.966 9153 9693 8940.357 0 54 1000 11.0
97452 234284 117165 1713 175 139928 817094 557221.567 9214 9750 10042.672 1 55 1000 11.0
97550 234265 117125 1716 175 140712 823774 545951.624 9288 9790 8980.094 1 54 1000 11.0
97685 234642 116982 1718 175 447206 826102 729160.087 9334 9875 8422.627 0 55 1000 11.0
97532 234163 116624 1726 175 449378 831828 761895.618 9380 9934 11499.747 1 54 1000 11.0
97348 238559 116504 1733 175 94575 846379 484494.671 9473 10012 11042.456 1 54 1000 11.0
97292 233151 116470 1739 175 94739 847938 463509.905 9511 10027 10332.054 0 54 1000 11.0
97359 237879 116470 1743 175 167710 851069 595130.391 9605 10161 9617.395 0 56 1000 11.0
97226 232072 116230 1748 175 55809 867099 352476.897 9604 10168 10225.776 0 54 1000 11.0
97061 237139 115788 1753 175 147314 862959 521086.203 9738 10279 8707.766 0 54 1000 11.0
97158 236957 115823 1756 175 148188 868108 524106.744 9786 10333 9136.915 1 55 1000 11.0
96964 231133 115452 1757 175 148441 872796 571449.679 9814 10348 8596.221 0 55 1000 11.0
97245 236321 115961 1760 175 130174 881568 549318.820 9912 10446 9564.946 2 56 1000 11.0
97611 236795 116216 1763 175 553165 881678 786122.399 9961 10510 9448.048 1 56 1000 11.0
98111 237420 116775 1765 175 201626 891848 603605.427 10019 10580 9262.191 0 56 1000 11.0
98435 237268 116929 1771 175 175888 905841 526071.842 10069 10644 10803.597 1 56 1000 11.0
98759 232234 117148 1775 175 152873 905294 485358.580 10108 10674 9537.606 0 55 1000 11.0
98838 232912 117437 1786 175 133468 906244 509704.885 10158 10728 11971.446 0 53 1000 11.0
98913 233285 117525 1791 175 134260 911338 512719.554 10208 10772 10038.858 1 54 1000 11.0
98654 237943 116934 1795 175 239888 921027 605707.030 10310 10909 10294.766 1 54 1000 11.0
99046 238388 117225 1800 175 157179 922698 567613.056 10361 10952 10685.927 0 53 1000 11.0
99300 238655 117474 1802 175 119222 930597 499094.734 10464 11035 9678.573 0 54 1000 11.0
99473 233606 117637 1807 175 324732 930229 711387.795 10464 11042 10224.294 0 53 1000 11.0
99650 234355 117849 1811 175 326431 935653 704971.721 10516 11102 10579.895 1 51 1000 11.0
99521 239435 117689 1812 175 164141 962699 645254.398 10620 11232 9367.841 2 53 1000 11.0
99929 240122 118147 1816 175 140463 959576 455023.823 10715 11284 10574.658 1 53 1000 11.0
99870 234882 118175 1820 175 249096 952729 722075.646 10726 11294 10153.008 0 51 1000 11.0
99890 234702 117986 1824 176 188022 957936 603224.027 10779 11376 11206.340 0 51 1000 11.051136363636363
99891 240468 117924 1826 176 189810 967745 595264.655 10886 11488 9996.900 2 52 1000 11.051136363636363
100091 240033 117860 1829 176 165571 974028 623801.722 10992 11550 10495.732 1 53 1000 11.051136363636363
100356 240586 118317 1835 176 395996 982267 831175.463 11046 11623 12312.937 0 52 1000 11.051136363636363
100703 240850 118639 1840 176 83153 994107 492958.614 11103 11686 11917.205 1 52 1000 11.051136363636363
100690 235349 118531 1845 176 298130 984954 743542.538 11103 11706 10491.877 0 53 1000 11.051136363636363
100532 235867 118359 1849 176 299983 990489 761250.350 11201 11764 11689.290 1 52 1000 11.051136363636363
100751 235974 118519 1861 176 147259 998868 592778.206 11257 11853 14646.976 1 51 1000 11.051136363636363
101021 241462 118713 1865 176 112141 1013045 554429.374 11369 11964 11343.253 2 52 1000 11.051136363636363
100775 236173 118517 1872 176 228629 1009420 711161.200 11425 11975 11565.931 0 53 1000 11.051136363636363
101066 236545 118756 1877 176 199269 1017121 670628.754 11470 12046 11891.356 1 51 1000 11.051136363636363
101265 235915 118812 1880 176 200300 1020089 671711.160 11527 12123 10984.316 1 52 1000 11.051136363636363
101139 240464 118551 1882 176 175306 1036492 618299.633 11629 12230 10774.381 0 53 1000 11.051136363636363
101327 235650 118728 1886 176 270093 1036322 761101.469 11687 12247 11788.636 0 49 1000 11.051136363636363
101437 235766 118857 1889 176 319995 1048502 773210.540 11738 12308 11565.427 0 50 1000 11.051136363636363
101514 240912 118707 1893 176 323073 1058720 780566.636 11849 12444 11869.570 2 51 1000 11.051136363636363
101753 240627 118708 1897 176 375693 1062456 854676.975 11896 12514 11293.967 1 52 1000 11.051136363636363
101826 239847 118372 1899 176 677620 1059311 989595.688 11943 12586 11345.034 1 51 1000 11.051136363636363
101690 234456 118239 1902 176 117874 1067434 535808.708 11989 12587 11988.257 0 49 1000 11.051136363636363
101710 239204 117925 1906 176 118960 1077735 540523.409 12095 12703 11701.595 2 50 1000 11.051136363636363
102038 234165 118232 1907 176 324993 1078220 797161.404 12122 12735 10971.410 0 50 1000 11.051136363636363
102097 239542 118478 1909 176 328010 1088438 804407.998 12236 12853 11496.466 2 49 1000 11.051136363636363
102550 234381 118682 1917 176 386633 1093717 864356.972 12284 12886 14364.178 0 50 1000 11.051136363636363
102328 234312 118407 1919 176 591805 1093236 937306.791 12303 12950 11510.463 1 48 1000 11.051136363636363
102333 234326 118105 1920 176 248540 1099766 717071.087 12412 13014 11324.118 1 49 1000 11.051136363636363
102286 234232 118071 1925 177 288844 1104251 816776.199 12474 13079 12325.399 1 49 1000 11.107344632768362
102120 238562 117603 1931 177 291564 1111864 805115.527 12598 13224 13551.806 2 50 1000 11.107344632768362
101675 232447 116855 1938 177 164204 1117967 632815.711 12614 13227 14314.194 0 50 1000 11.107344632768362
101699 238054 116931 1940 177 255067 1133173 702537.410 12747 13358 12011.153 2 52 1000 11.107344632768362
101774 237361 116830 1951 177 466818 1139430 968205.154 12810 13434 15186.200 0 51 1000 11.107344632768362
101890 232576 117020 1956 177 256827 1141352 736337.306 12810 13456 13279.488 0 51 1000 11.107344632768362
101490 237358 116443 1959 177 259125 1151957 744303.004 12938 13564 11980.889 2 51 1000 11.107344632768362
101394 236773 116120 1960 177 195328 1151368 715901.541 13002 13650 11875.994 0 51 1000 11.107344632768362
101172 231392 115854 1964 177 195609 1153073 715651.434 13067 13683 13122.167 0 48 1000 11.107344632768362
100954 231799 115774 1965 177 262494 1170793 717673.441 13132 13744 11979.148 0 49 1000 11.107344632768362
101213 231912 115991 1971 177 263904 1168097 784627.812 13197 13816 14272.801 1 48 1000 11.107344632768362
101009 236626 115545 1975 177 484662 1183319 1046100.285 13317 13954 13288.291 1 48 1000 11.107344632768362
101229 236484 115718 1977 177 309514 1183552 835840.772 13380 14023 12486.813 0 49 1000 11.107344632768362
101443 231508 115917 1982 177 268214 1185265 793107.229 13435 14040 13962.365 0 49 1000 11.107344632768362
101681 235840 115807 1985 177 484396 1195855 964997.481 13513 14157 13389.460 1 48 1000 11.107344632768362
101842 230761 116094 1987 177 175883 1204307 646231.112 13566 14187 12643.953 0 46 1000 11.107344632768362
102028 235397 116337 1991 177 177415 1210823 714401.692 13687 14313 13734.217 1 48 1000 11.107344632768362
102094 229907 116268 1992 177 237021 1212013 800540.453 13730 14331 12411.922 0 49 1000 11.107344632768362
102512 235044 116517 1993 177 369532 1226049 888237.180 13795 14476 12711.711 0 48 1000 11.107344632768362
102339 229671 116300 1995 177 665113 1221333 1098967.451 13849 14496 13073.032 0 48 1000 11.107344632768362
102495 234467 116145 1999 177 136187 1241180 634827.164 13973 14607 14374.594 0 48 1000 11.107344632768362
102416 234330 115938 2002 177 118860 1250079 609005.677 14082 14695 13431.115 1 50 1000 11.107344632768362
102760 234128 116153 2006 177 183016 1250192 718666.726 14144 14768 13630.338 1 49 1000 11.107344632768362
102864 233669 116130 2008 177 283672 1267188 772653.471 14207 14843 12975.507 1 49 1000 11.107344632768362
103078 228896 116261 2011 177 328465 1258467 889794.012 14270 14864 13515.091 0 48 1000 11.107344632768362
103203 233552 116207 2013 177 247880 1268232 836141.237 14360 15015 13531.929 2 48 1000 11.107344632768362
103516 233851 116652 2014 177 607297 1278946 1122830.048 14431 15090 13388.917 0 48 1000 11.107344632768362
103538 228114 116376 2016 177 216058 1280614 721231.311 14461 15115 13618.565 1 48 1000 11.107344632768362
103590 228178 116066 2019 177 697597 1285998 1145961.983 14567 15190 14096.662 1 46 1000 11.107344632768362
103510 232836 115784 2021 177 252951 1294676 837984.310 14690 15294 14181.904 2 47 1000 11.107344632768362
103684 232893 115857 2024 177 143154 1307289 679915.004 14748 15385 14756.200 1 47 1000 11.107344632768362
103954 233140 116001 2030 177 341655 1307966 950773.338 14821 15490 15493.300 0 47 1000 11.107344632768362
103908 227780 115891 2033 177 1110362 1309956 1285662.809 14866 15474 15107.397 0 45 1000 11.107344632768362
