14 0 0 1 0 30000 66000 39003.601 528 528 528.000 13 13 1 0.0
17 0 0 3 0 30000 66000 39010.813 530 530 20176.667 14 14 1 0.0
20 0 0 4 0 30000 66000 38855.769 530 534 7766.000 0 16 2 0.0
22 57 22 6 1 30000 66000 38819.567 530 538 10267.000 0 18 2 2.0
25 63 25 8 1 30000 66000 38826.645 530 542 7835.000 0 20 2 2.0
28 69 28 9 1 30000 66000 38830.189 524 546 3630.889 0 22 2 2.0
31 73 33 9 1 30000 66000 38830.189 524 548 298.000 0 23 2 2.0
32 78 35 10 2 30000 66000 38761.446 524 549 3319.700 0 25 2 2.5
38 85 43 12 2 30000 66000 38710.611 524 548 5310.917 0 23 2 2.5
41 91 46 13 2 30000 66000 38714.113 524 552 2595.000 0 24 2 2.5
40 166 51 15 3 30000 66000 38721.127 518 550 4248.733 0 25 2 2.3333333333333335
43 172 56 15 3 30000 66000 38721.127 518 551 283.600 0 23 2 2.3333333333333335
43 175 56 17 3 30000 66000 38728.151 518 552 3779.824 0 23 2 2.3333333333333335
48 261 67 18 4 30000 66000 38731.668 518 552 1932.889 0 23 2 2.5
51 267 72 20 4 30000 66000 38738.710 512 553 3238.550 0 24 2 2.5
54 278 78 22 4 30000 66000 38745.763 512 553 2944.045 0 23 2 2.5
56 289 83 24 4 30000 66000 38752.827 512 554 2698.417 0 22 3 2.5
60 323 91 24 5 30000 66000 38752.827 512 554 198.667 0 23 3 2.6
58 312 93 24 5 30000 66000 38752.827 506 552 198.000 0 21 3 2.6
58 317 96 25 5 30000 66000 38756.364 506 551 1390.000 0 20 3 2.6
59 335 98 28 5 30000 66000 38766.990 506 556 3383.679 0 21 3 2.6
64 339 109 28 5 30000 66000 38766.990 506 555 169.321 0 21 3 2.6
69 383 121 28 6 30000 66000 38766.990 500 555 169.107 0 20 3 2.6666666666666665
70 380 127 28 6 30000 66000 38766.990 506 554 168.821 0 19 3 2.6666666666666665
72 369 133 28 6 30000 66000 38752.427 506 546 186.643 0 17 3 2.6666666666666665
72 371 137 29 6 30000 66000 38726.831 506 548 1232.069 0 19 3 2.6666666666666665
74 390 144 31 7 30000 66000 38719.320 506 551 2119.935 0 17 3 2.857142857142857
78 410 153 31 7 30000 66000 38719.320 500 551 184.226 0 18 3 2.857142857142857
79 434 159 32 7 30000 66000 38722.853 500 552 1115.656 0 18 3 2.857142857142857
84 450 167 34 7 30000 66000 38729.927 500 552 1932.353 0 18 3 2.857142857142857
86 471 172 34 8 30000 66000 38729.927 500 552 167.647 0 18 3 3.0
91 483 187 34 8 30000 66000 38729.927 495 553 167.706 0 18 4 3.0
92 493 189 34 8 30000 66000 38729.927 495 554 197.529 0 18 4 3.0
100 521 206 34 8 30000 66000 38729.927 495 554 197.765 0 18 4 3.0
100 510 209 34 9 30000 66000 38729.927 495 553 197.853 0 17 4 3.111111111111111
104 520 218 34 9 30000 66000 38729.927 490 555 197.529 0 18 4 3.111111111111111
106 545 224 35 9 30000 66000 38733.469 490 555 1049.114 0 18 4 3.111111111111111
117 557 246 37 9 30000 66000 38740.560 490 554 1803.378 0 18 4 3.111111111111111
127 580 265 38 10 30000 66000 38744.110 490 556 966.658 0 18 5 3.3
127 574 272 38 10 30000 66000 38744.110 485 556 177.105 0 17 5 3.3
135 614 290 38 10 30000 66000 38744.110 485 557 190.395 0 15 5 3.3
136 621 298 39 10 30000 66000 38747.664 485 556 968.000 0 16 5 3.3
141 682 307 39 11 30000 66000 38733.035 485 558 212.051 0 16 5 3.3636363636363638
150 721 331 39 11 30000 66000 38733.035 480 557 211.615 0 15 5 3.3636363636363638
160 731 359 39 11 30000 66000 38733.035 480 555 211.667 0 13 5 3.3636363636363638
168 853 377 40 12 30000 66000 38736.585 480 559 968.725 0 15 6 3.4166666666666665
173 881 397 40 12 30000 66000 38736.585 480 559 218.700 0 13 6 3.4166666666666665
176 895 405 40 12 30000 66000 38736.585 475 558 218.700 0 14 6 3.4166666666666665
185 922 426 40 12 30000 66000 38736.585 475 559 218.650 0 14 6 3.4166666666666665
193 975 445 41 12 30000 66000 38740.138 475 561 945.220 0 15 6 3.4166666666666665
203 1010 472 41 12 30000 66000 38740.138 475 561 213.805 0 15 7 3.4166666666666665
205 1027 480 41 12 30000 66000 38740.138 470 559 213.902 0 16 7 3.4166666666666665
204 1081 480 41 12 30000 66000 38740.138 470 562 214.220 0 17 7 3.4166666666666665
216 1181 504 42 13 30000 66000 38743.694 470 564 935.810 0 15 7 3.4615384615384617
223 1262 522 42 14 30000 66000 38743.694 470 565 221.810 0 16 7 3.5
231 1334 539 42 15 30000 66000 38743.694 465 564 222.048 0 17 8 3.533333333333333
243 1388 567 42 15 30000 66000 38743.694 465 563 233.357 0 17 8 3.533333333333333
241 1399 571 43 15 30000 66000 38747.253 471 563 937.581 0 16 8 3.533333333333333
243 1404 580 44 15 30000 66000 38750.814 471 567 928.523 0 16 8 3.533333333333333
243 1449 578 44 15 30000 66000 38750.814 473 567 258.705 0 16 8 3.533333333333333
246 1598 573 46 16 30000 66000 38757.946 473 567 1551.783 0 16 8 3.5
257 1658 599 46 16 30000 66000 38757.946 472 567 247.478 0 16 8 3.5
264 1661 618 46 16 30000 66000 38757.946 471 566 258.500 0 16 8 3.5
270 1739 638 46 17 30000 66000 38743.276 473 567 269.783 0 17 8 3.5294117647058822
279 1764 659 46 17 30000 66000 38728.606 475 567 269.978 0 17 9 3.5294117647058822
291 1833 688 46 17 30000 66000 38728.606 475 569 269.674 0 17 9 3.5294117647058822
300 1890 703 46 17 30000 66000 38728.606 475 569 281.587 0 17 9 3.5294117647058822
305 1937 720 46 18 30000 66000 38728.606 475 567 292.000 0 19 10 3.6666666666666665
306 1952 723 46 18 30000 66000 38728.606 470 568 291.978 0 18 10 3.6666666666666665
318 1970 749 46 18 30000 66000 38728.606 474 568 291.804 0 17 10 3.6666666666666665
329 2171 778 46 19 30000 66000 38728.606 470 570 303.174 0 18 10 3.6315789473684212
348 2277 826 48 19 30000 66000 38735.726 470 570 1540.667 0 19 11 3.6315789473684212
360 2307 856 48 19 30000 66000 38706.362 470 572 301.000 0 17 11 3.6315789473684212
369 2351 892 49 19 30000 66000 38709.914 470 571 907.122 0 16 11 3.6315789473684212
375 2453 911 50 20 30000 66000 38713.469 465 571 889.260 0 18 12 3.7
386 2514 935 50 20 30000 66000 38713.469 465 571 299.520 0 18 12 3.7
401 2687 978 50 20 30000 66000 38684.082 465 573 310.260 0 18 12 3.7
416 2730 1012 50 20 30000 66000 38654.694 465 573 310.380 0 18 13 3.7
418 2778 1028 50 20 30000 66000 38654.694 460 574 320.840 0 16 13 3.7
425 2861 1049 50 20 30000 66000 38654.694 460 576 320.980 0 17 13 3.7
442 2903 1095 51 20 30000 66000 38658.228 460 576 903.294 0 17 13 3.7
458 3025 1140 52 20 30000 66000 38661.765 460 576 886.269 0 18 14 3.7
462 3170 1156 52 21 30000 66000 38647.059 455 577 318.846 0 17 14 3.857142857142857
471 3225 1181 53 21 30000 66000 38650.593 457 577 889.566 0 18 14 3.857142857142857
486 3486 1223 54 22 30000 66000 38654.129 459 580 883.148 0 18 14 3.909090909090909
496 3534 1257 55 22 30000 66000 38642.945 455 579 867.345 0 18 15 3.909090909090909
506 3753 1285 57 23 30000 66000 38635.284 455 579 1372.754 0 18 15 3.9565217391304346
524 3825 1331 57 23 30000 66000 38635.284 455 581 320.316 0 17 16 3.9565217391304346
532 3939 1350 57 23 30000 66000 38635.284 455 583 320.877 0 18 16 3.9565217391304346
539 3924 1363 57 23 30000 66000 38635.284 450 583 320.965 0 18 16 3.9565217391304346
556 4064 1413 57 24 30000 66000 38635.284 450 583 321.404 0 18 16 4.0
571 4124 1453 57 24 30000 66000 38635.284 450 585 331.211 0 18 17 4.0
589 4327 1506 57 24 30000 66000 38635.284 450 585 341.175 0 18 18 4.0
606 4516 1549 57 25 30000 66000 38635.284 445 587 341.456 0 19 18 4.0
628 4709 1602 57 25 30000 66000 38635.284 445 589 342.281 0 19 18 4.0
654 4795 1662 57 25 30000 66000 38635.284 445 589 342.561 0 20 19 4.0
671 4846 1706 58 25 30000 66000 38638.821 445 591 854.414 0 19 20 4.0
672 4950 1710 58 26 30000 66000 38638.821 440 588 345.862 0 19 21 4.038461538461538
689 5164 1749 58 26 30000 66000 38624.079 446 593 355.690 0 19 20 4.038461538461538
688 5167 1742 59 26 30000 66000 38583.367 446 593 883.441 0 19 20 4.038461538461538
698 5293 1777 61 26 30000 66000 38546.125 446 594 1356.148 0 18 21 4.038461538461538
721 5387 1839 61 26 30000 66000 38546.125 446 594 373.180 0 18 21 4.038461538461538
737 5544 1882 62 27 30000 66000 38534.865 441 595 860.177 0 18 22 4.037037037037037
750 5613 1911 65 27 30000 66000 38530.595 441 595 1744.031 0 19 23 4.037037037037037
772 5836 1972 66 27 30000 66000 38534.100 441 596 809.212 0 19 23 4.037037037037037
781 5949 1994 67 27 30000 66000 38537.608 441 598 805.134 0 19 24 4.037037037037037
794 5990 2030 68 28 30000 66000 38541.118 436 599 793.529 0 18 23 4.107142857142857
812 6072 2073 68 28 30000 66000 38541.118 436 600 352.897 0 19 23 4.107142857142857
840 6197 2149 69 29 30000 66000 38544.632 436 600 782.957 0 19 25 4.172413793103448
861 6351 2213 70 29 30000 66000 38548.148 436 600 772.400 0 19 25 4.172413793103448
886 6506 2280 71 29 30000 66000 38507.205 431 602 769.197 0 19 26 4.172413793103448
919 6736 2374 71 29 30000 66000 38418.279 431 604 353.521 0 20 27 4.172413793103448
929 6879 2388 71 30 30000 66000 38418.279 431 607 361.254 0 20 27 4.2
954 7053 2452 72 30 30000 66000 38421.746 431 607 773.472 0 21 28 4.2
972 7090 2498 73 30 30000 66000 38425.216 426 609 763.356 0 21 28 4.2
985 7338 2537 75 30 30000 66000 38432.165 426 609 1143.747 0 21 29 4.2
1024 7747 2637 76 30 30000 66000 38435.644 426 612 735.053 0 23 30 4.2
1042 7884 2690 78 30 30000 66000 38442.609 426 610 1101.359 0 23 30 4.2
1070 8010 2775 80 31 30000 66000 38449.587 421 612 1080.525 0 23 30 4.290322580645161
1076 8101 2777 80 32 30000 66000 38449.587 421 615 331.038 0 23 32 4.375
1115 8260 2885 80 32 30000 66000 38449.587 421 617 338.500 0 24 32 4.375
1141 8465 2947 80 32 30000 66000 38434.711 421 617 345.938 0 24 33 4.375
1155 8597 2988 81 32 30000 66000 38423.315 416 619 712.605 0 25 33 4.375
1195 8854 3096 83 32 30000 66000 38430.285 418 618 1064.530 0 25 35 4.375
1214 8989 3146 83 33 30000 66000 38430.285 420 619 348.096 0 24 35 4.424242424242424
1226 9177 3172 85 33 30000 66000 38437.267 420 621 1046.553 0 24 35 4.424242424242424
1252 9447 3242 86 34 30000 66000 38396.023 423 621 692.674 0 25 36 4.4411764705882355
1284 9528 3317 86 34 30000 66000 38396.023 422 624 344.372 0 26 37 4.4411764705882355
1328 10068 3427 86 34 30000 66000 38336.371 426 624 352.058 0 26 38 4.4411764705882355
1370 10397 3534 87 35 30000 66000 38339.826 426 626 693.356 0 27 40 4.457142857142857
1415 10753 3654 87 35 30000 66000 38339.826 428 628 355.690 0 25 41 4.457142857142857
1470 11251 3794 90 35 30000 66000 38350.207 430 630 1345.000 0 26 42 4.457142857142857
1535 11620 3963 90 35 30000 66000 38350.207 431 633 351.367 0 27 44 4.457142857142857
1548 11823 3999 90 35 30000 66000 38350.207 433 633 352.256 0 27 46 4.457142857142857
1588 12041 4106 91 35 30000 66000 38353.674 434 631 678.769 0 27 46 4.457142857142857
1632 12309 4227 91 35 30000 66000 38323.786 434 635 362.187 0 27 46 4.457142857142857
1658 12613 4306 92 35 30000 66000 38282.392 438 638 691.500 0 26 47 4.457142857142857
1700 12900 4415 92 36 30000 66000 38252.492 437 641 371.076 0 27 48 4.583333333333333
1727 13031 4496 92 37 30000 66000 38252.492 437 640 377.609 0 27 51 4.621621621621622
1771 13705 4619 95 37 30000 66000 38232.848 437 643 1320.347 0 27 51 4.621621621621622
1822 14370 4737 98 38 30000 66000 38243.131 432 646 1281.245 0 29 52 4.631578947368421
1866 14525 4855 101 38 30000 66000 38253.439 432 646 1249.287 0 29 54 4.631578947368421
1910 14878 4977 101 38 30000 66000 38253.439 432 647 359.228 0 30 54 4.631578947368421
1934 15208 5035 101 38 30000 66000 38253.439 432 652 360.327 0 30 55 4.631578947368421
1980 15691 5166 102 38 30000 66000 38256.881 427 652 652.167 0 30 57 4.631578947368421
2054 16086 5361 102 38 30000 66000 38256.881 431 657 363.667 0 31 60 4.631578947368421
2087 16482 5482 102 38 30000 66000 38256.881 433 657 381.078 0 31 61 4.631578947368421
2153 16747 5659 103 39 30000 66000 38245.307 435 657 680.243 0 31 62 4.6923076923076925
2187 17306 5745 104 40 30000 66000 38248.748 437 657 674.913 0 32 63 4.725
2228 17564 5848 105 40 30000 66000 38252.192 439 659 669.524 0 33 65 4.725
2282 18199 5994 106 40 30000 66000 38255.639 441 663 664.717 0 33 65 4.725
2345 18495 6158 106 41 30000 66000 38255.639 443 666 382.679 0 34 67 4.780487804878049
2426 19019 6392 106 41 30000 66000 38240.602 447 666 389.066 0 34 71 4.780487804878049
2487 19735 6552 110 41 30000 66000 38254.393 449 672 1467.445 0 34 70 4.780487804878049
2514 20073 6603 111 42 30000 66000 38257.848 451 672 644.270 0 34 74 4.833333333333333
2571 20558 6768 112 42 30000 66000 38261.307 453 673 650.009 0 35 75 4.833333333333333
2609 21305 6855 114 42 30000 66000 38268.231 454 677 917.921 0 36 77 4.833333333333333
2637 21361 6918 116 42 30000 66000 38275.168 456 679 903.121 0 34 75 4.833333333333333
2712 22207 7114 116 42 30000 66000 38275.168 460 681 387.931 0 34 77 4.833333333333333
2749 22591 7217 116 43 30000 66000 38260.067 462 684 398.129 0 35 80 4.906976744186046
2818 23249 7408 117 44 30000 66000 38263.533 464 686 657.410 0 34 80 4.931818181818182
2873 23717 7555 118 44 30000 66000 38267.003 465 688 662.983 0 35 84 4.931818181818182
2926 24076 7685 119 44 30000 66000 38255.355 468 690 663.403 0 34 83 4.931818181818182
3010 24950 7904 120 44 30000 66000 38258.824 472 692 659.908 0 36 86 4.931818181818182
3075 25473 8077 120 45 30000 66000 38243.697 474 695 420.225 0 37 90 5.0
3159 26050 8293 121 45 30000 66000 38247.163 478 697 666.413 0 37 88 5.0
3230 26492 8466 125 45 30000 66000 38261.053 480 702 1366.840 0 39 93 5.0
3280 26635 8582 126 46 30000 66000 38264.532 480 704 642.825 0 38 93 5.065217391304348
3370 27328 8796 127 46 30000 66000 38268.015 484 707 644.110 0 38 98 5.065217391304348
3450 28422 8990 128 46 30000 66000 38271.501 488 710 641.680 0 39 98 5.065217391304348
3569 29227 9299 128 47 30000 66000 38271.501 491 713 413.508 0 39 99 5.127659574468085
3703 30131 9623 128 47 30000 66000 38271.501 488 716 420.086 0 41 105 5.127659574468085
3768 30405 9794 130 47 30000 66000 38278.481 493 719 880.585 0 43 108 5.127659574468085
3875 31268 10057 130 47 30000 66000 38217.722 495 722 430.431 0 42 110 5.127659574468085
3976 32425 10306 132 47 30000 66000 38194.257 499 725 885.008 0 43 112 5.127659574468085
4058 32768 10507 136 48 30000 66000 38177.665 501 727 1301.728 0 44 119 5.25
4125 33309 10682 138 48 30000 66000 38184.589 501 730 850.029 0 45 117 5.25
4188 33761 10821 139 48 30000 66000 38188.056 495 734 630.230 0 47 123 5.25
4289 34855 11053 141 48 30000 66000 38194.998 495 740 840.816 0 49 122 5.25
4371 35796 11251 141 49 30000 66000 38194.998 497 741 421.979 0 49 124 5.285714285714286
4479 36608 11472 143 49 30000 66000 38125.583 499 747 850.888 0 51 125 5.285714285714286
4606 37671 11789 144 50 30000 66000 38113.752 503 749 639.097 0 52 131 5.36
4659 38000 11929 145 50 30000 66000 38117.197 508 753 636.476 0 53 136 5.36
4740 38686 12131 148 50 30000 66000 38127.551 512 758 1031.297 0 50 133 5.36
4855 39932 12412 148 50 30000 66000 38127.551 517 764 440.061 0 51 138 5.36
4971 40217 12710 149 50 30000 66000 38069.758 516 766 643.725 0 51 141 5.36
5102 41488 13007 150 51 30000 66000 37996.596 516 769 646.673 0 52 145 5.372549019607843
5221 42384 13325 151 51 30000 66000 37954.023 516 774 645.007 0 53 148 5.372549019607843
5368 43937 13704 151 51 30000 66000 37954.023 510 780 458.351 0 54 152 5.372549019607843
5465 44718 13925 151 51 30000 66000 37862.069 510 781 469.669 0 56 159 5.372549019607843
5597 46198 14228 154 52 30000 66000 37872.123 514 789 1056.916 0 57 159 5.384615384615385
5759 47364 14646 157 52 30000 66000 37882.202 518 792 1043.936 0 58 161 5.384615384615385
5883 47450 14912 159 52 30000 66000 37888.936 522 798 844.170 0 57 165 5.384615384615385
6002 49239 15182 162 53 30000 66000 37899.059 527 802 1017.500 0 58 174 5.433962264150943
6112 49182 15459 163 53 30000 66000 37902.439 531 806 652.472 0 58 173 5.433962264150943
6207 50574 15698 165 53 30000 66000 37847.537 531 812 840.406 0 59 176 5.433962264150943
6316 51398 15937 166 53 30000 66000 37850.900 531 815 657.765 0 61 183 5.433962264150943
6470 52778 16345 168 54 30000 66000 37857.633 531 820 835.917 0 63 184 5.425925925925926
6573 53022 16595 171 54 30000 66000 37867.754 525 823 1005.912 0 62 186 5.425925925925926
6701 54076 16905 174 54 30000 66000 37877.902 531 831 991.954 0 64 194 5.425925925925926
6835 55247 17248 175 54 30000 66000 37881.290 535 834 654.931 0 65 198 5.425925925925926
6990 56998 17629 176 54 30000 66000 37884.682 541 843 663.028 0 65 198 5.425925925925926
7176 58350 18166 183 55 30000 66000 37908.502 545 846 1635.628 0 65 203 5.490909090909091
7328 58508 18549 184 55 30000 66000 37818.653 545 850 653.755 0 65 205 5.490909090909091
7528 59650 19063 185 56 30000 66000 37822.030 545 857 653.778 0 65 213 5.642857142857143
7721 62009 19518 187 56 30000 66000 37797.665 545 863 820.171 0 68 222 5.642857142857143
7917 62348 20014 188 56 30000 66000 37801.038 539 866 662.191 0 67 224 5.642857142857143
8088 63449 20413 192 56 30000 66000 37814.558 547 872 1123.943 0 66 229 5.642857142857143
8264 64473 20853 193 57 30000 66000 37739.922 555 878 663.280 0 69 236 5.631578947368421
8427 65850 21240 195 57 30000 66000 37746.638 561 886 821.215 0 66 238 5.631578947368421
8602 67746 21687 196 57 30000 66000 37750.000 567 892 672.811 0 69 249 5.631578947368421
8720 68308 21940 197 58 30000 66000 37706.470 571 898 676.223 0 70 247 5.655172413793103
8871 69376 22274 199 58 30000 66000 37713.168 578 905 824.608 0 69 251 5.655172413793103
9083 71525 22806 200 58 30000 66000 37716.522 588 912 682.900 0 70 257 5.655172413793103
9322 73047 23397 203 58 30000 66000 37726.600 596 919 976.409 0 73 264 5.655172413793103
9531 73453 23917 204 59 30000 66000 37729.965 600 926 691.431 0 75 271 5.796610169491525
9743 74598 24391 205 59 30000 66000 37733.333 608 932 696.620 1 75 272 5.796610169491525
9948 75963 24877 206 59 30000 66000 37579.773 608 939 711.748 0 78 284 5.796610169491525
10158 78537 25380 208 60 30000 66000 37554.974 608 949 855.668 0 78 289 5.866666666666666
10320 79111 25802 209 60 30000 66000 37558.271 608 954 712.842 0 77 288 5.866666666666666
10570 79332 26362 214 60 30000 66000 37574.803 614 962 1260.766 1 76 293 5.866666666666666
10799 80860 26924 217 60 30000 66000 37490.145 623 971 986.760 0 79 308 5.866666666666666
10980 83008 27488 221 61 30000 66000 37487.495 628 977 1116.986 0 79 318 6.0
11286 84535 28240 222 61 30000 66000 37490.781 643 989 715.671 0 82 319 6.0
11511 85895 28776 227 61 30000 66000 37507.259 652 995 1244.991 0 82 320 6.0
11782 88810 29530 232 62 30000 66000 37523.810 660 1009 1228.483 0 82 333 6.096774193548387
12073 90639 30210 235 62 30000 66000 37533.775 669 1017 970.945 0 82 335 6.096774193548387
12417 92048 31031 236 62 30000 66000 37489.399 677 1024 721.873 0 84 343 6.096774193548387
12684 93178 31672 239 63 30000 66000 37499.337 686 1032 972.079 0 82 358 6.126984126984127
12962 95156 32348 239 63 30000 66000 37499.337 698 1038 605.862 0 85 375 6.126984126984127
13193 97819 32870 241 63 30000 66000 37505.976 706 1054 861.452 0 82 368 6.126984126984127
13542 99538 33677 242 63 30000 66000 37509.300 717 1062 747.434 0 81 383 6.126984126984127
13868 100320 34471 244 64 30000 66000 37515.957 726 1066 876.488 0 82 385 6.15625
14141 103369 35135 246 64 30000 66000 37458.740 737 1084 889.390 0 81 409 6.15625
14487 105543 35998 251 64 30000 66000 37475.322 748 1095 1245.163 0 82 409 6.15625
14853 106663 36916 252 64 30000 66000 37478.648 755 1100 776.972 0 83 420 6.15625
15163 108536 37656 253 65 30000 66000 37481.976 766 1113 785.194 0 85 428 6.184615384615385
15536 110875 38597 253 65 30000 66000 37385.848 778 1124 684.957 0 86 441 6.184615384615385
15876 114845 39529 254 66 30000 66000 37373.108 794 1133 817.740 1 88 458 6.2727272727272725
16265 116264 40533 259 66 30000 66000 37389.558 802 1149 1286.131 0 86 459 6.2727272727272725
16623 118507 41347 262 66 30000 66000 37335.121 813 1154 1061.851 0 89 480 6.2727272727272725
17002 121208 42285 265 66 30000 66000 37344.966 827 1172 1062.064 0 85 483 6.2727272727272725
17319 124695 43043 268 66 30000 66000 37306.452 842 1185 1071.418 0 85 489 6.2727272727272725
17719 125901 44039 271 67 30000 66000 37187.079 851 1194 1072.860 0 86 492 6.2835820895522385
18063 128222 44849 276 67 30000 66000 37203.237 863 1210 1279.536 0 85 510 6.2835820895522385
18558 132127 46015 278 67 30000 66000 37209.721 883 1222 968.799 0 90 525 6.2835820895522385
18917 132599 46888 279 68 30000 66000 37196.758 888 1232 875.548 0 89 539 6.3088235294117645
19280 135383 47723 282 68 30000 66000 37206.492 900 1248 1088.383 1 87 556 6.3088235294117645
19591 139095 48399 286 68 30000 66000 37219.512 923 1264 1205.762 0 91 567 6.3088235294117645
20049 140330 49477 288 68 30000 66000 37226.040 928 1274 999.719 0 92 566 6.3088235294117645
20537 144997 50664 291 69 30000 66000 37154.368 950 1292 1119.581 0 93 580 6.391304347826087
21073 146154 51955 292 69 30000 66000 37141.304 960 1306 921.291 0 93 595 6.391304347826087
21456 148585 52865 297 69 30000 66000 37124.830 976 1322 1328.364 0 96 620 6.391304347826087
21935 153303 53971 298 70 30000 66000 37111.717 997 1336 943.124 0 99 633 6.428571428571429
22417 154147 55050 304 70 30000 66000 37131.148 1004 1350 1432.691 0 98 633 6.428571428571429
22934 159588 56254 309 70 30000 66000 37147.421 1028 1370 1338.748 2 100 647 6.428571428571429
23431 160770 57472 312 71 30000 66000 37091.408 1037 1384 1156.817 0 101 676 6.450704225352113
24046 166504 58885 315 71 30000 66000 37068.192 1064 1406 1166.171 0 103 693 6.450704225352113
24602 169371 60171 320 71 30000 66000 37067.890 1083 1425 1359.328 0 105 694 6.450704225352113
25232 173151 61594 321 72 30000 66000 37071.134 1097 1451 998.196 2 110 714 6.513888888888889
25936 174733 63266 323 72 30000 66000 37061.093 1113 1455 1109.675 0 109 733 6.513888888888889
26550 180790 64732 326 72 30000 66000 37070.837 1142 1480 1221.451 0 110 764 6.513888888888889
27130 183997 66075 330 72 30000 66000 37067.281 1160 1508 1319.485 1 109 766 6.513888888888889
27737 187591 67560 336 73 30000 66000 37036.969 1178 1519 1500.952 0 110 783 6.493150684931507
28300 193008 68803 339 73 30000 66000 37030.079 1204 1548 1249.513 0 112 799 6.493150684931507
28954 193366 70274 343 74 30000 66000 36993.046 1212 1561 1345.569 0 116 822 6.527027027027027
29676 197239 71939 347 74 30000 66000 36972.596 1242 1592 1354.383 0 112 823 6.527027027027027
30349 203076 73394 351 74 30000 66000 36985.575 1274 1618 1371.786 2 116 856 6.527027027027027
31114 204184 75153 359 74 30000 66000 36978.048 1286 1638 1703.521 0 118 863 6.527027027027027
31750 210175 76557 361 75 30000 66000 36984.572 1322 1666 1230.230 2 119 896 6.573333333333333
32326 210839 77832 371 75 30000 66000 37000.470 1344 1686 1872.782 2 118 912 6.573333333333333
33054 214240 79425 373 75 30000 66000 37007.052 1368 1708 1253.609 1 124 938 6.573333333333333
33785 220843 81013 377 75 30000 66000 36969.383 1406 1750 1440.772 1 122 953 6.573333333333333
34445 221251 82580 382 76 30000 66000 36985.836 1420 1768 1531.306 0 126 981 6.671052631578948
35257 225336 84490 382 76 30000 66000 36985.836 1456 1802 1171.628 0 124 980 6.671052631578948
35987 231509 86039 386 76 30000 66000 36999.054 1491 1836 1510.352 4 129 1000 6.671052631578948
36744 235217 87722 387 77 30000 66000 37002.366 1516 1864 1312.070 2 130 1000 6.766233766233766
37348 238090 89088 391 77 30000 66000 37015.647 1551 1897 1566.852 2 127 1000 6.766233766233766
37979 241304 90482 395 77 30000 66000 37028.979 1576 1927 1590.719 1 125 1000 6.766233766233766
38610 240033 91914 397 77 30000 66000 37035.663 1596 1946 1464.557 2 129 1000 6.766233766233766
39576 247803 94037 400 78 30000 66000 36977.143 1649 1996 1579.035 0 127 1000 6.8076923076923075
40417 250902 95819 401 78 30000 66000 36963.316 1676 2026 1463.000 0 126 1000 6.8076923076923075
41057 254062 97121 409 78 30000 66000 36989.957 1708 2057 1986.262 1 124 1000 6.8076923076923075
41726 253269 98598 411 78 30000 66000 36962.183 1737 2069 1572.616 1 128 1000 6.8076923076923075
42524 256928 100579 416 79 30000 66000 36840.691 1770 2107 1812.250 0 125 1000 6.886075949367089
43074 259065 101717 422 79 30000 66000 36808.470 1794 2148 1890.050 2 123 1000 6.886075949367089
43695 260945 103000 431 79 30000 66000 36838.086 1836 2173 2101.179 3 128 1000 6.886075949367089
44463 267778 104573 437 80 30000 66000 36788.173 1854 2226 1917.128 1 128 1000 6.9375
45164 266310 106059 438 80 30000 66000 36756.547 1881 2250 1603.973 1 127 1000 6.9375
45902 268675 107594 441 80 30000 66000 36713.939 1908 2271 1771.726 0 124 1000 6.9375
46431 274546 108475 453 80 30000 66000 36718.124 1944 2323 2363.002 2 124 1000 6.9375
47068 272392 109819 463 80 30000 66000 36733.432 1980 2344 2215.276 1 127 1000 6.9375
47562 273847 110756 471 80 30000 66000 36706.752 2017 2379 2092.737 1 129 1000 6.9375
47977 275362 111581 475 81 30000 66000 36684.444 2047 2407 1864.905 1 129 1000 6.987654320987654
48667 281496 112882 478 81 30000 66000 36676.558 2094 2461 1845.485 1 128 1000 6.987654320987654
49202 280306 114097 480 82 30000 66000 36558.416 2111 2491 1809.456 0 123 1000 7.036585365853658
49604 285846 114827 485 82 30000 66000 36574.690 2161 2539 2017.447 4 124 1000 7.036585365853658
49959 286131 115428 487 82 30000 66000 36581.222 2198 2572 1868.811 1 124 1000 7.036585365853658
50382 287034 116153 492 82 30000 66000 36597.610 2236 2609 2078.236 2 127 1000 7.036585365853658
51050 284032 117507 497 82 30000 66000 36614.079 2264 2620 2092.829 2 127 1000 7.036585365853658
51707 286921 118809 498 82 30000 66000 36617.383 2297 2663 1895.900 1 126 1000 7.036585365853658
52210 289074 119834 501 83 30000 66000 36627.314 2338 2709 2053.569 3 130 1000 7.108433734939759
52645 291402 120619 503 83 30000 66000 36633.951 2377 2749 2035.070 0 122 1000 7.108433734939759
53164 293267 121562 509 84 30000 66000 36599.699 2419 2786 2295.916 0 126 1000 7.2023809523809526
53505 294229 122126 515 84 30000 66000 36601.511 2455 2837 2313.342 1 125 1000 7.2023809523809526
53976 300815 122881 521 84 30000 66000 36475.998 2513 2887 2352.415 2 123 1000 7.2023809523809526
54592 298566 124240 524 85 30000 66000 36394.737 2533 2909 2204.794 0 124 1000 7.305882352941176
55079 299241 125144 534 85 30000 66000 36427.263 2590 2953 2598.348 3 128 1000 7.305882352941176
55554 301339 126112 538 85 30000 66000 36440.367 2621 3000 2296.883 2 123 1000 7.305882352941176
55958 302404 126847 543 85 30000 66000 36456.822 2677 3051 2383.901 2 126 1000 7.305882352941176
56505 304996 127914 547 86 30000 66000 36470.046 2716 3091 2365.938 2 125 1000 7.3604651162790695
57073 306433 129027 548 86 30000 66000 36418.033 2733 3143 2250.814 1 121 1000 7.3604651162790695
57366 307301 129477 549 87 30000 66000 36347.514 2785 3191 2301.362 2 124 1000 7.413793103448276
57810 308572 130373 553 87 30000 66000 36286.595 2828 3226 2502.047 0 121 1000 7.413793103448276
58418 310156 131742 560 88 30000 66000 36309.278 2881 3282 2675.266 3 123 1000 7.465909090909091
58828 311711 132543 565 88 30000 66000 36251.163 2909 3322 2599.890 0 119 1000 7.465909090909091
59272 316241 133099 568 88 30000 66000 36242.236 2979 3370 2548.415 0 119 1000 7.465909090909091
59580 311225 133639 571 88 30000 66000 36251.944 3007 3398 2567.783 0 120 1000 7.465909090909091
60018 318704 134375 577 89 30000 66000 36271.451 3063 3470 2771.326 1 118 1000 7.51685393258427
60326 313334 134890 584 89 30000 66000 36219.207 3096 3484 2828.515 1 119 1000 7.51685393258427
61014 320295 136162 589 89 30000 66000 36103.611 3156 3562 2778.934 4 121 1000 7.51685393258427
61357 315596 136696 592 89 30000 66000 36113.208 3182 3596 2703.208 1 117 1000 7.51685393258427
62012 321838 138204 594 90 30000 66000 36081.847 3256 3651 2719.697 0 117 1000 7.544444444444444
62292 316689 138796 604 90 30000 66000 36113.924 3288 3685 3101.139 0 118 1000 7.544444444444444
62824 318120 139876 611 90 30000 66000 36136.580 3336 3739 2972.421 2 114 1000 7.544444444444444
63175 322047 140434 616 90 30000 66000 36152.866 3383 3805 2927.638 0 116 1000 7.544444444444444
63356 321033 140578 619 90 30000 66000 36028.708 3432 3862 2875.386 1 114 1000 7.544444444444444
63704 315643 141185 624 90 30000 66000 36044.776 3466 3872 2990.136 1 115 1000 7.544444444444444
64138 322922 142226 626 91 30000 66000 35916.756 3528 3955 2918.313 2 114 1000 7.549450549450549
64540 318263 143016 631 92 30000 66000 35913.323 3562 3989 3080.189 1 115 1000 7.619565217391305
65050 319228 144021 636 92 30000 66000 35909.871 3600 4025 3118.964 0 114 1000 7.619565217391305
65311 324068 144412 638 92 30000 66000 35877.551 3685 4107 3032.940 4 117 1000 7.619565217391305
65770 324930 145143 641 93 30000 66000 35828.940 3739 4172 3130.713 0 117 1000 7.709677419354839
66116 320029 145729 649 93 30000 66000 35854.133 3759 4192 3360.929 0 114 1000 7.709677419354839
66359 320216 146098 649 93 30000 66000 35854.133 3822 4245 3043.917 3 111 1000 7.709677419354839
66672 326538 146494 652 93 30000 66000 35863.636 3904 4330 3256.132 4 113 1000 7.709677419354839
66885 321832 146919 659 94 30000 66000 35885.932 3938 4358 3446.724 1 115 1000 7.73404255319149
67217 327769 147326 663 94 30000 66000 35800.762 4021 4445 3379.023 2 115 1000 7.73404255319149
67376 327451 147351 669 94 30000 66000 35819.771 4071 4506 3504.985 1 114 1000 7.73404255319149
67921 328904 148428 676 95 30000 66000 35842.105 4131 4567 3583.978 2 113 1000 7.768421052631579
68296 323913 149229 679 95 30000 66000 35851.730 4151 4586 3436.467 1 110 1000 7.768421052631579
68866 330565 149917 682 95 30000 66000 35861.386 4248 4675 3517.587 4 113 1000 7.768421052631579
69070 325608 150380 683 96 30000 66000 35824.986 4286 4711 3470.083 0 113 1000 7.791666666666667
69320 332245 150478 691 96 30000 66000 35791.045 4343 4806 3832.392 0 110 1000 7.791666666666667
69700 332555 150949 696 96 30000 66000 35667.406 4428 4857 3742.734 3 113 1000 7.791666666666667
70147 327122 151746 700 96 30000 66000 35640.000 4450 4885 3725.899 0 107 1000 7.791666666666667
70457 333693 152353 704 97 30000 66000 35612.472 4538 4985 3792.166 3 107 1000 7.855670103092783
70780 327843 152861 709 97 30000 66000 35608.040 4559 5023 3855.588 0 107 1000 7.855670103092783
71320 333609 153542 713 97 30000 66000 35620.593 4672 5109 3894.062 0 109 1000 7.855670103092783
71816 334327 154284 719 97 30000 66000 35619.315 4731 5188 4023.803 0 110 1000 7.855670103092783
72045 329168 154631 726 98 30000 66000 35641.488 4760 5227 4061.506 1 105 1000 7.908163265306122
72438 334513 155047 732 98 30000 66000 35660.633 4854 5319 4088.154 3 106 1000 7.908163265306122
72666 328479 155454 738 98 30000 66000 35659.478 4878 5333 4102.431 0 107 1000 7.908163265306122
73281 335140 156330 742 98 30000 66000 35631.399 4998 5452 4099.523 3 109 1000 7.908163265306122
73808 335380 157096 746 99 30000 66000 35582.668 5037 5515 4153.971 2 108 1000 7.9393939393939394
74225 335176 157658 753 99 30000 66000 35605.037 5115 5578 4312.098 1 106 1000 7.9393939393939394
74305 327945 157410 755 99 30000 66000 35590.831 5156 5608 4150.371 1 107 1000 7.9393939393939394
74734 334203 157831 761 99 30000 66000 35610.121 5252 5708 4385.156 3 108 1000 7.9393939393939394
75177 334999 158670 766 100 30000 66000 35564.014 5324 5780 4398.554 1 107 1000 8.0
75499 328383 159009 776 100 30000 66000 35533.643 5365 5819 4584.939 0 109 1000 8.0
75773 334896 159123 786 100 30000 66000 35565.928 5476 5929 4633.743 4 108 1000 8.0
76131 329123 160025 799 101 30000 66000 35523.810 5497 5956 4720.657 1 106 1000 8.089108910891088
76044 328618 159650 802 101 30000 66000 35406.360 5564 6018 4410.070 1 103 1000 8.089108910891088
76367 334212 159832 811 101 30000 66000 35392.540 5674 6150 4694.988 3 106 1000 8.089108910891088
76747 334295 160203 819 101 30000 66000 35375.372 5730 6219 4695.819 1 101 1000 8.089108910891088
76998 328192 160648 824 101 30000 66000 35391.408 5784 6243 4608.637 0 101 1000 8.089108910891088
77399 334969 161254 828 102 30000 66000 35382.775 5872 6354 4656.879 3 101 1000 8.186274509803921
77416 328206 161102 833 102 30000 66000 35355.729 5901 6387 4714.561 0 100 1000 8.186274509803921
77374 327126 160722 839 102 30000 66000 35375.075 5988 6462 4798.397 0 103 1000 8.186274509803921
77558 327155 160540 844 103 30000 66000 35391.304 6077 6554 4815.382 3 104 1000 8.233009708737864
77673 326820 160349 849 103 30000 66000 35407.632 6155 6644 4872.885 1 103 1000 8.233009708737864
77820 331719 160141 854 103 30000 66000 35314.702 6268 6748 4964.509 2 101 1000 8.233009708737864
77978 324959 160188 855 103 30000 66000 35274.164 6299 6772 4870.800 1 99 1000 8.233009708737864
78468 324953 160859 859 103 30000 66000 35243.144 6379 6859 5038.485 2 101 1000 8.233009708737864
78792 324392 161048 864 104 30000 66000 35259.169 6469 6930 5134.510 0 103 1000 8.326923076923077
78983 330684 161214 869 104 30000 66000 35275.291 6587 7053 5222.498 3 102 1000 8.326923076923077
79466 330882 161886 874 104 30000 66000 35247.232 6659 7123 5283.760 2 102 1000 8.326923076923077
79648 323898 161915 881 104 30000 66000 35247.684 6704 7193 5363.806 1 104 1000 8.326923076923077
79677 323857 161869 885 105 30000 66000 35260.681 6770 7259 5328.499 1 100 1000 8.40952380952381
79948 323909 162139 888 105 30000 66000 35248.139 6839 7327 5366.014 1 98 1000 8.40952380952381
80379 331589 162895 893 106 30000 66000 35264.468 6972 7477 5533.889 0 99 1000 8.433962264150944
80788 331847 163530 897 106 30000 66000 35277.604 7056 7556 5562.905 3 98 1000 8.433962264150944
80978 330736 163775 900 107 30000 66000 35242.500 7149 7631 5604.186 2 101 1000 8.542056074766355
81083 330213 163676 905 107 30000 66000 35258.934 7222 7704 5733.365 1 97 1000 8.542056074766355
81451 330541 164160 912 107 30000 66000 35214.106 7311 7802 5852.822 2 95 1000 8.542056074766355
81982 324338 165097 919 107 30000 66000 35191.651 7365 7842 5865.887 0 97 1000 8.542056074766355
82041 330080 164756 925 107 30000 66000 35211.429 7485 7973 5921.803 2 96 1000 8.542056074766355
82383 330558 165061 930 108 30000 66000 35136.306 7571 8065 5958.410 2 97 1000 8.62962962962963
82781 323980 165792 933 108 30000 66000 35146.139 7625 8085 5933.349 1 98 1000 8.62962962962963
83175 325410 166432 938 109 30000 66000 35162.612 7691 8184 6053.138 2 93 1000 8.678899082568808
83225 324494 166277 941 109 30000 66000 35172.547 7797 8284 6070.132 2 95 1000 8.678899082568808
83622 325065 166770 945 109 30000 66000 35185.852 7865 8374 6177.142 1 96 1000 8.678899082568808
84090 325773 167395 949 109 30000 66000 35083.172 7960 8471 6253.801 1 94 1000 8.678899082568808
84457 325147 167772 955 109 30000 66000 35009.709 8047 8547 6376.313 2 95 1000 8.678899082568808
84410 324420 167511 959 109 30000 66000 35022.713 8135 8652 6386.766 1 94 1000 8.678899082568808
84550 330674 167501 962 110 30000 66000 35032.510 8288 8777 6482.409 3 96 1000 8.745454545454546
84599 323505 167625 968 110 30000 66000 34887.728 8297 8813 6594.906 0 93 1000 8.745454545454546
84978 330286 168033 972 110 30000 66000 34876.963 8462 8996 6634.762 4 96 1000 8.745454545454546
85271 330155 168249 975 111 30000 66000 34815.738 8546 9076 6690.091 2 92 1000 8.837837837837839
85557 330296 168527 979 111 30000 66000 34781.065 8646 9162 6802.187 1 92 1000 8.837837837837839
85803 324460 168871 983 111 30000 66000 34675.016 8689 9222 6837.199 0 90 1000 8.837837837837839
85852 331212 168526 988 112 30000 66000 34666.667 8857 9373 6976.898 3 91 1000 8.919642857142858
86172 330985 168862 993 112 30000 66000 34682.150 8976 9483 7053.225 2 93 1000 8.919642857142858
86194 330246 168521 996 112 30000 66000 34691.489 9058 9593 7081.668 2 91 1000 8.919642857142858
86468 324138 168994 1000 113 30000 66000 34536.000 9092 9600 7146.765 0 89 1000 9.026548672566372
86871 324630 169524 1009 113 30000 66000 34466.801 9193 9733 7345.841 0 88 1000 9.026548672566372
87208 330839 169278 1011 113 30000 66000 34472.801 9376 9907 7272.983 3 92 1000 9.026548672566372
87508 323921 169617 1017 113 30000 66000 34490.897 9419 9936 7413.413 0 91 1000 9.026548672566372
87760 324430 169975 1020 113 30000 66000 34500.000 9502 10022 7399.492 2 90 1000 9.026548672566372
88003 324154 169951 1026 113 30000 66000 34518.318 9610 10161 7560.717 2 91 1000 9.026548672566372
87887 323238 169381 1032 113 30000 66000 34536.785 9706 10251 7633.350 2 92 1000 9.026548672566372
87853 322623 168958 1039 113 30000 66000 34484.600 9832 10363 7727.499 2 92 1000 9.026548672566372
87951 322526 168879 1047 113 30000 66000 34509.291 9900 10440 7811.777 1 89 1000 9.026548672566372
88209 329338 169477 1048 114 30000 66000 34487.603 10091 10626 7771.732 3 89 1000 9.087719298245615
88602 329387 170167 1050 115 30000 66000 34394.483 10197 10723 7904.023 1 90 1000 9.147826086956522
88948 329142 170545 1052 115 30000 66000 34375.691 10298 10847 8008.346 2 88 1000 9.147826086956522
88975 328394 170182 1056 116 30000 66000 34387.812 10409 10958 8159.419 2 91 1000 9.241379310344827
89136 321637 170261 1061 116 30000 66000 34403.058 10461 10997 8217.928 1 85 1000 9.241379310344827
89206 321156 170007 1065 116 30000 66000 34415.331 10565 11117 8284.208 2 86 1000 9.241379310344827
89421 326620 169915 1071 116 30000 66000 34358.293 10732 11274 8471.100 3 85 1000 9.241379310344827
89718 320971 170492 1073 117 30000 66000 34339.173 10774 11319 8414.382 0 84 1000 9.307692307692308
89574 320456 169939 1079 118 30000 66000 34357.495 10915 11442 8573.446 2 86 1000 9.389830508474576
89639 320615 169706 1082 118 30000 66000 34188.999 11000 11565 8596.136 1 82 1000 9.389830508474576
90368 328044 170813 1087 118 30000 66000 34178.344 11206 11772 8804.856 3 85 1000 9.389830508474576
90737 321920 171344 1092 118 30000 66000 34193.182 11262 11818 8836.714 0 84 1000 9.389830508474576
90724 320640 171030 1095 118 30000 66000 34202.135 11361 11908 8886.954 0 85 1000 9.389830508474576
90848 320779 171077 1098 119 30000 66000 34211.127 11500 12048 8984.473 2 85 1000 9.495798319327731
90890 320383 170863 1102 119 30000 66000 34223.176 11601 12155 9111.027 1 83 1000 9.495798319327731
91296 327732 171493 1111 120 30000 66000 34250.540 11813 12363 9366.797 0 86 1000 9.566666666666666
91586 321445 171869 1118 120 30000 66000 34219.971 11834 12402 9316.907 0 84 1000 9.566666666666666
91916 327204 172122 1121 120 30000 66000 34229.152 12032 12590 9368.551 4 87 1000 9.566666666666666
91757 320170 171839 1125 121 30000 66000 34189.091 12090 12650 9434.511 0 86 1000 9.619834710743802
91778 326413 171462 1131 121 30000 66000 34207.451 12286 12861 9611.822 2 85 1000 9.619834710743802
91956 319478 171627 1140 121 30000 66000 34235.294 12302 12912 9688.927 1 84 1000 9.619834710743802
92167 319610 171874 1142 121 30000 66000 34241.532 12447 13016 9617.278 2 83 1000 9.619834710743802
91959 318589 171036 1147 122 30000 66000 34257.206 12578 13141 9796.100 0 85 1000 9.721311475409836
92206 318505 171225 1151 122 30000 66000 34269.830 12710 13247 9861.377 1 82 1000 9.721311475409836
92238 317886 170786 1154 122 30000 66000 34145.617 12819 13388 9947.705 1 82 1000 9.721311475409836
92310 323346 170501 1162 122 30000 66000 34116.592 13010 13601 10215.872 4 86 1000 9.721311475409836
92644 317669 171020 1166 122 30000 66000 34128.936 13062 13651 10156.544 1 84 1000 9.721311475409836
92862 324773 171270 1170 123 30000 66000 34141.353 13272 13860 10329.544 2 83 1000 9.829268292682928
93054 324122 171294 1174 123 30000 66000 34153.846 13417 14001 10440.199 1 85 1000 9.829268292682928
92769 322039 170520 1175 123 30000 66000 34156.981 13555 14130 10496.381 2 85 1000 9.829268292682928
92818 315408 170694 1177 124 30000 66000 34081.633 13590 14150 10583.528 0 83 1000 9.887096774193548
92864 315261 170475 1182 124 30000 66000 34042.489 13724 14290 10727.843 2 83 1000 9.887096774193548
92614 314498 169898 1187 124 30000 66000 34003.046 13842 14420 10827.560 2 84 1000 9.887096774193548
92630 313768 169762 1195 125 30000 66000 33944.828 13986 14554 10977.247 2 84 1000 9.928
93183 321413 170527 1202 125 30000 66000 33938.367 14210 14800 11110.137 2 81 1000 9.928
93541 314757 171096 1207 125 30000 66000 33842.227 14282 14835 11096.381 1 81 1000 9.928
93663 314384 171028 1215 125 30000 66000 33866.148 14414 14986 11252.568 2 81 1000 9.928
93694 314558 170854 1217 126 30000 66000 33844.115 14552 15135 11241.575 1 79 1000 10.007936507936508
94031 314881 171164 1224 126 30000 66000 33865.204 14698 15286 11445.447 2 80 1000 10.007936507936508
94439 321116 171748 1228 126 30000 66000 33877.358 14928 15505 11553.941 1 79 1000 10.007936507936508
94274 314775 171574 1231 127 30000 66000 33858.156 14947 15536 11583.191 0 76 1000 10.078740157480315
94363 313424 171553 1235 127 30000 66000 33870.356 15080 15706 11675.087 3 78 1000 10.078740157480315
94387 313486 171583 1239 127 30000 66000 33882.633 15254 15829 11795.467 0 77 1000 10.078740157480315
94600 312783 171650 1243 127 30000 66000 33894.988 15380 15994 11889.237 2 77 1000 10.078740157480315
94544 318469 171406 1247 128 30000 66000 33907.422 15641 16222 12087.234 3 80 1000 10.1640625
94928 312604 172055 1252 128 30000 66000 33894.231 15680 16260 12150.816 0 77 1000 10.1640625
95267 320102 172962 1255 129 30000 66000 33903.614 15934 16541 12283.185 3 80 1000 10.232558139534884
95356 319581 173147 1258 129 30000 66000 33913.043 16079 16668 12411.044 1 77 1000 10.232558139534884
95576 312682 173397 1266 129 30000 66000 33880.065 16121 16726 12537.468 0 77 1000 10.232558139534884
95979 319828 173973 1268 129 30000 66000 33886.364 16402 16968 12587.699 3 80 1000 10.232558139534884
95849 312510 173814 1270 130 30000 66000 33892.683 16419 17022 12655.713 0 74 1000 10.292307692307693
96000 312525 174013 1273 130 30000 66000 33902.200 16580 17184 12815.719 0 74 1000 10.292307692307693
95896 317577 173688 1279 130 30000 66000 33921.376 16831 17418 13018.658 3 74 1000 10.292307692307693
96188 311255 174107 1281 130 30000 66000 33927.810 16862 17459 12995.064 0 75 1000 10.292307692307693
95880 310953 173892 1287 131 30000 66000 33947.238 17012 17611 13162.772 2 75 1000 10.312977099236642
95811 310763 173724 1291 131 30000 66000 33900.744 17167 17769 13251.933 1 75 1000 10.312977099236642
96017 310232 173938 1296 131 30000 66000 33887.043 17278 17947 13390.880 2 75 1000 10.312977099236642
95497 308687 172810 1299 131 30000 66000 33896.753 17457 18071 13478.835 1 76 1000 10.312977099236642
95395 307566 172368 1304 131 30000 66000 33913.043 17613 18223 13642.412 1 75 1000 10.312977099236642
95324 307509 172332 1309 132 30000 66000 33899.244 17739 18385 13760.570 2 74 1000 10.378787878787879
95338 312952 171993 1315 132 30000 66000 33797.468 18055 18657 13978.078 3 74 1000 10.378787878787879
95668 306671 172684 1320 133 30000 66000 33752.542 18056 18713 13996.449 1 73 1000 10.406015037593985
96050 306851 173244 1323 133 30000 66000 33762.107 18245 18899 14098.327 0 75 1000 10.406015037593985
96287 306892 173418 1323 133 30000 66000 33762.107 18397 19029 14193.876 1 75 1000 10.406015037593985
96085 306580 173025 1328 134 30000 66000 33778.157 18580 19187 14430.298 1 75 1000 10.485074626865671
96140 313236 172921 1336 134 30000 66000 33742.268 18871 19481 14680.204 3 73 1000 10.485074626865671
96089 306203 172749 1343 134 30000 66000 33764.909 18891 19538 14675.727 0 74 1000 10.485074626865671
96416 313021 172986 1349 134 30000 66000 33784.535 19197 19831 14851.716 3 74 1000 10.485074626865671
96686 306800 173317 1354 135 30000 66000 33801.047 19240 19873 14872.372 1 73 1000 10.577777777777778
96707 306737 173050 1363 135 30000 66000 33767.810 19430 20062 15035.747 2 75 1000 10.577777777777778
97071 313862 173794 1364 136 30000 66000 33707.746 19684 20368 15126.960 2 74 1000 10.639705882352942
96979 306424 173592 1366 136 30000 66000 33714.286 19762 20379 15223.186 0 74 1000 10.639705882352942
97151 312022 173717 1372 136 30000 66000 33734.043 20049 20713 15504.587 3 74 1000 10.639705882352942
97075 310917 173363 1374 136 30000 66000 33708.703 20172 20857 15587.079 1 75 1000 10.639705882352942
97176 310760 173613 1380 137 30000 66000 33696.429 20385 21043 15794.448 1 75 1000 10.693430656934307
97041 303796 173311 1386 137 30000 66000 33716.338 20429 21062 15825.684 0 70 1000 10.693430656934307
96718 302340 172381 1396 137 30000 66000 33750.000 20608 21230 15919.506 2 69 1000 10.693430656934307
96935 308543 172422 1399 137 30000 66000 33760.218 20905 21548 16015.349 3 72 1000 10.693430656934307
96695 307234 171854 1406 137 30000 66000 33784.278 21056 21737 16211.063 2 72 1000 10.693430656934307
96450 306437 171152 1409 138 30000 66000 33794.684 21217 21864 16277.874 1 70 1000 10.76086956521739
96600 299907 171160 1416 138 30000 66000 33719.557 21284 21948 16384.521 0 71 1000 10.76086956521739
96586 299212 170923 1425 138 30000 66000 33750.698 21429 22109 16497.660 1 68 1000 10.76086956521739
96519 298877 170787 1431 138 30000 66000 33771.749 21625 22288 16560.890 1 70 1000 10.76086956521739
96628 298881 170839 1437 138 30000 66000 33793.039 21778 22482 16688.410 1 69 1000 10.76086956521739
96775 305946 171330 1441 139 30000 66000 33807.365 22077 22769 16888.161 2 71 1000 10.820143884892087
96771 305516 171491 1445 140 30000 66000 33753.555 22271 22927 17036.515 1 69 1000 10.878571428571428
96848 298880 171722 1452 140 30000 66000 33778.626 22338 22995 17120.776 0 70 1000 10.878571428571428
96813 297848 171531 1453 140 30000 66000 33782.235 22493 23177 17147.636 1 67 1000 10.878571428571428
97131 298500 172003 1459 141 30000 66000 33665.706 22698 23362 17389.822 0 67 1000 10.929078014184396
97640 305214 172700 1464 141 30000 66000 33683.398 22992 23711 17583.912 3 70 1000 10.929078014184396
97554 297890 172526 1467 141 30000 66000 33659.245 23072 23734 17612.726 0 67 1000 10.929078014184396
97511 304960 172323 1471 141 30000 66000 33673.469 23437 24094 17888.160 3 67 1000 10.929078014184396
97756 298849 172646 1475 142 30000 66000 33617.561 23485 24157 17948.738 0 68 1000 11.02112676056338
97986 299524 173125 1482 142 30000 66000 33642.436 23663 24347 18137.897 0 66 1000 11.02112676056338
98200 299669 173380 1483 142 30000 66000 33646.018 23884 24555 18219.393 0 66 1000 11.02112676056338
98789 307382 174520 1487 143 30000 66000 33660.415 24218 24873 18515.952 3 68 1000 11.111888111888112
98515 306447 174043 1492 143 30000 66000 33678.571 24406 25101 18682.027 1 70 1000 11.111888111888112
98466 299725 173863 1499 143 30000 66000 33704.296 24497 25161 18745.050 0 69 1000 11.111888111888112
98425 299966 173664 1505 144 30000 66000 33726.633 24651 25348 18846.561 1 66 1000 11.20138888888889
97990 305180 172768 1510 144 30000 66000 33745.455 24993 25679 19073.921 0 67 1000 11.20138888888889
97834 297584 172413 1514 144 30000 66000 33760.649 25048 25717 19097.140 1 67 1000 11.20138888888889
97940 297635 172381 1516 144 30000 66000 33768.293 25241 25904 19246.759 1 67 1000 11.20138888888889
98379 303231 172911 1519 145 30000 66000 33743.119 25593 26290 19544.487 2 70 1000 11.26896551724138
98468 302669 173173 1524 145 30000 66000 33762.295 25748 26453 19734.461 1 68 1000 11.26896551724138
98569 302354 173393 1533 145 30000 66000 33797.311 25960 26632 19907.913 1 66 1000 11.26896551724138
98852 302041 173820 1535 146 30000 66000 33805.181 26134 26874 19962.300 2 68 1000 11.349315068493151
98710 301112 173507 1536 146 30000 66000 33809.129 26373 27054 20155.349 1 66 1000 11.349315068493151
98944 300949 173878 1542 146 30000 66000 33832.985 26521 27267 20403.534 1 66 1000 11.349315068493151
98859 294403 173767 1544 146 30000 66000 33841.004 26624 27326 20415.339 0 63 1000 11.349315068493151
99027 294199 173932 1545 146 30000 66000 33845.026 26846 27528 20535.721 2 64 1000 11.349315068493151
98887 294129 173606 1549 146 30000 66000 33861.199 27026 27756 20769.584 0 64 1000 11.349315068493151
99084 300300 174064 1550 146 30000 66000 33827.368 27404 28114 21037.542 0 66 1000 11.349315068493151
99187 293793 174159 1556 146 30000 66000 33775.424 27452 28166 21101.666 1 66 1000 11.349315068493151
99204 293847 174099 1559 146 30000 66000 33787.460 27670 28372 21236.671 0 62 1000 11.349315068493151
99280 294026 174121 1564 147 30000 66000 33807.692 27864 28580 21399.173 1 62 1000 11.435374149659864
99344 293530 173991 1567 147 30000 66000 33819.936 28107 28793 21554.003 0 62 1000 11.435374149659864
99432 300201 173791 1573 147 30000 66000 33844.660 28441 29203 21873.772 3 64 1000 11.435374149659864
99374 300036 173736 1575 147 30000 66000 33852.973 28705 29446 22014.952 2 66 1000 11.435374149659864
99451 299672 173703 1578 148 30000 66000 33865.510 28900 29655 22224.359 1 67 1000 11.486486486486486
99512 298881 173733 1583 148 30000 66000 33886.587 29124 29860 22428.627 1 63 1000 11.486486486486486
99601 299291 173813 1586 149 30000 66000 33820.569 29345 30063 22593.262 2 63 1000 11.536912751677852
99545 298609 173621 1590 149 30000 66000 33837.363 29592 30285 22802.280 1 64 1000 11.536912751677852
99731 292786 173922 1594 149 30000 66000 33854.305 29667 30332 22872.934 0 61 1000 11.536912751677852
99515 292685 173353 1599 150 30000 66000 33875.694 29864 30573 23033.633 2 61 1000 11.573333333333334
99091 298235 172302 1600 150 30000 66000 33880.000 30248 30967 23306.339 2 63 1000 11.573333333333334
99291 291776 172420 1601 150 30000 66000 33884.316 30328 31054 23420.556 0 64 1000 11.573333333333334
99045 292355 172618 1606 151 30000 66000 33906.040 30550 31254 23630.988 1 64 1000 11.649006622516556
99093 292376 172620 1606 151 30000 66000 33906.040 30766 31487 23786.648 1 66 1000 11.649006622516556
99096 292185 172530 1606 152 30000 66000 33906.040 31004 31725 24042.753 1 67 1000 11.703947368421053
99054 298591 172785 1614 153 30000 66000 33941.309 31372 32162 24445.987 3 70 1000 11.777777777777779
99403 298001 173447 1615 153 30000 66000 33864.407 31594 32341 24551.890 1 71 1000 11.777777777777779
99368 291629 173384 1617 153 30000 66000 33669.309 31699 32407 24671.827 0 68 1000 11.777777777777779
99111 296729 172752 1621 153 30000 66000 33686.007 32064 32765 24939.633 2 66 1000 11.777777777777779
99284 289892 172967 1621 153 30000 66000 33686.007 32033 32893 24998.983 1 67 1000 11.777777777777779
99799 297102 174059 1622 154 30000 66000 33690.205 32465 33325 25387.200 2 66 1000 11.863636363636363
99743 290337 173726 1623 154 30000 66000 33694.413 32585 33317 25507.064 1 63 1000 11.863636363636363
100079 296166 174379 1628 154 30000 66000 33715.596 32898 33726 25889.656 3 65 1000 11.863636363636363
100036 295945 174169 1630 154 30000 66000 33724.138 33222 33979 26072.680 1 62 1000 11.863636363636363
100350 290347 174791 1633 154 30000 66000 33737.024 33325 34019 26183.514 0 59 1000 11.863636363636363
100591 290475 175097 1633 155 30000 66000 33737.024 33537 34257 26374.408 1 58 1000 11.92258064516129
100038 296235 173957 1634 156 30000 66000 33741.339 33934 34690 26779.572 2 59 1000 11.967948717948717
100048 289498 173763 1638 156 30000 66000 33758.701 33965 34767 26908.310 0 60 1000 11.967948717948717
100296 295598 174036 1640 156 30000 66000 33767.442 34413 35153 27171.832 2 59 1000 11.967948717948717
100326 288935 174064 1641 156 30000 66000 33771.828 34491 35256 27277.898 0 59 1000 11.967948717948717
100395 294457 174087 1645 156 30000 66000 33747.368 34895 35662 27673.121 1 61 1000 11.967948717948717
100706 288481 174862 1647 157 30000 66000 33671.747 34952 35725 27747.189 0 60 1000 12.02547770700637
100885 295183 175051 1650 157 30000 66000 33684.706 35391 36151 28107.072 2 60 1000 12.02547770700637
101005 295105 175079 1654 158 30000 66000 33617.021 35646 36412 28336.747 1 59 1000 12.10126582278481
101072 294804 175127 1659 158 30000 66000 33638.526 35916 36640 28556.692 1 60 1000 12.10126582278481
101224 294538 175220 1661 158 30000 66000 33647.199 36055 36930 28757.003 1 61 1000 12.10126582278481
100834 286848 174511 1664 158 30000 66000 33660.287 36154 36964 28865.931 0 61 1000 12.10126582278481
100791 287213 174290 1667 158 30000 66000 33673.469 36489 37228 29085.232 1 59 1000 12.10126582278481
100874 293606 174674 1671 159 30000 66000 33691.194 36900 37645 29445.461 2 60 1000 12.169811320754716
101047 287174 174974 1676 159 30000 66000 33669.903 36915 37747 29523.285 1 61 1000 12.169811320754716
101335 288459 175454 1683 160 30000 66000 33569.155 37241 37967 29711.418 1 60 1000 12.24375
101524 294847 175691 1685 161 30000 66000 33577.914 37686 38433 30029.701 2 61 1000 12.298136645962733
101709 288355 175932 1689 161 30000 66000 33595.561 37743 38508 30145.721 0 59 1000 12.298136645962733
101626 295642 175761 1692 161 30000 66000 33608.911 38196 39002 30509.712 3 62 1000 12.298136645962733
101848 296051 176085 1694 161 30000 66000 33617.866 38459 39233 30757.771 1 61 1000 12.298136645962733
101444 295480 175355 1697 162 30000 66000 33362.391 38754 39519 31025.272 1 62 1000 12.345679012345679
101462 294445 175237 1700 162 30000 66000 33330.000 38995 39779 31263.055 1 64 1000 12.345679012345679
101406 287918 175072 1702 162 30000 66000 33338.346 39066 39852 31339.654 0 61 1000 12.345679012345679
101898 294301 175588 1709 162 30000 66000 33367.889 39503 40309 31761.954 0 62 1000 12.345679012345679
101930 288263 175658 1710 162 30000 66000 33372.152 39626 40399 31724.751 0 59 1000 12.345679012345679
101696 287901 175164 1711 162 30000 66000 33376.426 39915 40671 31987.927 1 58 1000 12.345679012345679
101410 293830 174505 1711 162 30000 66000 33376.426 40341 41108 32433.850 2 57 1000 12.345679012345679
101645 293732 174656 1712 162 30000 66000 33380.711 40627 41386 32738.926 1 58 1000 12.345679012345679
101706 287353 174727 1716 162 30000 66000 33397.959 40690 41469 32873.835 0 56 1000 12.345679012345679
101854 287643 175052 1719 162 30000 66000 33411.012 40949 41765 33020.440 2 57 1000 12.345679012345679
102127 287454 175276 1726 162 30000 66000 33441.860 41206 42084 33273.171 0 58 1000 12.345679012345679
102314 287998 175714 1727 163 30000 66000 33446.313 41547 42299 33421.159 1 55 1000 12.374233128834355
102191 287767 175820 1732 164 30000 66000 33468.750 41768 42551 33697.007 1 56 1000 12.420731707317072
102449 294042 176133 1733 164 30000 66000 33473.272 42254 43030 34080.482 2 57 1000 12.420731707317072
102079 286898 175275 1738 165 30000 66000 33496.063 42335 43113 34211.659 0 55 1000 12.472727272727273
101845 292225 174807 1740 165 30000 66000 33505.263 42802 43575 34564.615 2 56 1000 12.472727272727273
101991 286193 175033 1741 166 30000 66000 33509.881 42878 43673 34693.446 0 56 1000 12.518072289156626
101649 286024 174372 1744 167 30000 66000 33523.810 43182 43924 34926.614 1 57 1000 12.568862275449101
101974 291419 174855 1747 167 30000 66000 33537.849 43623 44445 35346.260 0 58 1000 12.568862275449101
101739 291182 174430 1752 167 30000 66000 33561.497 43853 44739 35539.352 1 58 1000 12.568862275449101
101988 291265 174850 1753 168 30000 66000 33566.265 44239 45021 35787.468 0 56 1000 12.630952380952381
102019 292017 175003 1754 168 30000 66000 33571.046 44552 45336 36070.400 1 57 1000 12.630952380952381
101993 291390 174854 1754 168 30000 66000 33571.046 44783 45612 36383.856 1 59 1000 12.630952380952381
102407 285713 175675 1758 168 30000 66000 33590.296 44730 45739 36544.059 0 56 1000 12.630952380952381
102631 292195 176044 1760 168 30000 66000 33600.000 45411 46262 36937.417 2 57 1000 12.630952380952381
102865 291702 176356 1761 168 30000 66000 33458.728 45670 46549 37240.795 0 56 1000 12.630952380952381
102925 290969 176422 1763 168 30000 66000 33468.114 45977 46864 37499.537 1 58 1000 12.630952380952381
103162 285635 177016 1766 169 30000 66000 33482.289 46115 46882 37629.612 0 55 1000 12.692307692307692
