8 0 0 1 0 30000 66000 39003.601 516 516 516.000 7 7 1 0.0
8 0 0 1 0 30000 66000 39003.601 517 517 517.000 7 7 1 0.0
11 0 0 1 0 30000 66000 39003.601 519 519 519.000 8 8 1 0.0
11 9 33 1 1 30000 66000 39003.601 520 520 520.000 9 9 1 1.0
12 10 36 2 1 30000 66000 39007.206 522 522 15261.000 9 9 1 1.0
14 9 42 3 1 30000 66000 38852.223 522 522 10348.000 0 10 1 1.0
15 10 45 4 1 30000 66000 38855.769 522 524 7761.500 0 9 1 1.0
20 12 60 5 2 30000 66000 38816.032 522 528 6419.000 0 11 2 2.0
23 14 69 7 2 30000 66000 38750.903 516 532 8945.000 0 13 2 2.0
26 15 78 7 2 30000 66000 38736.462 516 535 374.000 0 15 2 2.0
29 17 87 9 3 30000 66000 38743.477 516 539 6956.667 0 16 2 2.3333333333333335
34 19 102 9 3 30000 66000 38743.477 516 543 289.778 0 18 2 2.3333333333333335
36 20 108 10 3 30000 66000 38746.988 510 546 3260.500 0 19 2 2.3333333333333335
39 94 117 11 4 30000 66000 38750.502 514 546 2964.455 0 20 2 2.25
38 100 114 12 4 30000 66000 38754.019 510 544 2760.333 0 18 2 2.25
41 114 122 12 4 30000 66000 38754.019 510 544 260.167 0 18 2 2.25
43 128 126 13 4 30000 66000 38757.539 510 538 2587.769 0 18 2 2.25
47 195 138 13 5 30000 66000 38714.113 510 542 279.923 0 19 2 2.2
47 195 138 14 5 30000 66000 38717.619 504 544 2402.500 0 21 2 2.2
52 207 152 15 5 30000 66000 38721.127 504 546 2241.400 0 20 2 2.2
56 230 164 15 5 30000 66000 38721.127 504 546 276.733 0 21 3 2.2
60 255 174 17 5 30000 66000 38728.151 504 546 3804.706 0 21 3 2.2
63 279 181 19 6 30000 66000 38735.187 498 546 3404.158 0 21 3 2.1666666666666665
70 304 199 21 6 30000 66000 38742.235 498 547 3079.714 0 21 3 2.1666666666666665
71 325 201 21 6 30000 66000 38742.235 498 546 222.524 0 20 3 2.1666666666666665
70 346 198 21 6 30000 66000 38742.235 498 549 222.905 0 21 3 2.1666666666666665
74 394 209 22 7 30000 66000 38745.763 493 550 1599.136 0 21 3 2.2857142857142856
79 450 222 22 7 30000 66000 38716.707 500 549 258.455 0 21 3 2.2857142857142856
83 470 233 23 7 30000 66000 38691.159 500 551 1551.565 0 21 3 2.2857142857142856
94 502 264 23 7 30000 66000 38691.159 495 551 247.261 0 21 3 2.2857142857142856
95 528 266 23 8 30000 66000 38691.159 495 553 269.000 0 21 4 2.625
93 532 263 23 8 30000 66000 38691.159 495 552 268.913 0 22 4 2.625
93 566 259 23 8 30000 66000 38691.159 495 551 268.957 0 20 4 2.625
100 588 278 25 8 30000 66000 38698.182 490 555 2647.320 0 22 4 2.625
105 693 288 25 9 30000 66000 38698.182 490 556 247.640 0 22 4 2.7777777777777777
106 697 289 25 9 30000 66000 38698.182 490 555 247.840 0 21 4 2.7777777777777777
111 712 302 26 9 30000 66000 38701.698 490 557 1392.385 0 21 4 2.7777777777777777
118 747 323 28 9 30000 66000 38708.738 485 556 2382.429 0 21 4 2.7777777777777777
125 767 341 28 9 30000 66000 38708.738 485 557 239.607 0 21 4 2.7777777777777777
130 767 355 28 9 30000 66000 38708.738 485 559 239.821 0 20 5 2.7777777777777777
134 789 366 29 9 30000 66000 38712.262 485 559 1266.138 0 19 5 2.7777777777777777
139 814 382 30 9 30000 66000 38715.789 482 560 1224.067 0 20 5 2.7777777777777777
155 872 417 30 10 30000 66000 38657.490 480 560 240.433 0 19 5 3.0
159 1003 427 30 11 30000 66000 38642.915 482 561 275.600 0 18 5 2.909090909090909
167 1046 446 31 11 30000 66000 38646.416 482 563 1234.774 0 19 6 2.909090909090909
168 1138 453 32 12 30000 66000 38649.919 477 563 1195.969 0 19 6 2.9166666666666665
167 1157 448 34 12 30000 66000 38656.934 477 563 2007.500 0 19 6 2.9166666666666665
177 1176 472 34 12 30000 66000 38656.934 477 563 243.029 0 19 6 2.9166666666666665
179 1257 473 35 12 30000 66000 38660.446 477 565 1093.657 0 20 6 2.9166666666666665
187 1274 491 36 13 30000 66000 38663.961 472 564 1063.222 0 20 6 2.923076923076923
193 1360 507 36 13 30000 66000 38663.961 472 565 230.083 0 19 7 2.923076923076923
200 1367 525 37 13 30000 66000 38667.479 472 567 1034.838 0 19 6 2.923076923076923
210 1426 551 37 13 30000 66000 38667.479 472 567 224.351 0 18 7 2.923076923076923
214 1459 563 37 13 30000 66000 38667.479 467 568 224.351 0 19 7 2.923076923076923
225 1518 592 37 13 30000 66000 38667.479 469 570 224.432 0 19 7 2.923076923076923
237 1658 628 37 14 30000 66000 38667.479 471 571 239.297 0 19 8 2.9285714285714284
242 1811 639 37 15 30000 66000 38652.862 471 570 268.757 0 19 8 2.8666666666666667
250 1870 660 37 15 30000 66000 38652.862 467 572 269.000 0 19 8 2.8666666666666667
247 1860 652 37 15 30000 66000 38652.862 473 571 269.027 0 19 8 2.8666666666666667
244 1912 637 37 15 30000 66000 38652.862 473 573 283.324 0 18 8 2.8666666666666667
255 1965 667 37 16 30000 66000 38652.862 474 572 283.649 0 18 8 2.9375
262 2077 684 39 16 30000 66000 38645.266 475 576 1820.333 0 18 8 2.9375
273 2186 714 39 16 30000 66000 38601.382 475 577 295.000 0 18 9 2.9375
277 2303 723 41 17 30000 66000 38593.737 475 576 1744.293 0 18 9 3.0
279 2394 731 41 17 30000 66000 38593.737 470 578 294.756 0 18 9 3.0
289 2473 755 42 17 30000 66000 38597.234 470 580 1002.143 0 19 9 3.0
293 2456 764 42 17 30000 66000 38597.234 470 579 287.952 0 18 9 3.0
306 2713 796 42 18 30000 66000 38597.234 470 582 288.452 0 19 10 3.0
320 2744 830 43 18 30000 66000 38600.733 465 582 979.605 0 19 10 3.0
330 2789 854 43 18 30000 66000 38600.733 465 581 282.116 0 18 10 3.0
344 2902 891 43 19 30000 66000 38600.733 465 583 282.465 0 19 11 3.0
353 2975 911 43 19 30000 66000 38600.733 465 585 282.698 0 20 11 3.0
360 3025 928 43 19 30000 66000 38527.473 460 584 293.814 0 19 11 3.0
386 3188 998 43 19 30000 66000 38527.473 460 586 294.302 0 20 12 3.0
395 3237 1023 43 20 30000 66000 38527.473 462 587 294.628 0 20 12 3.15
407 3392 1058 44 20 30000 66000 38501.629 460 587 993.523 0 20 12 3.15
405 3390 1056 46 20 30000 66000 38479.218 460 589 1602.761 0 20 12 3.15
413 3499 1068 46 20 30000 66000 38479.218 460 591 310.304 0 22 13 3.15
421 3626 1091 47 21 30000 66000 38482.674 460 590 942.149 0 21 13 3.1904761904761907
432 3640 1126 49 21 30000 66000 38489.596 455 590 1516.143 0 21 13 3.1904761904761907
437 3809 1145 51 21 30000 66000 38496.529 455 592 1457.235 0 22 13 3.1904761904761907
437 3778 1140 52 21 30000 66000 38500.000 455 591 852.538 0 22 14 3.1904761904761907
451 4022 1172 53 22 30000 66000 38503.474 455 593 846.509 0 22 14 3.3181818181818183
463 4044 1208 53 22 30000 66000 38503.474 450 594 280.698 0 21 14 3.3181818181818183
473 4124 1236 53 22 30000 66000 38503.474 450 596 281.000 0 21 14 3.3181818181818183
493 4313 1286 54 22 30000 66000 38506.950 450 598 831.852 0 22 15 3.3181818181818183
507 4388 1325 54 23 30000 66000 38506.950 450 599 276.537 0 22 15 3.4347826086956523
524 4490 1368 55 23 30000 66000 38510.429 445 597 817.291 0 22 16 3.4347826086956523
536 4533 1404 55 23 30000 66000 38451.534 449 601 290.491 0 22 16 3.4347826086956523
543 4738 1424 55 23 30000 66000 38436.810 451 602 300.473 0 22 16 3.4347826086956523
538 4804 1419 58 24 30000 66000 38447.174 453 602 1837.052 0 22 16 3.5
527 4731 1406 59 24 30000 66000 38450.635 453 604 789.017 0 22 16 3.5
541 4886 1433 60 24 30000 66000 38454.098 455 604 784.717 0 22 16 3.5
560 5068 1485 62 25 30000 66000 38461.034 455 607 1243.758 0 23 17 3.6
576 5147 1516 62 25 30000 66000 38461.034 456 605 276.371 0 23 17 3.6
588 5243 1560 62 25 30000 66000 38461.034 456 608 276.710 0 22 18 3.6
611 5392 1624 62 25 30000 66000 38461.034 458 608 285.194 0 22 18 3.6
620 5599 1650 62 26 30000 66000 38461.034 460 611 285.758 0 23 18 3.730769230769231
617 5668 1641 64 26 30000 66000 38467.980 462 609 1214.875 0 23 19 3.730769230769231
635 5919 1686 64 26 30000 66000 38467.980 462 611 286.031 0 22 19 3.730769230769231
660 6086 1754 64 26 30000 66000 38467.980 464 614 286.594 0 22 19 3.730769230769231
674 6189 1790 65 27 30000 66000 38397.536 464 616 751.308 0 22 20 3.8518518518518516
688 6222 1829 67 27 30000 66000 38374.846 463 615 1176.896 0 21 20 3.8518518518518516
695 6454 1864 67 27 30000 66000 38315.660 466 616 296.716 0 22 20 3.8518518518518516
697 6536 1859 68 27 30000 66000 38319.079 467 619 741.618 0 21 21 3.8518518518518516
723 6561 1927 72 27 30000 66000 38317.957 468 619 1950.750 0 22 21 3.8518518518518516
748 6714 1999 73 28 30000 66000 38321.384 468 620 691.507 0 22 22 3.9285714285714284
768 6752 2056 74 28 30000 66000 38324.815 470 620 682.378 0 22 22 3.9285714285714284
780 6843 2075 75 29 30000 66000 38298.557 471 622 680.120 0 22 23 4.0344827586206895
811 7124 2162 77 29 30000 66000 38305.407 472 622 1052.740 0 22 24 4.0344827586206895
841 7264 2245 77 29 30000 66000 38305.407 474 623 274.013 0 23 25 4.0344827586206895
864 7350 2303 78 29 30000 66000 38308.836 472 627 655.410 0 22 25 4.0344827586206895
888 7423 2370 80 30 30000 66000 38315.702 472 626 1014.438 0 23 26 4.166666666666667
907 7528 2407 81 30 30000 66000 38259.611 472 626 637.889 0 23 26 4.166666666666667
934 7822 2488 82 30 30000 66000 38263.027 472 629 630.890 0 24 27 4.166666666666667
954 7953 2552 82 31 30000 66000 38263.027 467 631 265.500 0 24 28 4.32258064516129
993 8114 2652 82 31 30000 66000 38263.027 467 631 272.171 0 25 28 4.32258064516129
1012 8216 2712 82 31 30000 66000 38263.027 467 633 285.098 0 24 30 4.32258064516129
1041 8423 2789 83 31 30000 66000 38266.446 467 635 643.843 0 24 30 4.32258064516129
1066 8863 2831 83 32 30000 66000 38266.446 462 635 289.241 0 23 31 4.34375
1075 8861 2861 83 32 30000 66000 38266.446 462 634 295.964 0 23 31 4.34375
1084 9109 2876 85 32 30000 66000 38273.292 462 637 1002.576 0 24 32 4.34375
1090 9031 2888 87 32 30000 66000 38280.149 462 640 985.506 0 24 32 4.34375
1084 9178 2859 87 33 30000 66000 38235.392 462 638 302.103 0 23 33 4.424242424242424
1096 9402 2879 88 33 30000 66000 38238.806 457 639 640.284 0 24 33 4.424242424242424
1123 9559 2956 88 33 30000 66000 38238.806 457 642 299.898 0 24 33 4.424242424242424
1142 9906 2995 89 34 30000 66000 38242.223 457 645 640.618 0 24 34 4.470588235294118
1177 10086 3097 91 34 30000 66000 38249.066 457 645 956.769 0 25 34 4.470588235294118
1211 10286 3183 91 34 30000 66000 38249.066 452 646 298.077 0 25 35 4.470588235294118
1224 10633 3211 91 35 30000 66000 38249.066 452 649 298.846 0 25 35 4.514285714285714
1251 10686 3264 91 35 30000 66000 38249.066 452 648 299.264 0 26 36 4.514285714285714
1276 10955 3335 91 35 30000 66000 38249.066 452 652 300.077 0 27 36 4.514285714285714
1326 11264 3467 94 35 30000 66000 38259.352 447 654 1248.904 0 28 38 4.514285714285714
1324 11197 3459 94 35 30000 66000 38259.352 453 652 297.479 0 28 38 4.514285714285714
1358 11800 3542 94 36 30000 66000 38244.389 455 656 303.989 0 27 39 4.555555555555555
1374 11913 3580 95 36 30000 66000 38247.817 457 658 632.916 0 28 41 4.555555555555555
1418 12079 3686 96 37 30000 66000 38221.298 457 657 638.479 0 27 41 4.5675675675675675
1439 12503 3743 98 37 30000 66000 38198.168 459 659 943.888 0 28 42 4.5675675675675675
1470 12594 3811 100 37 30000 66000 38190.000 461 662 936.730 0 27 42 4.5675675675675675
1539 13076 3987 100 37 30000 66000 38160.000 462 661 342.580 0 28 45 4.5675675675675675
1585 13584 4104 103 38 30000 66000 38155.194 464 666 1212.301 0 28 46 4.684210526315789
1604 13566 4142 107 38 30000 66000 38138.738 466 667 1447.916 0 27 46 4.684210526315789
1646 13809 4263 108 38 30000 66000 38142.140 467 667 601.935 0 28 48 4.684210526315789
1674 14200 4330 109 38 30000 66000 38145.546 468 668 602.624 0 29 48 4.684210526315789
1701 14441 4404 109 39 30000 66000 38115.433 469 670 337.633 0 29 49 4.82051282051282
1750 14539 4522 110 39 30000 66000 38118.828 469 673 607.927 0 28 50 4.82051282051282
1790 14982 4623 113 39 30000 66000 38129.032 469 672 1128.814 0 29 50 4.82051282051282
1838 15303 4744 113 40 30000 66000 38129.032 464 676 337.558 0 29 52 4.875
1854 15394 4789 115 40 30000 66000 38090.566 464 676 854.070 0 30 53 4.875
1897 15738 4922 117 40 30000 66000 38097.356 464 679 844.538 0 30 54 4.875
1925 16112 5000 118 40 30000 66000 38100.756 464 681 584.280 0 30 55 4.875
1996 16374 5192 118 41 30000 66000 38100.756 459 681 335.034 0 30 57 4.975609756097561
2040 16582 5308 118 41 30000 66000 38100.756 459 684 335.890 0 32 59 4.975609756097561
2069 16914 5379 122 41 30000 66000 38114.382 461 686 1313.623 0 30 59 4.975609756097561
2117 17296 5506 124 41 30000 66000 38121.212 463 688 813.726 0 31 62 4.975609756097561
2178 17996 5666 124 42 30000 66000 38121.212 465 691 335.855 0 31 62 5.0
2230 18211 5782 124 42 30000 66000 38121.212 465 690 341.685 0 32 63 5.0
2269 18990 5900 126 43 30000 66000 38128.054 466 695 813.984 0 32 64 4.976744186046512
2343 19214 6093 127 43 30000 66000 38131.479 468 698 572.142 0 33 67 4.976744186046512
2395 19550 6203 128 43 30000 66000 38134.907 470 698 581.086 0 34 67 4.976744186046512
2475 20577 6412 131 44 30000 66000 38145.209 472 700 1035.893 0 34 71 4.954545454545454
2548 20928 6598 131 44 30000 66000 38130.013 474 703 354.382 0 35 74 4.954545454545454
2608 21449 6759 134 44 30000 66000 38140.321 476 705 1023.664 0 35 76 4.954545454545454
2658 21928 6859 135 44 30000 66000 38143.763 479 707 572.889 0 36 77 4.954545454545454
2726 22381 7038 138 45 30000 66000 38093.141 480 710 1000.275 0 34 78 5.066666666666666
2771 22753 7181 139 45 30000 66000 38081.321 482 713 570.022 0 35 80 5.066666666666666
2817 22876 7306 140 45 30000 66000 38054.237 482 712 567.121 0 35 80 5.066666666666666
2883 23174 7480 141 46 30000 66000 38057.652 482 715 564.007 0 36 82 5.130434782608695
2954 24000 7649 142 46 30000 66000 38000.000 477 720 566.408 0 36 83 5.130434782608695
3003 24448 7774 143 46 30000 66000 38003.394 477 721 563.748 0 36 86 5.130434782608695
3086 25204 7983 143 47 30000 66000 38003.394 477 723 359.497 0 38 90 5.148936170212766
3129 25538 8106 144 47 30000 66000 38006.791 477 726 570.944 0 38 89 5.148936170212766
3209 25787 8285 146 47 30000 66000 37998.301 472 728 773.705 0 39 91 5.148936170212766
3289 26342 8492 149 47 30000 66000 38008.507 478 730 964.725 0 41 96 5.148936170212766
3333 27034 8612 149 47 30000 66000 38008.507 480 733 370.235 0 41 95 5.148936170212766
3407 27865 8795 150 48 30000 66000 37996.596 483 735 572.927 0 42 99 5.25
3527 28296 9105 150 48 30000 66000 37996.596 485 736 382.120 0 43 99 5.25
3604 29119 9302 152 48 30000 66000 38003.407 489 743 773.757 0 44 103 5.25
3718 29696 9614 154 49 30000 66000 38010.230 491 745 765.032 0 45 108 5.3061224489795915
3737 30043 9684 155 49 30000 66000 38013.646 494 746 568.065 0 45 106 5.3061224489795915
3805 30804 9866 156 49 30000 66000 38017.065 496 749 570.378 0 46 111 5.3061224489795915
3892 31816 10079 157 49 30000 66000 37943.662 500 754 581.624 0 47 109 5.3061224489795915
3985 32489 10292 158 50 30000 66000 37931.682 505 757 583.981 0 47 115 5.3
4067 32729 10526 160 50 30000 66000 37938.462 506 759 765.544 0 46 118 5.3
4192 33905 10825 160 50 30000 66000 37938.462 510 764 400.894 0 46 121 5.3
4314 34243 11122 161 50 30000 66000 37941.855 512 764 589.466 0 46 120 5.3
4391 35414 11310 161 50 30000 66000 37941.855 516 770 409.596 0 46 125 5.3
4483 35994 11556 162 51 30000 66000 37945.252 520 772 597.296 0 46 130 5.372549019607843
4558 36693 11766 164 51 30000 66000 37952.055 521 776 779.079 0 46 129 5.372549019607843
4685 37328 12049 166 51 30000 66000 37928.021 524 778 775.090 0 47 130 5.372549019607843
4768 38906 12244 167 52 30000 66000 37869.696 531 783 605.024 0 48 137 5.423076923076923
4935 39971 12689 169 52 30000 66000 37830.116 533 788 781.775 0 47 137 5.423076923076923
5046 40901 12979 171 52 30000 66000 37836.840 537 791 778.673 0 49 143 5.423076923076923
5190 41658 13362 174 53 30000 66000 37846.948 539 794 942.586 0 50 144 5.452830188679245
5285 42606 13569 176 53 30000 66000 37853.701 544 797 767.455 0 49 148 5.452830188679245
5370 43226 13789 176 53 30000 66000 37853.701 546 801 435.557 0 50 150 5.452830188679245
5497 43636 14102 177 53 30000 66000 37857.081 550 803 615.503 0 51 154 5.452830188679245
5661 45230 14512 179 53 30000 66000 37863.852 556 809 783.492 0 53 160 5.452830188679245
5805 46406 14893 181 53 30000 66000 37870.634 559 813 777.646 0 52 168 5.452830188679245
5934 47656 15169 184 54 30000 66000 37880.829 565 821 938.065 0 51 172 5.444444444444445
6067 48439 15512 184 54 30000 66000 37834.197 565 821 454.511 0 50 170 5.444444444444445
6153 48837 15715 188 55 30000 66000 37801.038 565 825 1095.160 0 49 174 5.527272727272727
6255 50434 15991 193 55 30000 66000 37817.945 565 830 1225.876 0 51 181 5.527272727272727
6407 51355 16356 194 55 30000 66000 37821.336 559 835 603.624 0 52 182 5.527272727272727
6532 51639 16669 196 56 30000 66000 37828.125 559 839 752.464 0 53 185 5.625
6647 52706 16952 197 56 30000 66000 37815.892 563 842 602.462 0 53 188 5.625
6789 54568 17318 198 56 30000 66000 37819.288 570 848 607.131 0 53 197 5.625
6985 55159 17799 202 56 30000 66000 37785.901 572 855 1053.683 0 54 198 5.625
7131 56995 18151 203 57 30000 66000 37742.273 578 858 612.433 0 54 199 5.666666666666667
7291 57188 18524 207 57 30000 66000 37755.778 586 861 1037.604 0 56 208 5.666666666666667
7500 58718 19071 210 57 30000 66000 37765.939 590 867 890.124 0 57 212 5.666666666666667
7661 60642 19438 211 57 30000 66000 37769.332 596 877 612.318 0 57 217 5.666666666666667
7850 61776 19900 214 58 30000 66000 37763.780 599 879 890.822 0 59 223 5.706896551724138
8022 63235 20311 219 58 30000 66000 37780.798 607 886 1151.662 0 61 227 5.706896551724138
8196 63920 20746 219 59 30000 66000 37765.015 610 893 472.137 0 59 232 5.813559322033898
8369 64898 21178 219 59 30000 66000 37765.015 619 895 479.014 0 59 233 5.813559322033898
8577 66208 21702 221 59 30000 66000 37756.033 623 902 753.380 0 61 248 5.813559322033898
8772 67490 22197 225 59 30000 66000 37753.846 629 910 1016.764 0 61 254 5.813559322033898
8950 68445 22624 227 60 30000 66000 37760.669 638 915 750.018 0 62 255 5.916666666666667
9103 69455 23015 231 60 30000 66000 37695.020 643 921 1006.649 0 61 261 5.916666666666667
9291 71972 23485 233 60 30000 66000 37654.169 644 928 748.601 0 63 268 5.916666666666667
9521 73094 24049 239 61 30000 66000 37674.480 644 935 1239.029 0 65 270 5.918032786885246
9720 74474 24567 242 61 30000 66000 37684.677 644 943 858.946 0 62 275 5.918032786885246
9968 76225 25166 244 61 30000 66000 37691.489 647 951 739.713 0 62 282 5.918032786885246
10161 77404 25636 245 61 30000 66000 37694.900 653 958 627.649 0 64 287 5.918032786885246
10430 78999 26340 245 62 30000 66000 37694.900 659 965 513.000 0 66 289 5.967741935483871
10571 80049 26697 249 62 30000 66000 37660.595 668 972 993.799 0 66 299 5.967741935483871
10780 81433 27184 251 62 30000 66000 37667.408 674 979 751.629 0 67 305 5.967741935483871
10953 83105 27543 254 63 30000 66000 37677.649 683 987 871.587 0 67 317 6.0
11258 85063 28250 259 63 30000 66000 37694.779 692 992 1098.089 0 70 324 6.0
11541 85839 28932 263 63 30000 66000 37708.538 696 1002 977.795 0 70 326 6.0
11848 88801 29679 264 63 30000 66000 37711.986 708 1015 646.216 0 74 336 6.0
12127 89454 30342 267 63 30000 66000 37722.347 714 1021 876.423 0 73 343 6.0
12397 91308 31011 270 63 30000 66000 37732.735 722 1025 872.174 0 77 358 6.0
12658 93334 31640 273 63 30000 66000 37743.152 731 1036 877.443 0 76 358 6.0
12954 95429 32325 273 64 30000 66000 37726.987 742 1049 562.571 0 77 366 6.109375
13207 97598 33060 277 65 30000 66000 37740.891 751 1057 999.415 0 79 382 6.2
13543 100734 33878 277 65 30000 66000 37740.891 763 1070 580.639 0 80 383 6.2
13928 101906 34844 279 66 30000 66000 37699.235 770 1076 804.986 0 81 386 6.303030303030303
14154 103239 35414 284 66 30000 66000 37667.870 779 1085 1119.961 0 81 405 6.303030303030303
14506 106971 36284 284 66 30000 66000 37619.134 791 1098 609.609 0 82 410 6.303030303030303
14712 106997 36762 286 66 30000 66000 37609.756 798 1104 825.867 0 80 416 6.303030303030303
15004 108857 37451 293 66 30000 66000 37633.892 811 1114 1327.536 0 80 417 6.303030303030303
15390 112958 38410 294 67 30000 66000 37637.353 824 1125 728.912 0 82 444 6.343283582089552
15661 114882 39059 295 67 30000 66000 37640.816 835 1139 739.780 0 81 442 6.343283582089552
15971 115242 39809 298 67 30000 66000 37651.226 842 1147 941.721 0 81 451 6.343283582089552
16405 118720 40769 300 67 30000 66000 37658.182 858 1158 850.743 2 84 455 6.343283582089552
16731 121392 41486 302 68 30000 66000 37665.150 868 1171 864.964 0 84 482 6.411764705882353
17153 123695 42515 309 68 30000 66000 37689.639 879 1184 1341.411 0 86 484 6.411764705882353
17623 126329 43723 312 69 30000 66000 37700.183 878 1197 957.429 0 87 489 6.391304347826087
18046 128914 44768 314 69 30000 66000 37707.228 878 1206 873.073 0 88 522 6.391304347826087
18399 129401 45533 317 69 30000 66000 37668.346 890 1212 968.019 0 91 524 6.391304347826087
18838 133946 46561 321 69 30000 66000 37682.423 902 1234 1065.822 2 89 532 6.391304347826087
19340 136615 47760 322 70 30000 66000 37619.835 918 1242 803.522 0 92 536 6.5
19923 139666 49176 327 70 30000 66000 37637.368 930 1254 1169.829 0 93 551 6.5
20346 141935 50199 333 70 30000 66000 37658.514 942 1272 1256.901 1 95 588 6.5
20804 143336 51381 333 71 30000 66000 37608.676 946 1278 735.327 0 91 587 6.549295774647887
21376 145685 52732 334 71 30000 66000 37578.947 966 1294 834.919 0 95 604 6.549295774647887
21867 148992 53942 337 71 30000 66000 37556.172 978 1308 1024.780 0 91 617 6.549295774647887
22399 154026 55165 340 71 30000 66000 37566.667 997 1328 1038.994 1 94 646 6.549295774647887
22934 157353 56563 340 72 30000 66000 37566.667 1000 1336 796.753 0 95 663 6.625
23469 160105 57831 344 72 30000 66000 37547.310 1004 1358 1153.488 0 97 676 6.625
24001 161560 59048 349 72 30000 66000 37481.172 1014 1368 1240.083 0 96 677 6.625
24531 167324 60225 350 73 30000 66000 37484.651 1034 1390 907.906 1 100 707 6.712328767123288
25198 169122 61851 353 73 30000 66000 37461.574 1047 1406 1091.725 0 98 711 6.712328767123288
25720 174223 63012 354 73 30000 66000 37431.500 1072 1425 937.540 1 101 726 6.712328767123288
26351 175544 64504 355 74 30000 66000 37418.182 1082 1439 957.361 0 100 744 6.72972972972973
26992 181138 65977 357 74 30000 66000 37425.105 1107 1463 1055.913 2 101 750 6.72972972972973
27591 181993 67253 362 74 30000 66000 37408.793 1122 1482 1313.354 0 104 784 6.72972972972973
28203 186052 68724 364 75 30000 66000 37382.022 1142 1498 1078.753 0 103 783 6.773333333333333
28727 190855 69827 371 75 30000 66000 37355.566 1168 1516 1494.226 0 108 819 6.773333333333333
29305 191775 71168 376 75 30000 66000 37322.034 1181 1535 1331.936 0 103 827 6.773333333333333
30012 197490 72718 381 75 30000 66000 37254.365 1213 1560 1340.572 1 107 851 6.773333333333333
30620 198779 74168 389 76 30000 66000 37179.536 1223 1583 1568.216 0 104 864 6.855263157894737
31227 202845 75508 395 76 30000 66000 37200.000 1247 1604 1414.808 2 106 901 6.855263157894737
32099 209416 77428 399 76 30000 66000 37213.708 1279 1637 1284.008 4 110 888 6.855263157894737
32839 213104 78983 404 77 30000 66000 37230.916 1305 1659 1372.344 1 110 948 6.935064935064935
33626 214855 80830 407 77 30000 66000 37241.280 1321 1675 1241.378 0 110 949 6.935064935064935
34394 218999 82554 409 77 30000 66000 37196.557 1345 1703 1186.998 0 112 970 6.935064935064935
35202 225411 84317 413 77 30000 66000 37037.853 1379 1737 1353.765 1 114 978 6.935064935064935
36130 230452 86314 416 77 30000 66000 37047.985 1409 1765 1306.401 2 114 1000 6.935064935064935
36811 231407 87915 420 78 30000 66000 36940.385 1429 1785 1393.283 0 116 1000 6.9743589743589745
37453 237520 89259 425 78 30000 66000 36887.711 1443 1823 1487.141 0 115 1000 6.9743589743589745
38119 240662 90648 431 78 30000 66000 36890.285 1478 1853 1563.144 1 120 1000 6.9743589743589745
39000 241600 92665 435 78 30000 66000 36886.199 1492 1876 1439.432 0 118 1000 6.9743589743589745
39799 244757 94479 441 78 30000 66000 36906.265 1520 1898 1586.658 2 117 1000 6.9743589743589745
40456 247789 95856 444 78 30000 66000 36916.342 1548 1928 1408.221 3 119 1000 6.9743589743589745
41191 253854 97477 446 78 30000 66000 36852.970 1590 1963 1377.939 0 123 1000 6.9743589743589745
41990 254998 99247 457 79 30000 66000 36872.247 1612 1989 1957.597 0 123 1000 7.075949367088608
42763 261774 101009 462 80 30000 66000 36853.778 1660 2031 1590.468 0 129 1000 7.175
43279 260882 102129 464 80 30000 66000 36807.466 1674 2055 1415.558 0 121 1000 7.175
43992 264075 103700 467 81 30000 66000 36658.141 1702 2084 1503.884 1 120 1000 7.246913580246914
44523 269635 104829 473 81 30000 66000 36677.849 1744 2132 1719.822 4 122 1000 7.246913580246914
45263 271439 106503 482 81 30000 66000 36671.952 1784 2156 1911.772 1 125 1000 7.246913580246914
45945 274012 108016 486 81 30000 66000 36685.204 1808 2186 1625.247 3 123 1000 7.246913580246914
46575 273378 109453 491 82 30000 66000 36701.842 1826 2210 1699.595 0 123 1000 7.2926829268292686
47118 275281 110592 493 82 30000 66000 36708.520 1860 2240 1544.333 1 122 1000 7.2926829268292686
47710 281884 111883 497 82 30000 66000 36721.917 1905 2291 1700.002 2 124 1000 7.2926829268292686
48358 280461 113339 500 82 30000 66000 36696.000 1929 2304 1659.732 0 124 1000 7.2926829268292686
49169 282680 115070 502 83 30000 66000 36702.703 1962 2336 1627.964 1 128 1000 7.349397590361446
49690 288982 116119 503 83 30000 66000 36633.951 2002 2388 1614.463 2 126 1000 7.349397590361446
50377 291319 117589 503 83 30000 66000 36633.951 2039 2425 1595.676 2 126 1000 7.349397590361446
50891 289187 118678 507 84 30000 66000 36647.265 2058 2440 1850.511 0 121 1000 7.440476190476191
51517 295085 120028 515 84 30000 66000 36655.919 2108 2485 2101.443 3 123 1000 7.440476190476191
52338 293268 121876 517 84 30000 66000 36553.707 2109 2509 1776.907 0 126 1000 7.440476190476191
52967 300475 123172 521 84 30000 66000 36548.762 2159 2560 1934.658 0 123 1000 7.440476190476191
53297 297924 123854 521 85 30000 66000 36548.762 2179 2587 1731.973 1 121 1000 7.529411764705882
53773 298686 124764 526 85 30000 66000 36565.350 2219 2618 2043.567 2 125 1000 7.529411764705882
54522 306394 126289 529 86 30000 66000 36575.342 2258 2668 1976.762 0 126 1000 7.546511627906977
54626 301987 126308 537 86 30000 66000 36510.443 2291 2698 2254.466 0 124 1000 7.546511627906977
55042 303781 127175 542 86 30000 66000 36527.068 2324 2729 2108.924 2 123 1000 7.546511627906977
55367 309945 127536 546 87 30000 66000 36503.582 2384 2785 2096.357 3 126 1000 7.609195402298851
55816 310773 128323 548 87 30000 66000 36473.361 2425 2824 2026.398 1 127 1000 7.609195402298851
56351 312086 129338 550 87 30000 66000 36461.538 2470 2868 2069.042 2 130 1000 7.609195402298851
56963 314213 130496 557 87 30000 66000 36484.817 2506 2912 2362.246 2 126 1000 7.609195402298851
57391 316506 131453 565 88 30000 66000 36493.023 2547 2956 2430.552 1 126 1000 7.693181818181818
58048 313031 132844 569 88 30000 66000 36506.473 2566 2969 2237.812 0 121 1000 7.693181818181818
58132 318213 132624 575 89 30000 66000 36526.753 2628 3028 2370.955 3 117 1000 7.786516853932584
58447 318449 133183 580 89 30000 66000 36543.750 2673 3072 2348.752 1 121 1000 7.786516853932584
58998 315009 134315 584 89 30000 66000 36538.622 2690 3081 2317.233 0 120 1000 7.786516853932584
59388 321164 134843 586 89 30000 66000 36526.646 2764 3171 2270.015 5 123 1000 7.786516853932584
59857 318587 135834 588 90 30000 66000 36476.987 2777 3189 2298.481 0 116 1000 7.877777777777778
60109 323953 136056 593 90 30000 66000 36493.970 2840 3251 2487.250 4 118 1000 7.877777777777778
60532 319254 136831 598 90 30000 66000 36511.041 2868 3267 2501.883 2 117 1000 7.877777777777778
60947 319943 137515 602 90 30000 66000 36467.861 2901 3303 2486.973 0 118 1000 7.877777777777778
61141 320451 137695 607 90 30000 66000 36484.945 2943 3355 2561.893 1 113 1000 7.877777777777778
61588 322794 138458 611 91 30000 66000 36498.677 2995 3403 2548.041 2 111 1000 7.967032967032967
62198 323476 139471 614 91 30000 66000 36509.014 3032 3454 2538.191 2 113 1000 7.967032967032967
62680 324900 140277 619 92 30000 66000 36449.761 3077 3480 2667.519 1 113 1000 8.065217391304348
63208 330925 140935 622 92 30000 66000 36460.064 3146 3557 2632.268 1 119 1000 8.065217391304348
63795 332142 142063 624 92 30000 66000 36371.002 3193 3609 2631.000 0 115 1000 8.065217391304348
64226 331786 142621 635 92 30000 66000 36369.973 3249 3643 3067.123 0 119 1000 8.065217391304348
64480 332043 142869 640 92 30000 66000 36251.613 3285 3703 2811.616 1 116 1000 8.065217391304348
64902 327302 143752 641 93 30000 66000 36216.245 3310 3727 2657.949 1 115 1000 8.10752688172043
65109 332787 143773 644 93 30000 66000 36226.293 3392 3805 2818.511 1 120 1000 8.10752688172043
65513 329265 144808 648 94 30000 66000 36239.741 3416 3816 2886.903 0 114 1000 8.138297872340425
65701 329249 145027 650 94 30000 66000 36246.486 3463 3876 2828.640 3 116 1000 8.138297872340425
66125 334517 145830 652 94 30000 66000 36194.805 3532 3959 2898.311 1 114 1000 8.138297872340425
66499 328872 146397 657 94 30000 66000 36211.612 3567 3959 3053.831 0 116 1000 8.138297872340425
66855 329838 147347 667 95 30000 66000 36225.859 3590 4023 3287.807 1 111 1000 8.2
67335 330400 148247 670 95 30000 66000 36177.049 3643 4073 3020.872 2 111 1000 8.2
67536 329544 148378 675 95 30000 66000 36134.795 3695 4133 3147.267 1 106 1000 8.2
68053 335179 149152 684 95 30000 66000 36105.727 3769 4203 3362.589 3 109 1000 8.2
68454 329837 149845 686 96 30000 66000 36013.230 3799 4234 3087.535 0 109 1000 8.28125
68512 329262 149782 691 96 30000 66000 36029.851 3858 4282 3251.928 2 112 1000 8.28125
68787 334519 149960 697 96 30000 66000 36049.917 3939 4356 3350.397 3 111 1000 8.28125
69352 335422 150917 700 97 30000 66000 36040.000 3987 4405 3270.537 2 109 1000 8.350515463917526
69556 329226 151097 704 97 30000 66000 36013.363 4015 4424 3335.571 0 109 1000 8.350515463917526
69859 335410 151237 710 97 30000 66000 35993.296 4090 4529 3473.580 3 111 1000 8.350515463917526
70150 329928 151621 716 97 30000 66000 36013.453 4116 4558 3485.982 0 104 1000 8.350515463917526
70182 330213 151597 719 97 30000 66000 36023.582 4171 4611 3401.399 2 104 1000 8.350515463917526
70586 330630 152187 720 97 30000 66000 35986.517 4228 4672 3379.672 1 105 1000 8.350515463917526
71181 337521 153076 722 97 30000 66000 35912.261 4303 4762 3506.071 3 106 1000 8.350515463917526
71504 333495 153658 726 98 30000 66000 35824.126 4324 4783 3613.032 0 104 1000 8.438775510204081
71768 340501 153772 732 99 30000 66000 35782.805 4412 4890 3749.153 3 107 1000 8.464646464646465
72319 335126 154648 740 99 30000 66000 35809.091 4452 4904 3834.207 0 107 1000 8.464646464646465
72614 340543 154841 745 99 30000 66000 35825.641 4540 5008 3776.765 3 110 1000 8.464646464646465
72982 333871 155505 749 99 30000 66000 35838.949 4584 5009 3761.320 1 111 1000 8.464646464646465
73114 340840 155227 754 100 30000 66000 35752.577 4665 5116 3876.865 0 108 1000 8.49
73096 340194 154967 756 100 30000 66000 35717.890 4719 5191 3806.468 2 110 1000 8.49
73582 334379 155682 762 100 30000 66000 35737.629 4752 5223 3979.957 0 109 1000 8.49
73957 340694 156188 767 100 30000 66000 35691.864 4859 5329 4016.383 0 109 1000 8.49
74443 334803 157016 771 100 30000 66000 35642.568 4888 5349 3989.119 1 111 1000 8.49
74966 334968 157779 772 100 30000 66000 35645.833 4955 5410 3941.229 2 111 1000 8.49
75424 336761 158605 776 100 30000 66000 35575.406 5003 5479 4113.081 0 107 1000 8.49
76061 344496 159477 782 101 30000 66000 35552.969 5116 5570 4267.354 0 109 1000 8.544554455445544
76458 338705 159927 783 102 30000 66000 35556.203 5153 5605 4103.905 1 108 1000 8.637254901960784
76691 338832 160096 786 102 30000 66000 35481.914 5203 5698 4244.422 2 108 1000 8.637254901960784
76823 344674 160015 790 102 30000 66000 35431.579 5307 5774 4365.677 3 105 1000 8.637254901960784
77294 345103 160863 794 103 30000 66000 35444.314 5359 5841 4422.922 0 103 1000 8.737864077669903
77738 345268 161588 797 103 30000 66000 35453.905 5457 5916 4442.019 2 105 1000 8.737864077669903
78374 346172 162543 806 103 30000 66000 35482.881 5507 5985 4700.769 2 102 1000 8.737864077669903
78602 339321 162665 809 103 30000 66000 35492.608 5561 6016 4510.473 0 102 1000 8.737864077669903
78769 345252 162605 815 103 30000 66000 35512.166 5643 6123 4692.310 2 101 1000 8.737864077669903
79142 345310 164158 820 104 30000 66000 35507.143 5717 6208 4707.752 1 99 1000 8.788461538461538
79486 339501 164579 822 104 30000 66000 35513.707 5743 6241 4638.052 0 97 1000 8.788461538461538
79623 338750 164590 828 104 30000 66000 35533.493 5820 6313 4816.274 2 99 1000 8.788461538461538
79897 339003 164812 831 105 30000 66000 35521.869 5879 6368 4773.704 0 95 1000 8.838095238095239
80170 338939 165142 840 105 30000 66000 35530.120 5966 6434 5022.246 1 97 1000 8.838095238095239
80472 345521 165342 843 105 30000 66000 35540.133 6077 6559 4914.012 0 100 1000 8.838095238095239
80589 338677 165257 846 106 30000 66000 35550.181 6107 6609 4932.535 0 99 1000 8.90566037735849
80480 337920 164885 852 106 30000 66000 35504.854 6183 6660 5081.080 2 99 1000 8.90566037735849
80749 337993 165065 855 107 30000 66000 35493.009 6251 6745 5044.744 1 100 1000 8.97196261682243
80786 337741 164824 859 107 30000 66000 35484.461 6337 6830 5144.478 1 101 1000 8.97196261682243
81031 337359 165080 863 107 30000 66000 35431.888 6408 6911 5208.060 2 99 1000 8.97196261682243
80828 336376 164403 866 107 30000 66000 35397.797 6487 6992 5243.492 2 100 1000 8.97196261682243
81045 338028 165170 874 108 30000 66000 35380.074 6564 7060 5459.024 2 102 1000 9.00925925925926
81467 344831 165559 881 108 30000 66000 35403.335 6689 7187 5512.354 3 100 1000 9.00925925925926
81870 343954 165945 883 108 30000 66000 35410.019 6772 7265 5419.641 2 99 1000 9.00925925925926
81914 336393 165836 891 108 30000 66000 35436.917 6797 7286 5626.340 0 97 1000 9.00925925925926
82235 336345 166156 895 108 30000 66000 35450.467 6884 7378 5536.972 2 98 1000 9.00925925925926
82591 335904 166453 901 108 30000 66000 35470.919 6963 7455 5658.957 2 94 1000 9.00925925925926
82974 337017 167108 902 109 30000 66000 35474.343 7056 7542 5583.410 1 96 1000 9.091743119266056
82979 343812 166719 904 110 30000 66000 35481.203 7171 7675 5737.883 2 95 1000 9.154545454545454
83337 343405 167249 908 110 30000 66000 35494.975 7253 7749 5875.419 2 96 1000 9.154545454545454
83448 342378 166998 911 110 30000 66000 35460.038 7350 7838 5920.592 2 97 1000 9.154545454545454
83856 336245 167748 916 110 30000 66000 35318.182 7353 7877 6011.189 0 94 1000 9.154545454545454
83869 342576 167395 921 111 30000 66000 35335.022 7499 8017 6083.949 3 96 1000 9.207207207207206
84091 335667 167544 924 111 30000 66000 35276.650 7536 8032 6057.327 1 96 1000 9.207207207207206
84136 335495 167249 929 111 30000 66000 35155.952 7610 8154 6190.279 0 94 1000 9.207207207207206
84036 341231 166835 937 111 30000 66000 35182.342 7762 8274 6357.661 3 96 1000 9.207207207207206
84217 340614 166978 942 111 30000 66000 35198.973 7859 8359 6327.171 2 95 1000 9.207207207207206
84408 339947 167038 946 111 30000 66000 35212.355 7937 8468 6367.449 2 91 1000 9.207207207207206
84613 339062 166952 949 111 30000 66000 35222.437 8016 8534 6417.742 2 93 1000 9.207207207207206
84673 340055 166959 952 112 30000 66000 35232.558 8135 8630 6503.297 2 94 1000 9.294642857142858
84815 340006 167179 957 113 30000 66000 35132.858 8207 8716 6637.132 1 93 1000 9.380530973451327
85099 333050 167443 961 113 30000 66000 35146.199 8247 8764 6638.934 1 93 1000 9.380530973451327
85158 332197 167290 967 113 30000 66000 35142.857 8341 8877 6764.741 2 92 1000 9.380530973451327
85031 331714 166758 971 113 30000 66000 35132.767 8412 8947 6779.926 1 88 1000 9.380530973451327
85205 338201 166758 974 114 30000 66000 35072.084 8561 9107 6878.616 3 92 1000 9.473684210526315
85260 331232 166613 975 114 30000 66000 35075.410 8595 9111 6872.231 1 89 1000 9.473684210526315
85295 330767 166453 980 114 30000 66000 35092.105 8689 9216 7067.920 1 89 1000 9.473684210526315
85508 330756 166451 983 114 30000 66000 35007.251 8787 9313 7095.722 2 90 1000 9.473684210526315
85878 338127 166962 989 115 30000 66000 34931.833 8918 9490 7298.538 3 89 1000 9.547826086956523
86304 331298 167514 989 115 30000 66000 34931.833 8962 9505 7179.969 1 89 1000 9.547826086956523
86600 338943 167829 996 116 30000 66000 34930.851 9141 9684 7498.461 3 92 1000 9.620689655172415
86562 331582 167954 1000 116 30000 66000 34944.000 9186 9711 7441.601 1 93 1000 9.620689655172415
86579 337258 167610 1001 116 30000 66000 34947.298 9323 9856 7508.350 0 92 1000 9.620689655172415
86953 337270 168068 1003 116 30000 66000 34953.908 9460 9981 7640.239 1 95 1000 9.620689655172415
87119 331962 169039 1008 117 30000 66000 34970.509 9462 10020 7758.122 1 85 1000 9.632478632478632
87374 337352 169269 1012 117 30000 66000 34983.871 9641 10176 7861.604 3 87 1000 9.632478632478632
87577 330571 169584 1015 117 30000 66000 34993.939 9682 10193 7875.970 1 87 1000 9.632478632478632
87886 338221 169946 1018 118 30000 66000 34931.174 9833 10363 8024.083 2 88 1000 9.686440677966102
87685 330825 169664 1021 118 30000 66000 34941.176 9872 10407 8066.334 0 87 1000 9.686440677966102
87499 337051 169236 1024 118 30000 66000 34951.220 10019 10577 8202.993 3 87 1000 9.686440677966102
87523 335795 169075 1030 119 30000 66000 34946.939 10108 10671 8359.009 1 87 1000 9.781512605042018
87770 328643 169442 1033 119 30000 66000 34785.276 10169 10688 8315.562 1 88 1000 9.781512605042018
87727 328411 169285 1040 119 30000 66000 34684.932 10270 10810 8498.065 0 87 1000 9.781512605042018
88166 336235 170063 1044 120 30000 66000 34623.626 10459 11010 8553.557 3 88 1000 9.858333333333333
88448 336543 170494 1052 120 30000 66000 34649.171 10565 11102 8729.789 2 88 1000 9.858333333333333
88901 336974 171266 1057 120 30000 66000 34640.333 10670 11214 8729.034 1 84 1000 9.858333333333333
89016 336878 171350 1061 121 30000 66000 34628.214 10776 11333 8793.263 2 83 1000 9.87603305785124
88971 335542 171238 1065 121 30000 66000 34641.115 10886 11454 8887.770 2 85 1000 9.87603305785124
89241 335706 171502 1068 121 30000 66000 34650.838 10972 11568 8961.624 1 84 1000 9.87603305785124
89575 329408 171993 1076 121 30000 66000 34676.966 11021 11571 9105.795 0 83 1000 9.87603305785124
89312 328445 171208 1081 122 30000 66000 34668.076 11131 11683 9096.953 2 82 1000 9.926229508196721
89231 328056 170884 1083 122 30000 66000 34674.665 11241 11798 9125.888 1 80 1000 9.926229508196721
89331 327354 170775 1089 122 30000 66000 34643.515 11350 11896 9312.252 1 78 1000 9.926229508196721
89893 328845 171776 1093 122 30000 66000 34631.130 11459 12064 9358.774 2 81 1000 9.926229508196721
90183 329290 172123 1105 123 30000 66000 34645.161 11596 12171 9609.904 1 80 1000 10.024390243902438
90550 329276 172687 1111 123 30000 66000 34665.227 11700 12266 9526.851 1 81 1000 10.024390243902438
91114 336934 173383 1116 123 30000 66000 34630.058 11885 12461 9657.625 3 83 1000 10.024390243902438
91171 336330 173306 1119 124 30000 66000 34640.116 12003 12570 9710.347 2 81 1000 10.112903225806452
91163 335838 173239 1121 124 30000 66000 34646.846 12127 12697 9804.503 1 83 1000 10.112903225806452
91265 335126 173316 1126 124 30000 66000 34480.349 12230 12817 9969.798 1 80 1000 10.112903225806452
91497 335251 173477 1129 124 30000 66000 34385.120 12369 12919 10034.749 2 82 1000 10.112903225806452
91228 327829 172813 1134 125 30000 66000 34348.463 12411 12982 10117.273 0 80 1000 10.16
91195 327801 172766 1143 125 30000 66000 34324.245 12495 13088 10255.290 1 77 1000 10.16
91377 326715 173016 1151 125 30000 66000 34349.889 12648 13184 10290.189 2 79 1000 10.16
91640 333477 173308 1154 125 30000 66000 34359.584 12850 13433 10343.768 3 81 1000 10.16
91876 326015 173742 1160 125 30000 66000 34352.239 12860 13486 10443.480 0 78 1000 10.16
92171 332623 174078 1165 126 30000 66000 34314.607 13085 13675 10560.586 3 82 1000 10.222222222222221
92529 332748 174467 1174 126 30000 66000 34262.443 13218 13797 10723.762 1 82 1000 10.222222222222221
92960 332619 175185 1182 127 30000 66000 34288.316 13360 13946 10772.236 2 83 1000 10.32283464566929
93372 326599 175782 1187 127 30000 66000 34304.646 13365 13959 10730.076 0 80 1000 10.32283464566929
93507 332201 175715 1195 127 30000 66000 34331.034 13610 14166 10922.146 3 83 1000 10.32283464566929
93291 331627 175220 1201 128 30000 66000 34351.039 13700 14302 10957.857 1 77 1000 10.4140625
93071 330588 174596 1209 128 30000 66000 34378.002 13822 14421 11075.079 1 77 1000 10.4140625
92941 323223 174242 1216 128 30000 66000 34261.682 13856 14457 11063.836 0 75 1000 10.4140625
93134 323390 174553 1219 129 30000 66000 34243.560 13992 14601 11037.113 2 77 1000 10.472868217054264
93191 323013 174544 1224 129 30000 66000 34260.188 14131 14737 11184.814 1 75 1000 10.472868217054264
93275 322887 174274 1230 129 30000 66000 34280.315 14261 14853 11299.707 1 75 1000 10.472868217054264
93548 330373 174672 1231 129 30000 66000 34283.688 14478 15088 11396.050 2 79 1000 10.472868217054264
94042 331773 175526 1233 130 30000 66000 34290.450 14607 15227 11555.626 1 80 1000 10.546153846153846
94357 331555 175833 1243 130 30000 66000 34295.943 14765 15369 11807.994 2 81 1000 10.546153846153846
94487 324641 175776 1247 130 30000 66000 34252.195 14796 15429 11706.794 0 80 1000 10.546153846153846
94422 330900 175258 1248 131 30000 66000 34140.575 15002 15627 11829.377 2 80 1000 10.618320610687023
94906 330698 175898 1252 131 30000 66000 34153.846 15136 15768 12013.557 2 81 1000 10.618320610687023
94902 323532 175619 1256 131 30000 66000 34167.203 15195 15827 12058.270 0 79 1000 10.618320610687023
95011 323117 175650 1259 131 30000 66000 34061.241 15336 15952 12135.106 1 79 1000 10.618320610687023
94942 323745 175404 1263 132 30000 66000 34074.373 15466 16095 12281.521 1 77 1000 10.674242424242424
94781 323472 174952 1265 132 30000 66000 34080.972 15635 16231 12372.836 2 78 1000 10.674242424242424
94467 322755 174219 1270 132 30000 66000 34097.561 15728 16360 12553.451 0 74 1000 10.674242424242424
94398 322090 174027 1273 132 30000 66000 34048.900 15885 16489 12635.774 0 73 1000 10.674242424242424
94491 328767 174133 1275 132 30000 66000 34055.510 16123 16744 12801.178 3 75 1000 10.674242424242424
94652 322228 174544 1276 133 30000 66000 34058.824 16177 16796 12854.353 0 73 1000 10.714285714285714
94741 328289 174585 1277 133 30000 66000 34062.142 16396 17052 13054.814 2 73 1000 10.714285714285714
95013 328874 174883 1278 134 30000 66000 34065.466 16575 17161 13213.358 2 74 1000 10.76865671641791
94960 327918 174550 1281 134 30000 66000 34075.472 16693 17321 13396.027 2 74 1000 10.76865671641791
95235 321061 174927 1283 134 30000 66000 34082.169 16739 17389 13441.364 0 73 1000 10.76865671641791
95224 327843 174716 1287 135 30000 66000 34065.952 16990 17631 13656.868 3 73 1000 10.822222222222223
95479 327867 175167 1289 135 30000 66000 34072.667 17158 17786 13761.089 2 75 1000 10.822222222222223
95584 321526 175273 1292 135 30000 66000 34082.781 17201 17806 13844.070 0 71 1000 10.822222222222223
95690 321655 175414 1297 136 30000 66000 34069.825 17296 17952 14008.665 0 71 1000 10.889705882352942
95651 322392 175185 1303 136 30000 66000 34060.150 17474 18106 14145.223 0 69 1000 10.889705882352942
95779 322391 175368 1307 136 30000 66000 33983.236 17618 18273 14219.210 1 70 1000 10.889705882352942
96057 328878 175685 1310 136 30000 66000 33932.773 17884 18541 14423.925 0 71 1000 10.889705882352942
96218 321655 175925 1312 136 30000 66000 33909.091 17937 18552 14457.668 0 70 1000 10.889705882352942
96081 323367 176369 1314 137 30000 66000 33915.683 18102 18732 14609.217 1 71 1000 10.94890510948905
96446 329856 176778 1319 137 30000 66000 33932.261 18363 18997 14885.416 3 72 1000 10.94890510948905
96955 323186 177479 1327 137 30000 66000 33959.079 18422 19045 14959.363 0 72 1000 10.94890510948905
97052 328906 177575 1332 138 30000 66000 33945.205 18683 19306 15094.809 0 71 1000 10.985507246376812
97038 328332 177269 1336 138 30000 66000 33896.907 18844 19470 15161.833 2 69 1000 10.985507246376812
97197 328253 177332 1341 138 30000 66000 33882.657 18933 19619 15308.881 2 71 1000 10.985507246376812
97201 327450 177214 1346 138 30000 66000 33899.480 19159 19798 15436.558 1 70 1000 10.985507246376812
97280 320565 177109 1350 138 30000 66000 33913.043 19207 19896 15465.541 1 68 1000 10.985507246376812
96983 325910 176414 1353 138 30000 66000 33923.278 19465 20111 15675.966 2 69 1000 10.985507246376812
97247 325794 176767 1357 138 30000 66000 33937.008 19649 20262 15843.282 0 69 1000 10.985507246376812
97394 325677 176980 1360 139 30000 66000 33852.632 19809 20431 15944.032 1 69 1000 11.050359712230216
98081 327074 178060 1366 140 30000 66000 33777.778 19963 20594 16136.749 0 71 1000 11.128571428571428
98072 326104 177987 1371 140 30000 66000 33794.508 20107 20774 16207.702 1 70 1000 11.128571428571428
98561 319695 178891 1382 141 30000 66000 33831.843 20167 20805 16309.716 0 70 1000 11.21985815602837
98536 318952 178628 1384 141 30000 66000 33774.194 20308 20989 16249.211 2 69 1000 11.21985815602837
98443 317954 178176 1387 141 30000 66000 33752.022 20493 21157 16424.422 2 71 1000 11.21985815602837
98654 318410 178644 1391 142 30000 66000 33765.555 20666 21344 16591.689 2 71 1000 11.316901408450704
98763 317560 178706 1393 142 30000 66000 33772.358 20819 21503 16712.960 0 68 1000 11.316901408450704
98475 316358 178262 1394 142 30000 66000 33775.769 21003 21651 16853.824 1 69 1000 11.316901408450704
98579 322951 178288 1398 142 30000 66000 33789.474 21277 21912 17162.499 2 68 1000 11.316901408450704
98703 322805 178382 1403 142 30000 66000 33773.929 21425 22114 17316.595 2 67 1000 11.316901408450704
98923 316426 178680 1406 143 30000 66000 33784.278 21489 22155 17342.169 0 65 1000 11.384615384615385
98770 315829 178437 1407 143 30000 66000 33754.803 21638 22358 17444.546 2 67 1000 11.384615384615385
98679 315731 178148 1415 143 30000 66000 33782.488 21826 22589 17703.189 1 67 1000 11.384615384615385
98849 322982 178337 1421 143 30000 66000 33803.522 22180 22838 17894.644 0 66 1000 11.384615384615385
98782 316050 178199 1427 143 30000 66000 33824.790 22243 22928 17893.514 1 67 1000 11.384615384615385
98839 323403 178003 1434 144 30000 66000 33849.906 22537 23182 18133.018 2 66 1000 11.465277777777779
98773 322510 177825 1439 144 30000 66000 33800.189 22717 23388 18230.467 1 67 1000 11.465277777777779
98788 322599 177768 1443 144 30000 66000 33814.570 22916 23573 18366.915 2 67 1000 11.465277777777779
98972 315429 178047 1447 144 30000 66000 33829.060 22953 23636 18423.364 1 66 1000 11.465277777777779
98654 322752 177817 1451 145 30000 66000 33637.750 23260 23934 18691.419 0 66 1000 11.524137931034483
98805 315791 177996 1459 145 30000 66000 33665.706 23349 24031 18731.840 1 66 1000 11.524137931034483
98762 322100 178078 1464 146 30000 66000 33579.151 23659 24309 18921.426 3 67 1000 11.602739726027398
98692 315133 177901 1468 146 30000 66000 33593.023 23727 24376 18957.161 0 66 1000 11.602739726027398
98787 321922 177873 1470 146 30000 66000 33600.000 24012 24665 19184.848 2 67 1000 11.602739726027398
98919 314700 177875 1476 146 30000 66000 33515.625 24060 24762 19297.992 0 67 1000 11.602739726027398
98940 314585 177976 1478 147 30000 66000 33416.830 24252 24913 19364.978 1 66 1000 11.65986394557823
99013 314620 177840 1481 147 30000 66000 33426.889 24476 25111 19563.678 1 68 1000 11.65986394557823
99251 320883 178281 1485 148 30000 66000 33440.394 24736 25408 19846.606 2 67 1000 11.72972972972973
99554 314177 178568 1490 148 30000 66000 33386.139 24809 25502 19913.418 0 66 1000 11.72972972972973
99712 320963 178817 1494 149 30000 66000 33328.032 25133 25818 20139.801 2 65 1000 11.758389261744966
99873 320767 179015 1498 149 30000 66000 33341.317 25336 26018 20306.255 1 65 1000 11.758389261744966
100190 314211 179522 1503 149 30000 66000 33321.966 25382 26094 20374.332 0 65 1000 11.758389261744966
100217 313737 179667 1510 150 30000 66000 33345.455 25564 26270 20519.411 1 66 1000 11.793333333333333
100220 313520 179605 1515 150 30000 66000 33216.244 25763 26454 20630.541 1 66 1000 11.793333333333333
100558 320036 180246 1524 150 30000 66000 33245.902 26063 26821 20919.062 3 68 1000 11.793333333333333
100575 319838 180149 1530 150 30000 66000 33265.979 26321 26984 21009.782 2 68 1000 11.793333333333333
101036 320429 180832 1535 150 30000 66000 33282.902 26467 27222 21156.646 1 67 1000 11.793333333333333
100752 319460 180155 1538 151 30000 66000 33293.139 26709 27420 21305.707 1 67 1000 11.834437086092715
100887 319401 180431 1544 151 30000 66000 33238.494 26912 27598 21509.665 1 65 1000 11.834437086092715
100706 312117 180086 1548 152 30000 66000 33063.025 26928 27678 21531.141 1 65 1000 11.888157894736842
100579 318060 179691 1552 152 30000 66000 33075.949 27313 27997 21810.531 2 64 1000 11.888157894736842
100609 311000 179581 1555 152 30000 66000 33085.714 27369 28064 21867.664 0 65 1000 11.888157894736842
100632 318281 179292 1564 152 30000 66000 33115.385 27734 28406 22206.384 0 64 1000 11.888157894736842
100423 317172 178948 1570 152 30000 66000 32980.645 27914 28627 22271.633 2 63 1000 11.888157894736842
100396 316800 178819 1579 153 30000 66000 32970.684 28122 28824 22434.785 1 63 1000 11.941176470588236
100720 316628 179388 1583 153 30000 66000 32944.384 28302 29029 22513.893 1 64 1000 11.941176470588236
100698 316261 179058 1588 153 30000 66000 32960.526 28520 29254 22693.365 1 62 1000 11.941176470588236
100619 309258 178815 1590 154 30000 66000 32927.473 28572 29326 22728.152 0 63 1000 11.993506493506494
100217 308712 177927 1596 154 30000 66000 32946.903 28830 29560 22942.939 2 64 1000 11.993506493506494
100050 314596 177471 1599 154 30000 66000 32876.804 29139 29840 23184.153 2 64 1000 11.993506493506494
100377 314758 177652 1605 155 30000 66000 32855.866 29356 30078 23404.105 1 64 1000 12.051612903225806
100403 307498 177591 1610 155 30000 66000 32750.562 29399 30172 23434.637 0 64 1000 12.051612903225806
100738 314269 178097 1615 155 30000 66000 32766.102 29780 30557 23710.707 2 66 1000 12.051612903225806
101329 314593 179042 1619 155 30000 66000 32778.661 30026 30732 23874.060 0 63 1000 12.051612903225806
101545 308158 179205 1623 155 30000 66000 32791.334 30063 30793 23866.781 1 63 1000 12.051612903225806
101711 314463 179116 1628 155 30000 66000 32807.339 30456 31232 24192.969 3 65 1000 12.051612903225806
101217 307753 179183 1633 156 30000 66000 32823.529 30541 31283 24241.754 0 64 1000 12.083333333333334
101487 314326 179474 1636 156 30000 66000 32833.333 30849 31719 24505.281 3 67 1000 12.083333333333334
101666 308166 179744 1637 157 30000 66000 32836.616 30964 31760 24582.054 0 66 1000 12.121019108280255
101373 313508 179322 1640 157 30000 66000 32846.512 31362 32098 24896.296 2 62 1000 12.121019108280255
101665 313056 179557 1642 157 30000 66000 32853.147 31551 32319 25097.281 1 62 1000 12.121019108280255
102071 307924 180342 1643 158 30000 66000 32856.476 31640 32371 25194.742 0 60 1000 12.151898734177216
102339 314213 180875 1645 158 30000 66000 32778.947 32026 32772 25563.548 0 60 1000 12.151898734177216
102143 313429 180418 1650 159 30000 66000 32668.235 32269 33066 25802.178 0 62 1000 12.20754716981132
102752 314102 181392 1652 159 30000 66000 32589.623 32499 33242 25964.839 1 61 1000 12.20754716981132
102910 307677 181722 1656 159 30000 66000 32559.242 32550 33328 26072.503 0 59 1000 12.20754716981132
102937 313836 181823 1658 159 30000 66000 32565.321 32958 33705 26352.849 2 59 1000 12.20754716981132
102945 306916 181799 1662 159 30000 66000 32577.566 32982 33776 26459.571 1 60 1000 12.20754716981132
103108 307073 181992 1666 159 30000 66000 32589.928 33242 34029 26660.684 1 60 1000 12.20754716981132
103412 312823 182273 1670 159 30000 66000 32602.410 33632 34374 26984.822 0 61 1000 12.20754716981132
103190 304869 181788 1677 159 30000 66000 32624.544 33606 34478 26976.826 1 61 1000 12.20754716981132
103119 305788 181908 1678 160 30000 66000 32583.942 33970 34704 27131.992 1 59 1000 12.25625
103440 305552 182119 1682 160 30000 66000 32596.577 34195 35015 27396.197 2 61 1000 12.25625
103526 306862 182353 1683 161 30000 66000 32599.755 34424 35190 27599.753 1 61 1000 12.285714285714286
103261 313737 181880 1684 161 30000 66000 32426.471 34864 35629 28004.675 2 64 1000 12.285714285714286
103363 307182 181960 1685 161 30000 66000 32429.448 34940 35716 28126.624 0 61 1000 12.285714285714286
103422 307784 181872 1689 161 30000 66000 32441.430 35189 35939 28391.166 0 58 1000 12.285714285714286
103067 306839 181351 1692 162 30000 66000 32405.941 35392 36184 28553.950 2 60 1000 12.339506172839506
103423 313969 181832 1694 162 30000 66000 32322.581 35825 36624 28935.365 0 61 1000 12.339506172839506
103541 314015 181965 1700 162 30000 66000 32340.000 36100 36866 29119.970 1 59 1000 12.339506172839506
103606 307482 182022 1703 163 30000 66000 32258.469 36168 36940 29159.144 0 57 1000 12.386503067484663
103052 306610 181009 1704 164 30000 66000 32261.307 36421 37191 29319.156 1 58 1000 12.426829268292684
102913 306487 180506 1707 164 30000 66000 32269.861 36645 37438 29595.349 1 60 1000 12.426829268292684
102853 306781 180455 1708 164 30000 66000 32272.727 36925 37676 29831.836 1 58 1000 12.426829268292684
102935 306993 180580 1713 164 30000 66000 32149.936 37166 37938 30104.374 0 58 1000 12.426829268292684
102703 306361 180029 1718 164 30000 66000 32163.683 37324 38275 30228.285 1 58 1000 12.426829268292684
102888 305781 180288 1718 164 30000 66000 32163.683 37637 38427 30426.192 0 58 1000 12.426829268292684
102731 305368 180025 1720 165 30000 66000 32169.231 37921 38733 30692.181 1 58 1000 12.460606060606061
102980 304807 180393 1725 165 30000 66000 32043.871 38113 38979 30948.806 1 60 1000 12.460606060606061
103311 305208 181070 1729 166 30000 66000 32054.475 38438 39209 31145.892 1 58 1000 12.524096385542169
103000 311231 180320 1736 167 30000 66000 32073.298 38881 39663 31493.055 2 58 1000 12.580838323353293
103375 310887 180930 1741 167 30000 66000 32086.957 39130 39921 31654.523 1 58 1000 12.580838323353293
103509 303919 181032 1744 167 30000 66000 32095.238 39167 40040 31715.499 1 58 1000 12.580838323353293
103573 310172 181372 1745 168 30000 66000 32050.331 39623 40461 32101.419 2 56 1000 12.625
103502 309845 181276 1751 168 30000 66000 31874.499 39873 40660 32375.224 1 56 1000 12.625
103383 302416 181089 1752 168 30000 66000 31877.005 39848 40788 32421.141 1 57 1000 12.625
103228 307991 180843 1754 168 30000 66000 31833.780 40378 41169 32840.360 0 55 1000 12.625
103626 301315 181551 1756 168 30000 66000 31838.710 40444 41259 32935.981 0 56 1000 12.625
103780 301883 181829 1760 169 30000 66000 31848.649 40740 41522 33178.938 1 55 1000 12.674556213017752
103662 308401 181490 1767 169 30000 66000 31866.303 41180 41982 33558.188 2 57 1000 12.674556213017752
103918 308286 181966 1770 169 30000 66000 31873.973 41443 42242 33745.014 0 55 1000 12.674556213017752
