9 0 0 2 0 30000 66000 39007.206 516 516 15258.000 7 7 1 0.0
10 0 0 2 0 30000 66000 38920.737 516 518 517.000 0 8 1 0.0
11 0 0 3 0 30000 66000 38895.475 516 520 10345.333 0 9 1 0.0
15 33 15 5 1 30000 66000 38902.605 516 522 12207.600 0 10 1 2.0
15 33 15 5 1 30000 66000 38729.459 510 523 516.200 0 11 1 2.0
17 34 19 6 1 30000 66000 38732.959 512 523 5430.500 0 11 1 2.0
20 40 22 7 1 30000 66000 38736.462 512 527 4655.286 0 12 2 2.0
23 43 25 9 2 30000 66000 38743.477 510 530 7009.333 0 14 2 2.5
25 47 29 9 2 30000 66000 38700.120 510 532 343.111 0 14 2 2.5
28 51 34 11 2 30000 66000 38707.111 510 534 5735.636 0 15 2 2.5
32 118 40 11 3 30000 66000 38707.111 506 536 280.909 0 17 2 2.3333333333333335
35 124 43 12 3 30000 66000 38710.611 504 538 2756.250 0 17 2 2.3333333333333335
38 132 50 12 3 30000 66000 38710.611 504 538 256.583 0 18 2 2.3333333333333335
40 168 120 13 4 30000 66000 38714.113 504 540 2544.846 0 18 2 2.0
42 175 126 15 4 30000 66000 38721.127 500 543 4205.333 0 19 2 2.0
44 182 132 16 4 30000 66000 38724.638 498 546 2066.562 0 20 2 2.0
47 196 141 16 4 30000 66000 38724.638 498 548 191.812 0 22 2 2.0
50 267 150 17 5 30000 66000 38728.151 498 549 1977.294 0 23 2 2.0
52 277 156 17 5 30000 66000 38728.151 498 549 245.059 0 22 2 2.0
58 299 174 18 5 30000 66000 38731.668 493 551 1897.889 0 23 3 2.0
61 319 180 18 5 30000 66000 38731.668 495 553 231.278 0 24 3 2.0
62 324 179 19 5 30000 66000 38691.657 496 552 1851.684 0 24 3 2.0
68 446 196 21 6 30000 66000 38698.669 497 552 3104.190 0 23 3 2.0
67 458 191 22 6 30000 66000 38702.179 496 553 1599.500 0 22 3 2.0
73 479 207 22 6 30000 66000 38702.179 496 553 258.273 0 22 3 2.0
72 448 202 23 6 30000 66000 38705.692 496 549 1550.957 0 22 3 2.0
74 486 207 24 7 30000 66000 38709.208 496 550 1486.625 0 18 3 2.2857142857142856
76 486 211 26 7 30000 66000 38716.249 494 552 2525.808 0 17 3 2.2857142857142856
76 490 211 27 7 30000 66000 38719.774 491 550 1320.889 0 18 3 2.2857142857142856
81 511 225 28 7 30000 66000 38723.301 491 553 1273.071 0 17 3 2.2857142857142856
85 548 234 29 8 30000 66000 38726.831 491 552 1229.172 0 17 3 2.5
89 561 244 29 8 30000 66000 38726.831 489 551 194.690 0 15 3 2.5
97 585 262 29 8 30000 66000 38726.831 486 553 194.345 0 16 4 2.5
107 627 289 30 8 30000 66000 38730.364 486 553 1187.733 0 16 4 2.5
110 653 297 30 9 30000 66000 38701.215 486 552 204.200 0 16 4 2.7777777777777777
114 668 308 30 9 30000 66000 38686.640 484 553 204.233 0 16 4 2.7777777777777777
117 686 313 31 9 30000 66000 38690.158 481 553 1165.226 0 16 4 2.7777777777777777
118 712 314 31 9 30000 66000 38690.158 481 554 214.484 0 16 4 2.7777777777777777
117 694 309 32 10 30000 66000 38679.092 481 554 1160.219 0 16 4 3.0
116 695 306 33 10 30000 66000 38682.610 479 553 1125.030 0 16 4 3.0
120 707 310 34 10 30000 66000 38686.131 476 554 1091.824 0 13 5 3.0
118 723 307 34 10 30000 66000 38686.131 476 554 209.412 0 13 4 3.0
123 754 320 35 11 30000 66000 38689.655 476 555 1075.857 0 13 4 3.0
128 776 337 35 11 30000 66000 38689.655 476 556 218.800 0 13 4 3.0
132 822 346 36 11 30000 66000 38693.182 476 556 1059.389 0 14 5 3.0
137 1007 357 36 12 30000 66000 38693.182 471 556 226.028 0 14 5 3.0833333333333335
145 1036 376 36 12 30000 66000 38693.182 471 557 226.083 0 14 5 3.0833333333333335
152 1063 394 36 12 30000 66000 38693.182 471 557 225.861 0 14 5 3.0833333333333335
162 1142 426 36 12 30000 66000 38693.182 471 557 226.000 0 14 6 3.0833333333333335
165 1156 438 37 12 30000 66000 38696.711 466 557 1030.459 0 16 6 3.0833333333333335
166 1194 442 38 12 30000 66000 38700.244 466 559 1003.447 0 17 6 3.0833333333333335
172 1234 457 38 12 30000 66000 38700.244 466 558 214.132 0 17 6 3.0833333333333335
181 1281 475 38 12 30000 66000 38700.244 466 559 214.421 0 17 6 3.0833333333333335
193 1368 508 38 13 30000 66000 38700.244 461 560 227.947 0 17 6 3.076923076923077
198 1524 520 38 14 30000 66000 38700.244 461 562 228.474 0 18 7 3.142857142857143
198 1589 531 38 15 30000 66000 38656.377 463 561 242.711 0 18 7 3.1333333333333333
193 1570 514 39 15 30000 66000 38659.894 463 562 1018.667 0 16 6 3.1333333333333333
200 1568 533 41 15 30000 66000 38666.938 459 564 1700.732 0 17 7 3.1333333333333333
205 1588 544 41 15 30000 66000 38666.938 462 563 237.415 0 15 7 3.1333333333333333
206 1600 546 42 15 30000 66000 38670.464 458 563 958.643 0 15 7 3.1333333333333333
215 1657 571 42 16 30000 66000 38670.464 464 565 244.619 0 16 7 3.1875
231 1726 616 43 16 30000 66000 38673.993 464 564 936.930 0 16 7 3.1875
237 1773 632 43 16 30000 66000 38673.993 466 566 239.279 0 16 8 3.1875
240 1912 637 43 17 30000 66000 38673.993 466 566 239.651 0 17 8 3.176470588235294
254 2002 677 44 17 30000 66000 38677.524 468 568 916.227 0 17 8 3.176470588235294
264 2109 701 45 17 30000 66000 38681.059 470 570 896.267 0 18 8 3.176470588235294
276 2165 733 45 17 30000 66000 38681.059 470 570 229.689 0 18 8 3.176470588235294
279 2213 743 45 18 30000 66000 38681.059 470 572 229.844 0 17 9 3.2222222222222223
275 2190 729 45 18 30000 66000 38681.059 471 572 241.356 0 17 9 3.2222222222222223
281 2240 741 45 18 30000 66000 38666.395 471 572 252.089 0 17 9 3.2222222222222223
292 2424 765 45 19 30000 66000 38651.731 472 573 263.556 0 18 9 3.3157894736842106
301 2477 787 46 19 30000 66000 38655.257 473 574 910.130 0 17 9 3.3157894736842106
309 2535 806 46 19 30000 66000 38625.917 474 574 269.239 0 18 10 3.3157894736842106
316 2617 823 47 19 30000 66000 38614.757 475 575 902.106 0 17 10 3.3157894736842106
322 2775 838 47 20 30000 66000 38614.757 476 577 264.191 0 18 10 3.4
327 2842 843 47 20 30000 66000 38614.757 477 578 264.511 0 18 11 3.4
344 2918 883 48 20 30000 66000 38603.589 478 578 895.875 0 18 10 3.4
354 2981 904 50 20 30000 66000 38610.612 478 578 1460.260 0 18 11 3.4
371 3236 953 50 21 30000 66000 38610.612 480 581 260.720 0 19 12 3.380952380952381
388 3338 1001 51 21 30000 66000 38614.128 481 582 844.020 0 19 12 3.380952380952381
405 3395 1046 51 21 30000 66000 38540.629 482 581 266.039 0 19 12 3.380952380952381
419 3568 1083 52 21 30000 66000 38544.118 483 583 838.365 0 18 13 3.380952380952381
412 3551 1069 52 22 30000 66000 38544.118 483 583 261.654 0 19 13 3.4545454545454546
427 3635 1109 53 22 30000 66000 38547.609 483 585 822.774 0 19 13 3.4545454545454546
444 3672 1159 56 22 30000 66000 38558.101 485 585 1850.429 0 19 13 3.4545454545454546
461 3772 1205 56 22 30000 66000 38558.101 480 586 243.661 0 19 14 3.4545454545454546
461 3770 1209 56 23 30000 66000 38558.101 485 587 243.875 0 18 14 3.5217391304347827
477 3876 1253 56 23 30000 66000 38543.372 480 588 252.982 0 19 14 3.5217391304347827
480 3994 1259 56 23 30000 66000 38513.912 480 589 253.518 0 20 15 3.5217391304347827
495 4048 1310 57 23 30000 66000 38517.397 480 590 784.842 0 20 15 3.5217391304347827
507 4095 1344 57 24 30000 66000 38502.661 480 591 258.737 0 20 15 3.5833333333333335
516 4249 1367 58 24 30000 66000 38506.143 475 592 771.966 0 21 15 3.5833333333333335
526 4235 1396 58 24 30000 66000 38506.143 475 593 254.914 0 22 16 3.5833333333333335
529 4377 1402 58 25 30000 66000 38461.916 475 596 263.707 0 21 16 3.72
557 4496 1477 59 25 30000 66000 38465.383 475 596 768.068 0 21 17 3.72
561 4540 1492 59 25 30000 66000 38450.635 470 596 268.288 0 20 17 3.72
572 4601 1517 59 25 30000 66000 38450.635 470 598 268.475 0 20 17 3.72
593 4905 1577 59 26 30000 66000 38450.635 470 598 269.237 0 21 18 3.8076923076923075
603 4951 1607 61 26 30000 66000 38457.565 470 599 1252.754 0 21 18 3.8076923076923075
611 4966 1621 62 26 30000 66000 38431.501 470 600 757.903 0 21 18 3.8076923076923075
634 5249 1679 62 26 30000 66000 38431.501 465 601 274.919 0 22 19 3.8076923076923075
657 5438 1735 62 27 30000 66000 38431.501 465 604 284.032 0 23 19 3.8518518518518516
677 5544 1789 64 27 30000 66000 38438.424 465 604 1212.922 0 23 20 3.8518518518518516
685 5677 1808 64 27 30000 66000 38438.424 465 606 276.172 0 24 21 3.8518518518518516
700 5656 1845 64 27 30000 66000 38438.424 460 607 285.422 0 23 21 3.8518518518518516
719 5879 1896 64 27 30000 66000 38438.424 460 609 286.188 0 23 22 3.8518518518518516
747 6104 1962 64 27 30000 66000 38438.424 460 612 286.812 0 24 22 3.8518518518518516
755 6119 1977 64 28 30000 66000 38438.424 460 609 295.172 0 24 23 3.9285714285714284
803 6427 2108 65 29 30000 66000 38441.889 464 614 752.908 0 24 23 4.0
831 6710 2181 66 29 30000 66000 38445.357 464 616 751.106 0 25 24 4.0
846 6779 2224 66 29 30000 66000 38445.357 466 618 304.818 0 25 25 4.0
859 6765 2264 67 29 30000 66000 38448.829 466 616 748.433 0 24 25 4.0
885 7143 2327 67 29 30000 66000 38448.829 468 619 309.761 0 26 26 4.0
918 7325 2417 68 30 30000 66000 38422.697 468 621 754.779 0 26 27 4.033333333333333
965 7696 2544 68 30 30000 66000 38422.697 470 621 321.485 0 27 28 4.033333333333333
993 7722 2619 71 31 30000 66000 38373.816 470 623 1583.310 0 26 29 4.096774193548387
1009 7980 2674 72 31 30000 66000 38377.265 472 625 728.736 0 26 29 4.096774193548387
1055 8324 2794 73 31 30000 66000 38380.717 474 627 719.616 0 27 30 4.096774193548387
1083 8430 2862 73 31 30000 66000 38365.884 474 627 316.356 0 28 32 4.096774193548387
1105 8594 2935 74 31 30000 66000 38354.493 476 627 726.027 0 27 31 4.096774193548387
1146 8947 3052 74 32 30000 66000 38309.975 476 631 328.176 0 27 33 4.1875
1155 8943 3075 76 32 30000 66000 38287.129 480 630 1109.645 0 29 34 4.1875
1163 9325 3082 77 32 30000 66000 38290.549 480 633 706.766 0 29 34 4.1875
1194 9622 3160 77 32 30000 66000 38290.549 484 636 333.338 0 30 35 4.1875
1205 9899 3189 77 33 30000 66000 38290.549 485 639 347.377 0 30 36 4.303030303030303
1228 10195 3261 79 33 30000 66000 38282.528 486 639 1099.076 0 30 36 4.303030303030303
1264 10469 3363 81 34 30000 66000 38289.376 487 639 1072.778 0 30 37 4.411764705882353
1307 10774 3479 81 34 30000 66000 38289.376 490 642 332.753 0 31 38 4.411764705882353
1340 10815 3577 83 34 30000 66000 38281.341 490 645 1054.904 0 30 39 4.411764705882353
1346 11201 3580 84 35 30000 66000 38269.868 490 644 698.786 0 30 39 4.428571428571429
1371 11331 3644 84 35 30000 66000 38269.868 490 646 342.429 0 30 39 4.428571428571429
1401 11648 3721 85 35 30000 66000 38273.292 485 647 692.388 0 31 40 4.428571428571429
1434 11731 3790 86 35 30000 66000 38276.719 485 651 691.279 0 32 40 4.428571428571429
1483 12497 3919 90 36 30000 66000 38275.519 485 651 1668.189 0 32 43 4.416666666666667
1524 12626 4015 90 36 30000 66000 38275.519 485 654 335.567 0 33 44 4.416666666666667
1550 12981 4080 92 36 30000 66000 38282.392 480 657 986.913 0 34 45 4.416666666666667
1586 13505 4184 94 37 30000 66000 38289.277 482 657 967.064 0 34 47 4.513513513513513
1634 13668 4308 94 37 30000 66000 38289.277 484 660 335.532 0 34 47 4.513513513513513
1674 13950 4405 97 37 30000 66000 38299.625 484 659 1265.299 0 34 48 4.513513513513513
1732 14729 4523 98 37 30000 66000 38303.081 488 662 647.990 0 36 50 4.513513513513513
1758 14835 4601 98 38 30000 66000 38303.081 488 664 348.316 0 35 51 4.552631578947368
1790 15299 4688 103 38 30000 66000 38320.401 490 665 1794.631 0 36 51 4.552631578947368
1833 15453 4811 103 38 30000 66000 38320.401 490 667 339.126 0 33 53 4.552631578947368
1831 15481 4809 103 38 30000 66000 38320.401 494 668 345.320 0 33 54 4.552631578947368
1886 15834 4962 103 39 30000 66000 38320.401 496 671 352.175 0 33 54 4.564102564102564
1913 16030 5006 104 39 30000 66000 38308.848 496 673 638.173 0 33 55 4.564102564102564
1961 16538 5145 104 39 30000 66000 38308.848 500 675 350.981 0 35 56 4.564102564102564
2034 17262 5323 104 40 30000 66000 38308.848 502 677 351.769 0 34 58 4.55
2098 17730 5468 106 40 30000 66000 38270.677 504 679 923.113 0 35 60 4.55
2164 18309 5624 107 40 30000 66000 38229.001 506 680 640.766 0 34 63 4.55
2201 18718 5716 109 40 30000 66000 38220.828 508 683 905.587 0 35 63 4.55
2236 19039 5796 110 41 30000 66000 38224.268 510 686 625.464 0 36 64 4.560975609756097
2281 19651 5906 110 41 30000 66000 38224.268 512 688 359.355 0 35 65 4.560975609756097
2315 20080 5997 111 41 30000 66000 38227.710 514 692 632.955 0 35 67 4.560975609756097
2382 20756 6177 111 41 30000 66000 38227.710 516 694 369.622 0 36 68 4.560975609756097
2418 21020 6281 112 42 30000 66000 38231.156 520 697 640.009 0 35 69 4.571428571428571
2481 21736 6463 114 42 30000 66000 38238.055 522 700 898.518 0 36 71 4.571428571428571
2563 21970 6698 114 42 30000 66000 38238.055 525 700 378.500 0 37 72 4.571428571428571
2634 22875 6865 115 43 30000 66000 38196.226 529 703 643.409 0 37 75 4.5813953488372094
2715 23115 7089 116 43 30000 66000 38199.664 531 704 639.026 0 38 77 4.5813953488372094
2784 23986 7257 117 44 30000 66000 38203.105 532 709 640.453 0 39 80 4.613636363636363
2847 24892 7418 117 44 30000 66000 38172.891 537 714 396.214 0 38 81 4.613636363636363
2919 25499 7589 117 44 30000 66000 38157.784 540 717 403.120 0 39 82 4.613636363636363
2970 25744 7723 119 44 30000 66000 38149.517 537 720 906.924 0 39 85 4.613636363636363
3011 26284 7814 119 45 30000 66000 38149.517 543 720 404.437 0 38 88 4.666666666666667
3054 26804 7910 120 45 30000 66000 38107.563 545 723 657.617 0 39 87 4.666666666666667
3146 27029 8137 121 45 30000 66000 38110.971 547 725 653.430 0 40 88 4.666666666666667
3207 27634 8301 122 46 30000 66000 38114.382 551 730 650.082 0 41 91 4.739130434782608
3294 28424 8518 123 46 30000 66000 38117.796 555 733 651.927 0 42 94 4.739130434782608
3369 29433 8706 124 46 30000 66000 38075.758 554 738 654.089 0 43 96 4.739130434782608
3427 30200 8870 124 47 30000 66000 38045.455 554 738 419.452 0 46 99 4.76595744680851
3494 30500 9039 125 47 30000 66000 38018.526 554 743 662.152 0 44 99 4.76595744680851
3575 31541 9247 126 47 30000 66000 37991.575 548 748 659.698 0 45 102 4.76595744680851
3631 31863 9403 128 47 30000 66000 37998.314 548 752 890.469 0 47 106 4.76595744680851
3729 32085 9638 129 47 30000 66000 38001.687 550 753 652.667 0 47 106 4.76595744680851
3799 32932 9785 130 47 30000 66000 38005.063 554 760 655.685 0 46 108 4.76595744680851
3898 33610 10057 134 48 30000 66000 38018.597 558 762 1323.015 0 46 111 4.791666666666667
3954 34088 10199 134 48 30000 66000 38018.597 562 766 434.269 0 45 112 4.791666666666667
4075 35373 10469 137 48 30000 66000 38028.777 568 771 1090.161 0 46 118 4.791666666666667
4138 35543 10625 141 49 30000 66000 38042.391 570 772 1278.206 0 47 120 4.836734693877551
4231 36775 10856 143 49 30000 66000 38049.215 576 778 853.839 0 47 120 4.836734693877551
4374 37625 11227 144 50 30000 66000 38006.791 580 782 650.847 0 49 121 4.88
4466 37941 11449 145 50 30000 66000 37994.904 582 784 652.414 0 50 129 4.88
4552 39030 11696 147 50 30000 66000 38001.700 587 790 850.816 0 49 132 4.88
4665 39585 11962 148 50 30000 66000 38005.102 591 796 649.345 0 51 133 4.88
4763 39980 12244 150 50 30000 66000 38011.915 595 799 847.207 0 50 133 4.88
4890 41428 12578 152 51 30000 66000 38018.739 599 805 839.421 0 49 139 4.901960784313726
5045 42452 12954 155 51 30000 66000 38028.998 604 808 1028.277 0 50 143 4.901960784313726
5139 42684 13218 156 51 30000 66000 38032.423 607 811 647.647 0 49 146 4.901960784313726
5287 43668 13619 156 51 30000 66000 37909.556 612 817 466.404 0 50 150 4.901960784313726
5423 44634 13958 157 51 30000 66000 37897.567 617 821 661.949 0 50 152 4.901960784313726
5557 46475 14273 158 52 30000 66000 37854.825 623 829 665.975 0 52 158 4.9423076923076925
5662 46828 14541 160 52 30000 66000 37861.538 626 831 851.388 0 54 161 4.9423076923076925
5745 47488 14754 161 52 30000 66000 37864.900 631 837 662.814 0 54 167 4.9423076923076925
5835 48172 14951 161 53 30000 66000 37834.117 634 840 492.404 0 57 168 5.0
5963 49710 15274 166 53 30000 66000 37835.476 642 848 1393.277 0 54 166 5.0
6046 49887 15504 167 53 30000 66000 37838.834 645 850 668.701 0 54 176 5.0
6201 51677 15923 171 54 30000 66000 37852.297 651 858 1191.678 0 56 179 5.074074074074074
6318 52429 16221 171 54 30000 66000 37852.297 659 862 493.205 0 54 179 5.074074074074074
6404 52807 16459 171 54 30000 66000 37852.297 662 865 504.772 1 55 180 5.074074074074074
6586 54026 16922 172 54 30000 66000 37793.814 667 871 696.797 0 55 187 5.074074074074074
6739 54505 17293 172 54 30000 66000 37793.814 672 874 524.988 0 54 191 5.074074074074074
6847 56449 17565 177 55 30000 66000 37810.590 679 885 1366.938 0 55 199 5.109090909090909
7025 57210 18028 180 55 30000 66000 37789.655 685 888 1022.689 0 55 195 5.109090909090909
7215 57634 18521 183 55 30000 66000 37784.204 688 895 1012.590 0 56 201 5.109090909090909
7406 60499 19036 185 56 30000 66000 37790.929 695 900 848.686 0 56 210 5.125
7548 61913 19433 188 56 30000 66000 37801.038 702 908 1003.128 0 59 216 5.125
7709 62957 19823 190 56 30000 66000 37807.792 709 916 846.889 0 58 218 5.125
7877 63813 20273 192 56 30000 66000 37783.362 715 919 845.917 0 57 225 5.125
8069 64249 20724 196 57 30000 66000 37765.625 719 926 1141.423 0 58 225 5.2105263157894735
8283 65406 21274 199 57 30000 66000 37760.104 719 932 981.457 0 60 230 5.2105263157894735
8410 66916 21589 202 58 30000 66000 37770.235 719 937 974.827 0 60 238 5.224137931034483
8555 67821 21956 205 58 30000 66000 37749.020 711 943 976.293 0 62 245 5.224137931034483
8769 70042 22535 205 58 30000 66000 37717.647 726 955 546.561 0 65 253 5.224137931034483
8969 70655 23029 207 59 30000 66000 37724.379 732 958 838.353 0 67 259 5.305084745762712
9199 71964 23652 209 59 30000 66000 37731.122 738 966 835.144 0 65 260 5.305084745762712
9477 74522 24373 209 59 30000 66000 37699.694 747 974 561.967 0 65 268 5.305084745762712
9715 75818 25012 210 59 30000 66000 37703.057 754 985 714.924 0 67 275 5.305084745762712
9893 77576 25436 211 60 30000 66000 37706.422 763 995 724.929 0 66 280 5.383333333333334
10070 77772 25889 212 60 30000 66000 37709.790 762 998 725.406 0 66 281 5.383333333333334
10249 79329 26359 217 60 30000 66000 37726.675 777 1007 1267.295 0 64 290 5.383333333333334
10532 81842 27077 220 61 30000 66000 37736.842 787 1016 990.918 2 64 298 5.409836065573771
10787 84178 27722 220 61 30000 66000 37705.263 787 1023 604.768 0 68 306 5.409836065573771
11044 84880 28368 223 61 30000 66000 37636.364 787 1035 1008.395 0 66 312 5.409836065573771
11316 86814 29025 228 61 30000 66000 37653.169 790 1048 1255.658 0 67 315 5.409836065573771
11556 89606 29594 228 61 30000 66000 37653.169 806 1058 617.798 0 70 329 5.409836065573771
11802 90781 30231 230 62 30000 66000 37628.194 810 1054 889.761 0 70 336 5.419354838709677
12049 92746 30827 232 62 30000 66000 37603.175 818 1072 896.254 0 67 341 5.419354838709677
12290 95771 31397 236 63 30000 66000 37616.608 834 1083 1147.364 0 71 350 5.507936507936508
12580 96198 32140 237 63 30000 66000 37588.157 835 1090 778.586 0 70 350 5.507936507936508
12908 98263 32950 240 63 30000 66000 37598.230 835 1103 1033.142 0 70 359 5.507936507936508
13133 101228 33466 244 63 30000 66000 37611.702 843 1110 1155.525 1 73 380 5.507936507936508
13403 103457 34152 246 64 30000 66000 37554.570 851 1126 923.947 0 73 379 5.546875
13726 105555 34979 254 64 30000 66000 37581.478 863 1137 1614.280 0 75 388 5.546875
14075 106619 35902 257 64 30000 66000 37575.568 871 1145 1020.455 0 75 392 5.546875
14393 110394 36678 259 64 30000 66000 37582.329 883 1161 913.753 0 77 407 5.546875
14714 111261 37453 260 65 30000 66000 37585.714 895 1169 807.146 0 77 409 5.615384615384615
14976 115284 38121 262 65 30000 66000 37592.493 910 1183 933.393 0 78 434 5.615384615384615
15331 117776 39017 266 66 30000 66000 37606.088 921 1196 1160.184 0 79 443 5.666666666666667
15688 118293 39842 268 66 30000 66000 37612.903 929 1200 932.869 0 78 435 5.666666666666667
16045 122023 40703 270 66 30000 66000 37539.013 941 1220 947.000 0 78 446 5.666666666666667
16409 124652 41577 274 66 30000 66000 37487.871 956 1230 1168.117 0 80 463 5.666666666666667
16791 125761 42523 277 67 30000 66000 37400.810 956 1240 1063.469 0 78 474 5.701492537313433
17240 129838 43690 281 67 30000 66000 37397.927 956 1258 1173.274 0 80 478 5.701492537313433
17671 130482 44728 285 67 30000 66000 37411.287 964 1266 1166.582 0 81 490 5.701492537313433
18068 132948 45690 288 67 30000 66000 37339.964 974 1276 1069.851 0 81 513 5.701492537313433
18427 135655 46553 292 68 30000 66000 37288.043 989 1292 1174.397 0 83 533 5.764705882352941
18870 139994 47664 293 68 30000 66000 37291.346 1006 1308 886.201 0 84 533 5.764705882352941
19379 141201 48890 297 68 30000 66000 37255.561 1016 1322 1195.687 0 85 547 5.764705882352941
19823 145800 49863 299 69 30000 66000 37114.948 1034 1342 1011.625 0 90 563 5.826086956521739
20270 146769 50935 301 69 30000 66000 37105.048 1047 1354 1019.854 0 88 586 5.826086956521739
20815 151349 52210 307 69 30000 66000 37075.239 1054 1368 1411.707 0 89 589 5.826086956521739
21338 154509 53461 309 69 30000 66000 37032.405 1059 1386 1036.900 0 90 592 5.826086956521739
21719 156701 54313 317 69 30000 66000 37058.177 1074 1406 1597.006 1 88 613 5.826086956521739
22202 157698 55438 319 69 30000 66000 37064.649 1084 1416 1045.959 0 88 627 5.826086956521739
22755 162580 56677 322 70 30000 66000 37074.380 1112 1436 1155.736 5 93 645 5.9
23286 163783 57909 327 71 30000 66000 37057.524 1127 1453 1345.242 0 93 661 5.971830985915493
23796 167075 59131 329 71 30000 66000 37014.279 1145 1468 1079.903 0 94 687 5.971830985915493
24230 169597 60157 333 71 30000 66000 37027.227 1158 1492 1262.964 0 92 684 5.971830985915493
24809 175952 61562 336 72 30000 66000 37036.969 1186 1512 1191.074 0 95 700 6.041666666666667
25296 178849 62672 341 72 30000 66000 37053.265 1205 1538 1374.543 0 96 714 6.041666666666667
25901 180125 64087 343 72 30000 66000 37026.426 1219 1548 1125.945 0 95 731 6.041666666666667
26454 183108 65275 349 72 30000 66000 36962.343 1243 1568 1476.470 0 99 763 6.041666666666667
26995 186359 66540 353 73 30000 66000 36958.547 1261 1596 1312.161 0 99 780 6.123287671232877
27720 190045 68156 357 73 30000 66000 36937.937 1289 1618 1320.846 1 100 782 6.123287671232877
28243 193237 69359 360 73 30000 66000 36947.664 1307 1640 1258.106 0 102 797 6.123287671232877
28829 199176 70693 364 74 30000 66000 36893.258 1341 1674 1359.835 2 107 832 6.216216216216216
29585 203688 72410 370 74 30000 66000 36878.873 1367 1702 1532.951 2 105 835 6.216216216216216
30183 204021 73810 375 74 30000 66000 36895.059 1383 1714 1460.552 0 104 852 6.216216216216216
30897 207319 75443 380 75 30000 66000 36911.321 1413 1734 1470.237 1 109 876 6.28
31741 213971 77274 385 75 30000 66000 36842.553 1422 1778 1490.431 1 106 897 6.28
32552 214280 79045 392 75 30000 66000 36831.120 1448 1794 1646.515 0 110 921 6.28
33328 218558 80749 397 75 30000 66000 36796.006 1469 1831 1506.385 0 107 940 6.28
34186 225262 82573 399 75 30000 66000 36699.667 1511 1868 1316.895 0 110 986 6.28
35012 229559 84592 405 76 30000 66000 36667.303 1539 1900 1626.568 0 109 988 6.315789473684211
35782 230425 86223 408 76 30000 66000 36642.447 1560 1923 1421.951 0 109 1000 6.315789473684211
36592 234496 87958 412 77 30000 66000 36620.690 1599 1955 1519.274 1 111 1000 6.35064935064935
37373 240058 89533 418 77 30000 66000 36570.605 1617 1996 1685.864 2 114 1000 6.35064935064935
38237 243393 91379 423 77 30000 66000 36517.092 1649 2020 1634.825 1 118 1000 6.35064935064935
39072 246296 93097 431 77 30000 66000 36472.692 1681 2067 1852.142 0 116 1000 6.35064935064935
39713 250091 94477 433 78 30000 66000 36478.955 1719 2096 1463.799 2 119 1000 6.423076923076923
40527 252918 96146 436 78 30000 66000 36488.372 1751 2130 1562.718 2 121 1000 6.423076923076923
41174 256027 97502 441 78 30000 66000 36486.644 1783 2159 1721.630 2 118 1000 6.423076923076923
41884 258387 98862 446 78 30000 66000 36467.381 1783 2191 1741.957 0 119 1000 6.423076923076923
42594 261390 100377 449 78 30000 66000 36424.183 1825 2225 1633.053 1 122 1000 6.423076923076923
43246 263137 101688 455 78 30000 66000 36337.408 1861 2260 1849.242 0 124 1000 6.423076923076923
43802 265262 102693 462 79 30000 66000 36359.176 1888 2289 1912.881 0 122 1000 6.518987341772152
44396 268048 103826 464 80 30000 66000 36365.422 1924 2324 1622.884 0 123 1000 6.6
45223 270577 105400 471 80 30000 66000 36351.897 1933 2364 1950.000 1 122 1000 6.6
45718 267965 106436 476 80 30000 66000 36278.656 1960 2382 1835.748 0 122 1000 6.6
46333 274370 107486 479 80 30000 66000 36234.537 2015 2437 1749.092 5 126 1000 6.6
46797 273475 108509 484 81 30000 66000 36214.286 2025 2464 1888.153 0 121 1000 6.679012345679013
47556 279511 109858 492 81 30000 66000 36239.044 2085 2503 2084.589 4 125 1000 6.679012345679013
48036 277071 110813 497 81 30000 66000 36254.618 2102 2524 1916.107 0 126 1000 6.679012345679013
48549 282891 111706 503 81 30000 66000 36273.410 2152 2587 2002.344 2 123 1000 6.679012345679013
49148 280894 112896 506 82 30000 66000 36282.849 2182 2606 1847.042 3 126 1000 6.719512195121951
49674 283058 113815 510 82 30000 66000 36186.935 2209 2651 1935.539 0 127 1000 6.719512195121951
50159 284507 114665 512 82 30000 66000 36156.942 2261 2685 1853.562 2 130 1000 6.719512195121951
50409 285526 115065 517 82 30000 66000 36172.466 2305 2731 2056.822 3 127 1000 6.719512195121951
50960 288189 116001 520 83 30000 66000 36163.636 2338 2761 1977.379 2 123 1000 6.759036144578313
51495 293763 116814 524 83 30000 66000 36176.113 2395 2825 2079.637 3 125 1000 6.759036144578313
52078 290133 117736 533 83 30000 66000 36204.372 2427 2861 2361.826 1 128 1000 6.759036144578313
52691 291616 118820 539 84 30000 66000 36223.355 2472 2891 2217.776 0 126 1000 6.857142857142857
53141 297293 119543 542 84 30000 66000 36232.891 2532 2963 2103.210 0 121 1000 6.857142857142857
53844 294201 120892 545 84 30000 66000 36242.455 2553 2970 2119.473 1 122 1000 6.857142857142857
54473 296417 121884 549 85 30000 66000 36255.254 2601 3020 2209.301 1 121 1000 6.9411764705882355
55035 297274 122880 553 85 30000 66000 36268.105 2631 3068 2245.094 0 121 1000 6.9411764705882355
55442 302053 123401 557 85 30000 66000 36281.009 2690 3131 2287.530 4 118 1000 6.9411764705882355
55871 299213 124964 560 86 30000 66000 36253.608 2703 3164 2259.414 1 119 1000 6.988372093023256
56109 304744 125125 566 86 30000 66000 36235.781 2768 3228 2460.880 2 118 1000 6.988372093023256
56605 301428 126079 572 86 30000 66000 36255.187 2781 3252 2473.161 0 116 1000 6.988372093023256
56976 306872 126501 579 87 30000 66000 36146.799 2849 3312 2556.518 2 117 1000 7.045977011494253
57422 302356 127315 581 87 30000 66000 36153.205 2888 3336 2327.148 2 119 1000 7.045977011494253
57929 309358 127894 589 87 30000 66000 36103.611 2944 3400 2671.545 3 117 1000 7.045977011494253
58539 309954 128796 591 88 30000 66000 36110.005 3000 3451 2411.733 1 117 1000 7.125
58912 305517 129384 595 88 30000 66000 36122.835 3014 3473 2534.894 1 118 1000 7.125
59301 310687 129679 599 88 30000 66000 36135.718 3085 3538 2588.861 3 120 1000 7.125
59805 311807 130494 606 89 30000 66000 36158.395 3126 3599 2762.546 1 120 1000 7.168539325842697
60406 311536 131416 611 89 30000 66000 36136.580 3182 3644 2696.462 2 121 1000 7.168539325842697
60803 311563 131911 611 89 30000 66000 36136.580 3244 3678 2509.867 2 124 1000 7.168539325842697
61250 307703 132806 616 89 30000 66000 36133.758 3251 3722 2773.239 0 114 1000 7.168539325842697
61715 313645 133327 617 90 30000 66000 36137.015 3327 3786 2634.635 3 118 1000 7.2555555555555555
62313 309337 134360 621 90 30000 66000 36130.921 3360 3806 2804.084 0 118 1000 7.2555555555555555
62806 310613 135096 624 90 30000 66000 36140.725 3404 3865 2797.607 2 114 1000 7.2555555555555555
63055 310913 135287 629 91 30000 66000 36137.894 3460 3917 2931.657 3 118 1000 7.318681318681318
63504 311546 135928 631 91 30000 66000 36125.201 3517 3981 2841.292 2 116 1000 7.318681318681318
63713 312179 136031 633 91 30000 66000 36131.762 3574 4035 2895.547 2 112 1000 7.318681318681318
64180 313562 136706 641 91 30000 66000 36080.689 3626 4090 3204.337 2 114 1000 7.318681318681318
64469 314526 137568 647 92 30000 66000 36042.094 3678 4150 3145.884 2 115 1000 7.391304347826087
64927 320284 137918 652 92 30000 66000 36058.442 3765 4221 3159.782 4 116 1000 7.391304347826087
65387 320721 138571 655 92 30000 66000 36029.268 3821 4279 3119.861 2 114 1000 7.391304347826087
65667 320988 138840 659 92 30000 66000 36042.368 3872 4332 3210.845 2 113 1000 7.391304347826087
65963 315613 139060 667 92 30000 66000 36049.100 3904 4354 3395.309 1 110 1000 7.391304347826087
66342 322041 139621 675 93 30000 66000 36075.616 3982 4440 3442.028 3 112 1000 7.473118279569892
66752 316714 140287 680 93 30000 66000 35973.626 3999 4491 3327.624 1 113 1000 7.473118279569892
67011 322994 140642 683 94 30000 66000 35963.676 4098 4559 3316.873 4 116 1000 7.574468085106383
67180 322321 140786 690 94 30000 66000 35907.182 4138 4628 3522.806 1 111 1000 7.574468085106383
67609 322615 141179 697 94 30000 66000 35890.183 4198 4692 3554.677 1 111 1000 7.574468085106383
68126 317095 141970 702 94 30000 66000 35906.563 4239 4703 3488.922 1 113 1000 7.574468085106383
68632 319617 142892 708 95 30000 66000 35906.250 4281 4772 3573.477 0 107 1000 7.631578947368421
69024 319622 143290 712 95 30000 66000 35818.792 4344 4832 3538.310 0 107 1000 7.631578947368421
69351 319101 143465 718 95 30000 66000 35818.182 4429 4898 3656.780 2 109 1000 7.631578947368421
69725 319950 144167 724 96 30000 66000 35837.838 4468 4964 3697.385 1 109 1000 7.697916666666667
70030 325699 144360 727 96 30000 66000 35847.716 4578 5046 3654.023 3 109 1000 7.697916666666667
70298 319656 144673 730 96 30000 66000 35796.610 4600 5085 3685.885 0 108 1000 7.697916666666667
70600 324659 144590 734 96 30000 66000 35809.740 4709 5186 3807.790 1 113 1000 7.697916666666667
71008 324396 145046 742 97 30000 66000 35795.222 4768 5244 4001.538 1 113 1000 7.742268041237113
71110 324263 145039 744 97 30000 66000 35678.815 4833 5324 3822.147 1 109 1000 7.742268041237113
71362 323415 145102 748 97 30000 66000 35671.233 4900 5372 3955.440 2 108 1000 7.742268041237113
71555 323557 145469 753 98 30000 66000 35646.251 4948 5441 4042.928 2 108 1000 7.816326530612245
72042 318299 146260 758 98 30000 66000 35641.791 4996 5477 4064.305 0 106 1000 7.816326530612245
72243 322946 146098 767 98 30000 66000 35671.091 5095 5588 4263.143 3 107 1000 7.816326530612245
72737 322673 146645 770 98 30000 66000 35618.497 5158 5640 4089.458 1 105 1000 7.816326530612245
73390 323236 147600 774 98 30000 66000 35631.518 5222 5718 4186.663 3 108 1000 7.816326530612245
73735 318242 148555 779 99 30000 66000 35647.879 5262 5734 4247.899 0 105 1000 7.898989898989899
74271 323856 149130 784 99 30000 66000 35664.336 5370 5846 4324.779 4 109 1000 7.898989898989899
74736 324568 149763 787 99 30000 66000 35674.256 5460 5944 4315.978 1 111 1000 7.898989898989899
74956 317939 149958 789 99 30000 66000 35680.888 5475 5967 4317.881 1 106 1000 7.898989898989899
75320 318035 150343 793 100 30000 66000 35652.021 5556 6043 4454.226 0 107 1000 7.96
75246 317617 149928 796 100 30000 66000 35640.845 5625 6105 4483.799 1 103 1000 7.96
75630 316731 150282 801 100 30000 66000 35636.257 5703 6167 4611.176 2 103 1000 7.96
75992 322542 150515 809 101 30000 66000 35662.921 5803 6285 4790.583 3 102 1000 8.0
76284 322215 150990 813 101 30000 66000 35676.349 5872 6364 4702.620 2 102 1000 8.0
76583 321689 151435 818 101 30000 66000 35650.416 5945 6444 4794.357 1 103 1000 8.0
76665 314793 151414 824 101 30000 66000 35649.165 5990 6462 4847.001 1 104 1000 8.0
76785 320339 151314 826 102 30000 66000 35655.914 6111 6608 4809.672 1 103 1000 8.07843137254902
76847 314050 151287 829 102 30000 66000 35622.980 6116 6605 4880.835 0 98 1000 8.07843137254902
76907 320511 151019 832 102 30000 66000 35568.345 6268 6760 4990.369 0 100 1000 8.07843137254902
77469 321112 151904 836 102 30000 66000 35581.731 6323 6825 5086.500 2 104 1000 8.07843137254902
77856 322101 152568 839 103 30000 66000 35591.812 6423 6899 5125.452 1 104 1000 8.155339805825243
78279 321901 152999 847 103 30000 66000 35618.875 6502 6980 5344.804 2 102 1000 8.155339805825243
78797 316071 153694 852 103 30000 66000 35635.922 6531 7013 5263.654 1 101 1000 8.155339805825243
79180 321960 154044 855 103 30000 66000 35580.547 6652 7154 5304.448 3 99 1000 8.155339805825243
79326 315572 153983 858 103 30000 66000 35568.819 6686 7184 5342.295 0 97 1000 8.155339805825243
79808 315731 154456 865 104 30000 66000 35592.661 6770 7258 5525.190 2 98 1000 8.221153846153847
79619 314922 153932 866 104 30000 66000 35552.020 6864 7341 5402.779 2 97 1000 8.221153846153847
79795 314939 154019 872 104 30000 66000 35439.803 6936 7439 5633.818 2 99 1000 8.221153846153847
80010 321723 154828 879 105 30000 66000 35463.294 7069 7583 5755.592 2 96 1000 8.295238095238096
80058 314255 154700 885 105 30000 66000 35439.009 7115 7604 5738.471 1 96 1000 8.295238095238096
80572 313947 155337 887 105 30000 66000 35445.753 7196 7673 5683.258 1 95 1000 8.295238095238096
80533 313683 155158 893 106 30000 66000 35398.880 7264 7767 5864.263 1 93 1000 8.358490566037736
80844 314092 155564 897 106 30000 66000 35255.147 7336 7844 5871.129 2 95 1000 8.358490566037736
80806 318969 154979 899 106 30000 66000 35261.711 7482 7989 5933.889 3 95 1000 8.358490566037736
81064 320048 154977 905 107 30000 66000 35281.505 7593 8099 6131.227 2 95 1000 8.411214953271028
81164 319275 154884 908 107 30000 66000 35291.457 7668 8170 6114.242 3 94 1000 8.411214953271028
81464 318806 155058 915 107 30000 66000 35292.114 7736 8264 6299.883 1 94 1000 8.411214953271028
81571 312528 155267 917 108 30000 66000 35253.316 7774 8279 6182.222 0 93 1000 8.49074074074074
81890 318162 155665 923 108 30000 66000 35273.304 7921 8457 6406.009 3 95 1000 8.49074074074074
81910 311752 155489 925 108 30000 66000 35280.000 7975 8463 6322.638 1 94 1000 8.49074074074074
82242 311948 155864 928 109 30000 66000 35244.275 8082 8571 6440.959 2 93 1000 8.559633027522937
82773 318888 156532 931 109 30000 66000 35024.857 8201 8724 6575.738 0 94 1000 8.559633027522937
82940 312234 156781 937 109 30000 66000 35021.113 8244 8757 6682.793 1 96 1000 8.559633027522937
83168 319179 156864 946 109 30000 66000 35050.193 8397 8922 6868.992 4 93 1000 8.559633027522937
83383 318615 157141 951 109 30000 66000 35066.495 8501 9001 6813.966 1 91 1000 8.559633027522937
83760 312718 157760 957 110 30000 66000 35062.865 8513 9034 6866.793 1 89 1000 8.618181818181819
83935 317716 157716 958 110 30000 66000 35066.148 8710 9199 6858.390 1 93 1000 8.618181818181819
84262 317676 158175 962 110 30000 66000 35055.917 8768 9303 7034.565 2 91 1000 8.618181818181819
84243 317082 158003 965 111 30000 66000 35065.798 8888 9381 7090.641 2 92 1000 8.702702702702704
84353 316599 157859 969 111 30000 66000 35032.005 8986 9495 7204.593 1 91 1000 8.702702702702704
84456 310549 157790 978 111 30000 66000 34990.802 8991 9539 7347.017 0 89 1000 8.702702702702704
84737 316485 158045 986 111 30000 66000 34993.395 9149 9672 7396.425 3 91 1000 8.702702702702704
84998 316883 158168 993 112 30000 66000 34873.258 9261 9785 7429.657 1 90 1000 8.75
85420 317168 158608 1000 112 30000 66000 34776.000 9353 9885 7491.085 2 89 1000 8.75
85795 310434 159007 1002 112 30000 66000 34782.377 9389 9919 7392.316 1 89 1000 8.75
86219 310626 159632 1005 112 30000 66000 34743.813 9496 10027 7516.054 2 86 1000 8.75
86394 310952 160131 1012 113 30000 66000 34669.355 9613 10126 7701.040 2 88 1000 8.787610619469026
86514 317055 160252 1017 113 30000 66000 34612.272 9766 10324 7771.165 3 88 1000 8.787610619469026
86716 310931 160315 1020 113 30000 66000 34621.622 9805 10332 7757.022 0 85 1000 8.787610619469026
86830 310767 160474 1028 114 30000 66000 34646.739 9912 10446 7959.241 0 87 1000 8.87719298245614
86934 309788 160383 1034 114 30000 66000 34665.757 10004 10523 7958.100 1 86 1000 8.87719298245614
87125 309712 160474 1038 114 30000 66000 34555.404 10110 10637 7989.727 2 86 1000 8.87719298245614
87087 309650 160259 1042 114 30000 66000 34567.901 10199 10753 8080.799 2 87 1000 8.87719298245614
87439 316335 160421 1047 114 30000 66000 34534.067 10402 10965 8250.658 2 88 1000 8.87719298245614
87594 316514 160480 1049 115 30000 66000 34416.265 10506 11062 8276.476 0 85 1000 8.965217391304348
87798 316487 160531 1054 115 30000 66000 34431.535 10652 11167 8429.871 2 86 1000 8.965217391304348
87953 310177 160744 1058 115 30000 66000 34343.967 10663 11217 8440.073 0 83 1000 8.965217391304348
88104 311434 160787 1063 116 30000 66000 34359.081 10769 11331 8526.934 1 84 1000 9.008620689655173
88318 317634 160990 1070 116 30000 66000 34380.420 10950 11527 8706.479 3 86 1000 9.008620689655173
88304 317238 160767 1075 117 30000 66000 34395.789 11059 11617 8734.362 2 85 1000 9.068376068376068
88505 317220 160959 1079 117 30000 66000 34408.163 11169 11742 8801.101 2 87 1000 9.068376068376068
88758 316744 161166 1086 117 30000 66000 34328.147 11280 11856 8955.484 2 86 1000 9.068376068376068
88978 309632 161366 1092 117 30000 66000 34295.455 11335 11903 8950.806 1 84 1000 9.068376068376068
89315 315846 161732 1093 118 30000 66000 34298.507 11541 12092 8991.672 1 84 1000 9.135593220338983
89582 310238 162241 1100 118 30000 66000 34320.000 11550 12139 9172.333 0 81 1000 9.135593220338983
89367 309049 161663 1103 118 30000 66000 34329.277 11665 12246 9156.474 2 80 1000 9.135593220338983
89447 315000 161499 1106 118 30000 66000 34338.594 11884 12437 9320.325 3 83 1000 9.135593220338983
89338 314578 161229 1111 119 30000 66000 34354.212 12004 12558 9464.044 1 81 1000 9.218487394957982
89790 314757 161767 1114 119 30000 66000 34311.688 12106 12670 9517.932 2 83 1000 9.218487394957982
90073 308707 162028 1116 120 30000 66000 34291.908 12138 12708 9549.022 0 81 1000 9.266666666666667
90217 314571 161992 1122 120 30000 66000 34310.595 12348 12888 9803.725 1 84 1000 9.266666666666667
89952 313594 161316 1127 120 30000 66000 34326.293 12480 13024 9868.655 2 80 1000 9.266666666666667
90026 312384 161377 1132 121 30000 66000 34315.789 12600 13148 9958.609 1 80 1000 9.338842975206612
90287 305997 161773 1136 121 30000 66000 34328.446 12621 13185 9974.726 1 80 1000 9.338842975206612
90346 305781 161633 1142 121 30000 66000 34347.570 12764 13323 10116.892 1 83 1000 9.338842975206612
90349 305550 161445 1146 121 30000 66000 34254.062 12866 13448 10167.661 1 80 1000 9.338842975206612
90811 311851 162171 1155 121 30000 66000 34228.996 13058 13645 10424.816 3 84 1000 9.338842975206612
90757 305764 162082 1159 122 30000 66000 34214.765 13111 13664 10337.159 0 81 1000 9.401639344262295
91067 312260 162238 1164 122 30000 66000 34230.539 13319 13893 10518.441 3 83 1000 9.401639344262295
91141 311745 162332 1169 122 30000 66000 34246.431 13451 14042 10617.538 2 80 1000 9.401639344262295
91796 312634 163419 1175 123 30000 66000 34238.491 13585 14156 10739.274 1 82 1000 9.487804878048781
92137 306626 163908 1181 123 30000 66000 34230.478 13633 14200 10766.262 0 81 1000 9.487804878048781
92033 305759 163492 1187 123 30000 66000 34194.973 13774 14359 10836.464 2 84 1000 9.487804878048781
92000 305892 163509 1189 124 30000 66000 34201.373 13906 14481 10866.474 0 78 1000 9.564516129032258
92137 312537 163413 1194 124 30000 66000 34217.458 14119 14730 11093.049 3 79 1000 9.564516129032258
92454 312147 164036 1195 124 30000 66000 34220.690 14254 14861 11129.735 1 78 1000 9.564516129032258
92443 311103 163793 1198 124 30000 66000 34230.415 14395 14992 11300.798 1 79 1000 9.564516129032258
92788 310973 164198 1199 125 30000 66000 34205.995 14539 15089 11395.274 2 81 1000 9.632
93061 304975 164551 1202 125 30000 66000 34215.716 14561 15148 11501.283 0 77 1000 9.632
92678 304277 163614 1211 125 30000 66000 34245.151 14710 15309 11682.237 1 76 1000 9.632
92757 304288 163606 1213 125 30000 66000 34195.804 14856 15429 11644.298 1 77 1000 9.632
92805 310905 163925 1217 126 30000 66000 34124.708 15070 15672 11886.361 3 76 1000 9.706349206349206
93075 310848 164339 1222 126 30000 66000 34140.845 15240 15785 12025.063 2 78 1000 9.706349206349206
93301 304805 164544 1227 126 30000 66000 34157.109 15248 15870 12062.271 0 75 1000 9.706349206349206
93440 304339 164679 1229 126 30000 66000 34135.327 15400 15992 12128.237 0 74 1000 9.706349206349206
93516 309687 164545 1229 126 30000 66000 34050.354 15630 16226 12295.457 3 75 1000 9.706349206349206
93432 302803 164498 1235 127 30000 66000 34069.565 15673 16279 12467.889 0 75 1000 9.811023622047244
93388 302420 164333 1237 128 30000 66000 34047.506 15848 16469 12505.153 2 77 1000 9.8515625
93590 302342 164631 1239 128 30000 66000 33939.730 15981 16551 12646.757 1 77 1000 9.8515625
94038 308760 165166 1243 128 30000 66000 33866.348 16242 16856 12904.817 2 77 1000 9.8515625
94107 302051 165418 1249 129 30000 66000 33884.892 16305 16864 12979.728 0 77 1000 9.953488372093023
93973 301809 165016 1252 129 30000 66000 33894.231 16416 17005 13028.788 2 74 1000 9.953488372093023
94189 301127 165196 1252 129 30000 66000 33894.231 16556 17160 13118.482 1 76 1000 9.953488372093023
94396 300869 165327 1258 129 30000 66000 33913.043 16718 17306 13366.572 1 76 1000 9.953488372093023
94447 300465 165420 1261 130 30000 66000 33748.184 16860 17449 13425.469 1 75 1000 10.038461538461538
94205 300138 164921 1265 130 30000 66000 33760.324 16966 17598 13578.332 1 73 1000 10.038461538461538
94274 305816 164916 1270 130 30000 66000 33775.610 17288 17846 13809.062 3 77 1000 10.038461538461538
94533 300127 165215 1275 131 30000 66000 33702.857 17306 17903 13849.245 0 72 1000 10.129770992366412
94581 306786 165241 1286 131 30000 66000 33736.409 17562 18188 14077.885 3 75 1000 10.129770992366412
94671 305991 165465 1289 131 30000 66000 33745.665 17722 18329 14031.908 1 74 1000 10.129770992366412
94882 300008 165684 1291 131 30000 66000 33751.861 17775 18375 14081.421 1 72 1000 10.129770992366412
95037 305520 165817 1296 131 30000 66000 33767.442 18017 18646 14345.947 3 71 1000 10.129770992366412
95203 299139 165708 1300 132 30000 66000 33720.000 18030 18676 14373.999 1 70 1000 10.234848484848484
95095 298795 165377 1307 132 30000 66000 33741.827 18219 18843 14547.833 0 70 1000 10.234848484848484
95232 298526 165430 1313 132 30000 66000 33760.741 18395 18998 14605.734 1 70 1000 10.234848484848484
95009 303806 164878 1322 133 30000 66000 33697.793 18650 19258 14829.671 2 71 1000 10.31578947368421
95008 296738 164869 1324 133 30000 66000 33704.082 18680 19298 14744.119 0 72 1000 10.31578947368421
94985 296220 164750 1330 133 30000 66000 33723.077 18824 19466 14929.271 1 71 1000 10.31578947368421
95366 296842 165417 1335 134 30000 66000 33739.056 19004 19640 15034.058 2 72 1000 10.395522388059701
95447 296448 165722 1342 134 30000 66000 33761.658 19175 19815 15181.999 2 74 1000 10.395522388059701
95790 303088 166160 1346 134 30000 66000 33431.542 19407 20111 15349.750 1 73 1000 10.395522388059701
96011 302991 166448 1353 135 30000 66000 33326.940 19624 20249 15507.185 1 75 1000 10.444444444444445
96143 296967 166603 1359 135 30000 66000 33344.435 19659 20308 15516.356 0 70 1000 10.444444444444445
96092 295986 166473 1363 135 30000 66000 33324.538 19835 20454 15582.234 1 71 1000 10.444444444444445
96344 297110 166833 1369 136 30000 66000 33278.515 20013 20624 15750.201 1 71 1000 10.514705882352942
96641 302688 167252 1372 136 30000 66000 33287.234 20308 20931 15925.859 1 74 1000 10.514705882352942
97057 297143 167876 1375 136 30000 66000 33296.000 20318 20975 15994.078 0 72 1000 10.514705882352942
97116 302872 167975 1377 136 30000 66000 33301.870 20615 21268 16189.060 3 71 1000 10.514705882352942
96684 301055 167030 1383 136 30000 66000 33319.606 20786 21439 16391.662 1 70 1000 10.514705882352942
96831 294905 167068 1389 137 30000 66000 33305.131 20805 21500 16423.320 0 71 1000 10.569343065693431
96939 295235 167186 1393 137 30000 66000 33317.073 21045 21694 16516.125 1 69 1000 10.569343065693431
97244 295538 167425 1399 137 30000 66000 33269.755 21206 21888 16688.165 1 69 1000 10.569343065693431
97084 295302 167254 1402 138 30000 66000 33213.115 21385 22010 16781.597 1 67 1000 10.630434782608695
97122 295392 167383 1411 138 30000 66000 33206.612 21547 22191 16994.791 1 67 1000 10.630434782608695
97100 301078 167205 1417 138 30000 66000 33191.136 21849 22477 17144.057 2 68 1000 10.630434782608695
97505 301522 167661 1420 138 30000 66000 33200.000 22010 22655 17244.884 1 68 1000 10.630434782608695
97559 294987 167979 1423 139 30000 66000 33208.914 22050 22728 17313.025 1 67 1000 10.683453237410072
97694 300815 168023 1427 139 30000 66000 33220.876 22365 23045 17584.379 3 70 1000 10.683453237410072
97282 293053 167311 1432 139 30000 66000 33235.955 22439 23065 17647.267 0 67 1000 10.683453237410072
97311 292825 167320 1437 140 30000 66000 33251.176 22644 23311 17793.392 0 69 1000 10.757142857142858
97334 292578 167231 1439 140 30000 66000 33257.304 22740 23456 17910.502 0 66 1000 10.757142857142858
97298 292347 167176 1445 140 30000 66000 33275.829 23002 23642 18112.824 2 67 1000 10.757142857142858
97172 292943 167036 1448 141 30000 66000 33250.951 23175 23842 18224.593 1 68 1000 10.829787234042554
97168 292496 167051 1451 141 30000 66000 33225.929 23341 24019 18385.684 1 67 1000 10.829787234042554
97101 291687 166794 1456 141 30000 66000 33206.897 23541 24185 18567.248 1 67 1000 10.829787234042554
97236 292328 166857 1461 142 30000 66000 33222.329 23724 24372 18718.574 0 67 1000 10.901408450704226
97216 292403 166607 1463 142 30000 66000 33228.544 23918 24580 18815.873 1 64 1000 10.901408450704226
97548 293181 167133 1467 142 30000 66000 33241.045 24103 24766 19025.166 1 66 1000 10.901408450704226
97927 299959 167618 1470 142 30000 66000 33250.485 24369 25127 19297.837 1 68 1000 10.901408450704226
98247 293936 168225 1475 142 30000 66000 33266.341 24471 25168 19387.095 0 67 1000 10.901408450704226
97819 293639 167511 1475 142 30000 66000 33266.341 24716 25359 19484.608 1 65 1000 10.901408450704226
97830 293854 167873 1479 143 30000 66000 33279.138 24865 25552 19725.264 1 65 1000 10.958041958041958
97899 294062 167925 1486 144 30000 66000 33195.266 25091 25729 19904.546 1 66 1000 11.020833333333334
97995 299945 167816 1489 144 30000 66000 33204.748 25403 26081 20107.765 3 69 1000 11.020833333333334
97805 298484 167528 1495 144 30000 66000 33080.597 25597 26292 20306.386 0 67 1000 11.020833333333334
98094 292142 167849 1498 144 30000 66000 33017.964 25614 26322 20287.469 1 64 1000 11.020833333333334
97588 291457 167228 1501 145 30000 66000 33027.027 25852 26501 20464.710 1 64 1000 11.075862068965517
97508 290961 166843 1503 145 30000 66000 33033.099 26040 26741 20639.956 1 64 1000 11.075862068965517
97332 296239 166544 1509 145 30000 66000 33051.463 26371 27033 20960.656 2 65 1000 11.075862068965517
97660 290233 167027 1511 146 30000 66000 33057.634 26401 27111 20973.962 1 65 1000 11.136986301369863
97632 288997 166918 1518 146 30000 66000 32932.790 26629 27288 21202.453 1 63 1000 11.136986301369863
97695 294226 166983 1523 146 30000 66000 32910.952 26951 27644 21423.272 3 65 1000 11.136986301369863
97843 293466 167149 1525 146 30000 66000 32916.923 27156 27801 21563.652 1 64 1000 11.136986301369863
98339 294101 168146 1527 147 30000 66000 32737.924 27328 28028 21765.417 1 66 1000 11.183673469387756
98612 293998 168531 1530 147 30000 66000 32746.392 27493 28205 21969.273 1 65 1000 11.183673469387756
98526 286824 168208 1533 147 30000 66000 32754.912 27559 28346 22047.288 0 65 1000 11.183673469387756
98719 292591 168412 1536 147 30000 66000 32763.485 27912 28645 22327.317 3 64 1000 11.183673469387756
98875 287045 168687 1542 148 30000 66000 32668.058 27988 28710 22422.813 0 61 1000 11.256756756756756
98707 286832 168205 1548 148 30000 66000 32684.874 28218 28903 22517.603 1 60 1000 11.256756756756756
98846 293802 168312 1551 149 30000 66000 32693.361 28579 29274 22781.333 2 61 1000 11.302013422818792
99213 293734 168793 1555 149 30000 66000 32704.762 28824 29488 22978.337 1 62 1000 11.302013422818792
99382 293606 168833 1560 149 30000 66000 32680.851 28945 29742 23175.615 0 63 1000 11.302013422818792
99763 293130 169291 1566 150 30000 66000 32698.073 29198 29930 23330.255 1 62 1000 11.386666666666667
100077 293618 169905 1568 150 30000 66000 32703.863 29414 30169 23468.915 1 60 1000 11.386666666666667
100169 287144 170054 1571 150 30000 66000 32673.843 29507 30212 23571.048 0 61 1000 11.386666666666667
100303 293588 170153 1578 150 30000 66000 32694.143 29897 30596 23913.241 3 63 1000 11.386666666666667
100783 293568 170931 1583 150 30000 66000 32708.833 30110 30813 24038.448 1 63 1000 11.386666666666667
100521 293891 170455 1587 151 30000 66000 32720.701 30330 31042 24184.022 1 63 1000 11.450331125827814
100517 293002 170327 1590 151 30000 66000 32729.670 30517 31246 24363.226 1 61 1000 11.450331125827814
100459 286494 170080 1595 151 30000 66000 32704.972 30534 31348 24453.172 0 62 1000 11.450331125827814
100757 287268 170591 1602 151 30000 66000 32685.969 30833 31553 24603.423 1 60 1000 11.450331125827814
101019 292668 171129 1604 152 30000 66000 32691.964 31190 31945 24854.887 2 59 1000 11.532894736842104
101157 293030 171296 1608 152 30000 66000 32704.036 31452 32152 25094.962 1 59 1000 11.532894736842104
101386 287297 171883 1611 153 30000 66000 32713.161 31537 32248 25163.893 0 59 1000 11.601307189542483
101513 293613 171907 1613 153 30000 66000 32719.278 31920 32612 25468.394 3 61 1000 11.601307189542483
101671 287688 172187 1618 153 30000 66000 32734.694 31889 32738 25578.824 1 61 1000 11.601307189542483
101788 288075 172396 1621 153 30000 66000 32703.072 32195 32937 25752.593 1 61 1000 11.601307189542483
102095 294481 172944 1626 154 30000 66000 32636.156 32580 33318 26104.975 2 62 1000 11.655844155844155
102224 294204 173229 1630 154 30000 66000 32565.517 32808 33537 26281.101 1 61 1000 11.655844155844155
102405 294459 173431 1636 154 30000 66000 32416.667 33029 33820 26489.597 1 60 1000 11.655844155844155
102534 287879 173641 1640 154 30000 66000 32386.047 33099 33854 26524.012 0 58 1000 11.655844155844155
102348 287579 173299 1642 154 30000 66000 32391.608 33378 34086 26686.920 1 59 1000 11.655844155844155
101994 286511 172543 1644 154 30000 66000 32397.196 33603 34370 26927.332 2 60 1000 11.655844155844155
101907 293495 172266 1648 155 30000 66000 32408.451 34058 34767 27315.428 2 60 1000 11.741935483870968
101741 293051 172073 1652 156 30000 66000 32419.811 34234 34979 27514.749 1 59 1000 11.782051282051283
101713 286613 171957 1655 156 30000 66000 32428.402 34299 35050 27585.947 0 58 1000 11.782051282051283
101541 286436 171593 1657 156 30000 66000 32434.164 34574 35300 27729.002 1 58 1000 11.782051282051283
101718 293324 171916 1662 157 30000 66000 32448.687 34998 35787 28116.039 3 61 1000 11.834394904458598
101772 286728 172013 1665 157 30000 66000 32414.371 35055 35784 28170.194 0 59 1000 11.834394904458598
101937 293087 172464 1668 157 30000 66000 32423.077 35475 36213 28450.275 2 60 1000 11.834394904458598
101739 286531 172219 1671 158 30000 66000 32431.846 35541 36346 28540.683 0 61 1000 11.89240506329114
101708 286359 172030 1675 158 30000 66000 32443.636 35794 36521 28701.226 1 57 1000 11.89240506329114
101844 286651 172220 1676 158 30000 66000 32446.602 36060 36767 28920.224 1 57 1000 11.89240506329114
102270 293511 173106 1683 159 30000 66000 32467.564 36401 37230 29327.234 2 59 1000 11.962264150943396
102364 287913 173365 1685 159 30000 66000 32473.620 36538 37302 29351.984 0 58 1000 11.962264150943396
102259 287654 172894 1689 159 30000 66000 32485.820 36787 37533 29520.172 2 59 1000 11.962264150943396
102255 293582 172731 1693 160 30000 66000 32498.141 37207 37992 29885.194 1 62 1000 12.0375
102077 286976 172304 1697 160 30000 66000 32376.090 37300 38040 29961.431 0 58 1000 12.0375
102452 293953 172869 1699 160 30000 66000 32382.022 37750 38534 30282.059 3 61 1000 12.0375
102220 287359 172321 1701 161 30000 66000 32387.985 37834 38622 30392.637 0 59 1000 12.099378881987578
101988 287258 172012 1704 161 30000 66000 32396.985 38081 38878 30587.884 1 59 1000 12.099378881987578
102034 286618 171950 1707 161 30000 66000 32406.053 38315 39124 30823.270 0 60 1000 12.099378881987578
101879 286650 171566 1710 162 30000 66000 32415.190 38620 39393 31063.402 1 58 1000 12.148148148148149
102018 292396 171795 1714 162 30000 66000 32427.481 39054 39789 31448.327 0 58 1000 12.148148148148149
102239 292467 172119 1717 162 30000 66000 32390.805 39265 40103 31659.384 1 60 1000 12.148148148148149
102335 292299 172302 1719 162 30000 66000 32396.927 39552 40378 31894.251 1 60 1000 12.148148148148149
102726 292682 173068 1724 163 30000 66000 32412.371 39762 40670 32160.981 1 60 1000 12.196319018404909
102673 292356 172877 1724 163 30000 66000 32412.371 40152 40896 32379.754 1 57 1000 12.196319018404909
102304 291668 172211 1726 163 30000 66000 32418.605 40392 41188 32692.810 1 56 1000 12.196319018404909
102290 291272 172046 1734 163 30000 66000 32443.864 40638 41431 32946.026 1 57 1000 12.196319018404909
102645 291527 172672 1737 163 30000 66000 32453.473 40953 41722 33114.294 1 57 1000 12.196319018404909
102986 291327 173271 1741 164 30000 66000 32418.972 41207 41994 33371.995 1 57 1000 12.237804878048781
103170 291451 173768 1745 164 30000 66000 32336.424 41487 42265 33609.962 1 57 1000 12.237804878048781
103304 285405 173808 1748 164 30000 66000 32345.745 41552 42389 33695.844 0 56 1000 12.237804878048781
103422 292137 174174 1751 164 30000 66000 32355.140 41952 42854 34084.513 3 58 1000 12.237804878048781
103557 286320 174356 1753 165 30000 66000 32361.446 42147 42898 34191.159 0 54 1000 12.303030303030303
103729 286567 174733 1759 165 30000 66000 32380.567 42394 43183 34383.644 1 55 1000 12.303030303030303
103699 292599 174719 1761 165 30000 66000 32387.009 42910 43634 34757.792 2 57 1000 12.303030303030303
103980 286011 175280 1763 165 30000 66000 32344.640 42899 43801 34881.393 1 58 1000 12.303030303030303
104432 293361 176033 1764 165 30000 66000 32298.913 43320 44244 35343.778 2 57 1000 12.303030303030303
104472 287264 176052 1768 165 30000 66000 32213.115 43559 44324 35479.769 0 54 1000 12.303030303030303
104717 287580 176480 1768 166 30000 66000 32213.115 43814 44626 35719.066 1 55 1000 12.373493975903614
104722 294661 176652 1771 167 30000 66000 32222.222 44299 45080 36202.675 2 56 1000 12.431137724550899
104450 287933 176277 1774 167 30000 66000 32181.818 44367 45210 36305.567 0 56 1000 12.431137724550899
104380 287979 176156 1777 167 30000 66000 32190.871 44680 45465 36528.218 1 55 1000 12.431137724550899
104357 294783 176041 1783 167 30000 66000 32209.205 45202 45982 36979.082 1 56 1000 12.431137724550899
104300 288046 175846 1787 167 30000 66000 32171.108 45243 46070 37030.868 0 56 1000 12.431137724550899
104396 294500 176072 1788 167 30000 66000 32174.157 45756 46622 37403.438 2 57 1000 12.431137724550899
104545 294140 176402 1789 168 30000 66000 32177.215 46069 46900 37717.755 1 56 1000 12.464285714285714
104568 293842 176353 1796 169 30000 66000 32198.864 46316 47200 38021.813 1 58 1000 12.520710059171599
104831 294095 176682 1800 169 30000 66000 32211.429 46644 47504 38242.068 1 57 1000 12.520710059171599
